0 1 1.0 
0 3 2.0 
0 5 3.0 
0 18 4.0 
0 50 7.0 
0 203 9.0 
0 442 12.0 
3 2055 15.0 
5 3468 16.0 
7 4404 17.0 
7 4418 22.0 
8 5012 23.0 
10 6343 28.0 
13 8106 30.0 
14 8711 31.0 
15 9458 34.0 
17 10438 35.0 
18 11031 36.0 
18 11147 37.0 
18 11316 38.0 
19 11800 42.0 
20 12470 44.0 
21 13075 45.0 
21 13114 46.0 
23 14175 47.0 
26 16034 48.0 
28 17099 49.0 
28 17225 50.0 
28 17320 51.0 
29 17738 52.0 
32 19620 53.0 
33 20370 54.0 
34 20631 55.0 
34 20866 56.0 
37 22581 58.0 
37 22619 61.0 
38 23088 66.0 
42 25488 67.0 
44 26996 70.0 
45 27267 71.0 
48 29388 72.0 
49 29653 79.0 
54 32608 81.0 
56 33824 86.0 
58 35014 87.0 
59 35605 89.0 
59 35985 93.0 
63 38018 95.0 
64 38758 98.0 
66 40189 100.0 
==== END RUN ====
0 1 3.0 
0 3 4.0 
0 41 5.0 
0 52 6.0 
0 111 10.0 
3 2041 13.0 
3 2253 14.0 
3 2398 16.0 
5 3202 17.0 
7 4458 20.0 
9 5707 23.0 
12 7422 24.0 
12 7535 25.0 
12 7661 26.0 
14 8723 27.0 
14 8919 28.0 
15 9398 29.0 
16 9882 30.0 
16 10002 33.0 
19 11722 34.0 
19 11798 36.0 
21 12883 39.0 
22 13654 40.0 
23 14047 41.0 
25 15249 45.0 
27 16446 46.0 
29 17739 47.0 
30 18323 51.0 
32 19567 55.0 
34 20724 56.0 
35 21380 58.0 
37 22455 61.0 
39 23933 64.0 
41 24909 65.0 
43 26174 70.0 
46 27844 72.0 
47 28552 74.0 
48 29366 75.0 
49 29602 76.0 
49 29666 77.0 
51 30844 78.0 
51 30978 79.0 
52 31731 82.0 
54 32777 83.0 
54 32841 89.0 
59 35869 90.0 
60 36417 97.0 
62 37595 100.0 
==== END RUN ====
0 1 1.0 
0 6 5.0 
0 66 8.0 
0 401 12.0 
4 2607 13.0 
4 2639 16.0 
4 2751 21.0 
8 5212 23.0 
9 5657 27.0 
13 8230 31.0 
16 10086 32.0 
18 11038 33.0 
18 11104 34.0 
20 12316 35.0 
20 12386 36.0 
20 12560 37.0 
22 13735 38.0 
23 14062 39.0 
24 14951 40.0 
25 15476 42.0 
26 15942 45.0 
28 17343 46.0 
29 17628 47.0 
29 17714 52.0 
30 18442 54.0 
36 21819 57.0 
38 23261 59.0 
40 24302 60.0 
41 24894 64.0 
43 26251 65.0 
44 26950 67.0 
45 27571 70.0 
49 29913 72.0 
51 31062 73.0 
52 31407 76.0 
54 32702 81.0 
54 32752 83.0 
58 35102 85.0 
59 35967 87.0 
62 37766 88.0 
63 38161 89.0 
64 38885 90.0 
65 39207 97.0 
67 40550 99.0 
68 41142 100.0 
==== END RUN ====
0 1 0.0 
0 3 3.0 
0 31 5.0 
0 211 6.0 
0 291 7.0 
1 828 9.0 
1 933 13.0 
4 2926 14.0 
5 3240 15.0 
5 3476 19.0 
6 3812 24.0 
10 6353 25.0 
10 6487 26.0 
13 8295 27.0 
13 8320 30.0 
16 10110 31.0 
17 10521 32.0 
18 11071 34.0 
19 11677 37.0 
20 12462 38.0 
21 12841 45.0 
25 15488 47.0 
26 16000 48.0 
27 16418 51.0 
29 17630 53.0 
30 18562 54.0 
31 18885 55.0 
32 19553 56.0 
32 19639 57.0 
34 20949 59.0 
37 22489 63.0 
38 23114 68.0 
44 26659 73.0 
46 27850 79.0 
50 30473 80.0 
==== END RUN ====
0 1 0.0 
0 3 2.0 
0 52 4.0 
0 105 8.0 
0 191 9.0 
1 931 11.0 
3 2173 12.0 
3 2180 13.0 
4 2706 14.0 
5 3254 15.0 
5 3354 21.0 
7 4667 23.0 
8 5266 24.0 
10 6420 25.0 
11 7146 26.0 
12 7644 31.0 
14 8721 32.0 
15 9452 33.0 
16 9962 34.0 
18 11074 36.0 
18 11227 38.0 
19 11782 40.0 
22 13414 41.0 
22 13797 43.0 
24 14832 45.0 
27 16505 46.0 
27 16698 47.0 
28 17180 49.0 
29 17933 51.0 
30 18591 54.0 
32 19726 55.0 
33 20062 58.0 
36 21962 60.0 
36 22189 63.0 
41 24880 64.0 
41 24947 65.0 
42 25670 67.0 
42 25763 70.0 
44 26662 71.0 
45 27242 74.0 
45 27254 76.0 
47 28621 77.0 
49 29680 79.0 
50 30256 80.0 
51 31023 81.0 
52 31609 82.0 
53 32281 83.0 
56 33850 85.0 
56 34043 86.0 
56 34179 88.0 
57 34473 89.0 
58 35391 91.0 
59 35757 93.0 
59 35998 95.0 
61 36873 96.0 
62 37502 97.0 
62 37530 99.0 
63 38088 100.0 
==== END RUN ====
0 1 0.0 
0 2 1.0 
0 4 3.0 
0 5 5.0 
0 7 6.0 
0 32 8.0 
0 341 10.0 
1 950 11.0 
2 1459 12.0 
2 1653 13.0 
3 2018 20.0 
7 4783 21.0 
8 5082 22.0 
9 5693 26.0 
11 7150 27.0 
12 7413 33.0 
13 8274 34.0 
16 9947 35.0 
16 10070 37.0 
18 11031 38.0 
20 12204 39.0 
20 12333 40.0 
21 13187 41.0 
22 13797 43.0 
26 15910 45.0 
27 16557 47.0 
29 17720 49.0 
30 18221 54.0 
32 19674 56.0 
34 20778 58.0 
37 22409 63.0 
37 22582 64.0 
41 24858 66.0 
42 25774 67.0 
44 26682 68.0 
44 26698 70.0 
47 28498 74.0 
47 28630 75.0 
49 29644 76.0 
49 29667 77.0 
49 29736 78.0 
50 30357 79.0 
51 31155 80.0 
53 32066 81.0 
55 33333 82.0 
55 33533 83.0 
55 33557 86.0 
56 33978 91.0 
61 36915 92.0 
62 37431 93.0 
62 37701 94.0 
62 37717 100.0 
==== END RUN ====
0 1 0.0 
0 2 1.0 
0 5 2.0 
0 30 3.0 
0 44 4.0 
0 45 6.0 
0 86 7.0 
0 435 8.0 
1 964 9.0 
1 1020 11.0 
2 1737 12.0 
2 1753 15.0 
4 2687 20.0 
5 3291 22.0 
10 6201 24.0 
10 6338 25.0 
11 6821 27.0 
13 8080 28.0 
15 9233 29.0 
15 9488 38.0 
19 11776 39.0 
19 11856 42.0 
23 14370 43.0 
25 15249 47.0 
29 17608 49.0 
31 18950 50.0 
31 19104 53.0 
32 19793 54.0 
33 20190 56.0 
36 22104 57.0 
37 22546 58.0 
39 23663 59.0 
40 24270 63.0 
43 26176 66.0 
45 27281 67.0 
45 27381 68.0 
46 28138 69.0 
46 28190 71.0 
47 28701 72.0 
51 30850 76.0 
51 30972 77.0 
53 32220 80.0 
54 32745 81.0 
==== END RUN ====
0 1 0.0 
0 2 2.0 
0 5 4.0 
0 57 5.0 
0 93 6.0 
0 393 7.0 
0 497 9.0 
2 1414 10.0 
2 1640 12.0 
2 1783 13.0 
4 2865 14.0 
5 3448 15.0 
6 3901 18.0 
6 3922 19.0 
7 4441 21.0 
9 5754 22.0 
10 6363 23.0 
11 6862 24.0 
12 7405 25.0 
12 7588 26.0 
12 7783 28.0 
15 9251 32.0 
17 10530 34.0 
17 10651 35.0 
19 11725 37.0 
19 11849 38.0 
20 12251 40.0 
21 12995 42.0 
23 14263 43.0 
25 15270 44.0 
25 15476 46.0 
27 16435 52.0 
30 18202 57.0 
34 20779 58.0 
35 21221 59.0 
36 21825 60.0 
37 22416 61.0 
37 22493 62.0 
38 23003 63.0 
38 23185 64.0 
40 24499 65.0 
42 25600 67.0 
44 26731 70.0 
45 27302 71.0 
45 27474 72.0 
45 27597 73.0 
49 29690 74.0 
49 29699 76.0 
50 30268 77.0 
52 31704 78.0 
54 32644 79.0 
55 33255 80.0 
56 33840 83.0 
56 33940 84.0 
58 35056 86.0 
58 35134 87.0 
61 36802 88.0 
61 37061 92.0 
62 37740 93.0 
63 38025 95.0 
65 39310 97.0 
67 40719 98.0 
69 41607 99.0 
71 42846 100.0 
==== END RUN ====
0 1 2.0 
0 8 3.0 
0 51 4.0 
0 54 5.0 
0 83 6.0 
0 242 7.0 
0 314 10.0 
2 1654 11.0 
4 2713 13.0 
4 2808 17.0 
5 3234 20.0 
8 5074 22.0 
9 5832 23.0 
10 6305 24.0 
11 6863 26.0 
11 6957 30.0 
15 9589 33.0 
18 11106 37.0 
19 11869 38.0 
21 12898 39.0 
21 12979 43.0 
22 13716 45.0 
24 14611 46.0 
24 14847 49.0 
27 16449 51.0 
28 17019 52.0 
28 17050 54.0 
29 17978 55.0 
31 18925 56.0 
31 19074 62.0 
35 21558 63.0 
36 22197 67.0 
39 23754 69.0 
39 23863 76.0 
44 26975 78.0 
47 28408 79.0 
47 28561 81.0 
48 29072 83.0 
49 29655 84.0 
52 31404 85.0 
52 31542 86.0 
53 32070 87.0 
54 32697 88.0 
54 32886 90.0 
57 34461 91.0 
==== END RUN ====
0 1 0.0 
0 3 1.0 
0 6 3.0 
0 13 5.0 
0 56 8.0 
0 90 9.0 
1 829 10.0 
1 1186 12.0 
3 2106 16.0 
5 3275 17.0 
5 3347 18.0 
5 3589 20.0 
7 4620 23.0 
7 4679 24.0 
9 5645 25.0 
12 7404 27.0 
12 7747 28.0 
13 8199 30.0 
14 8664 32.0 
15 9553 36.0 
20 12298 37.0 
21 12893 38.0 
21 13094 39.0 
22 13735 40.0 
23 14224 45.0 
25 15221 46.0 
27 16435 48.0 
30 18213 53.0 
33 20165 54.0 
34 20609 55.0 
34 20653 59.0 
35 21374 60.0 
38 23160 62.0 
38 23164 64.0 
41 24832 65.0 
43 26090 66.0 
43 26114 70.0 
44 26790 71.0 
45 27271 72.0 
46 27881 77.0 
50 30457 78.0 
52 31741 80.0 
53 32082 81.0 
55 33354 82.0 
56 33858 84.0 
56 34047 85.0 
57 34668 86.0 
58 35069 89.0 
60 36233 90.0 
60 36385 91.0 
60 36469 96.0 
63 38137 98.0 
63 38298 99.0 
66 39941 100.0 
==== END RUN ====
0 1 0.0 
0 2 2.0 
0 6 4.0 
0 9 10.0 
0 288 12.0 
3 2260 15.0 
5 3557 17.0 
6 3902 19.0 
8 5051 20.0 
8 5177 23.0 
9 5708 25.0 
10 6299 28.0 
12 7524 29.0 
13 8047 30.0 
14 8650 31.0 
15 9280 32.0 
15 9321 34.0 
16 9845 35.0 
17 10545 39.0 
19 11635 44.0 
23 14076 45.0 
23 14153 49.0 
24 14886 50.0 
26 15805 51.0 
26 16152 52.0 
27 16413 53.0 
27 16652 58.0 
29 17678 60.0 
30 18489 62.0 
34 20634 65.0 
35 21250 68.0 
39 23607 71.0 
40 24415 72.0 
41 24901 78.0 
45 27586 81.0 
46 27965 84.0 
48 29299 87.0 
49 29718 88.0 
51 30896 89.0 
51 31010 96.0 
54 32733 98.0 
55 33409 100.0 
==== END RUN ====
0 1 1.0 
0 5 3.0 
0 33 7.0 
0 94 8.0 
1 1021 10.0 
2 1611 12.0 
4 2645 14.0 
6 3922 15.0 
6 3950 16.0 
7 4404 17.0 
7 4514 20.0 
9 5893 22.0 
11 7082 23.0 
12 7492 24.0 
12 7575 25.0 
12 7581 28.0 
14 8914 29.0 
15 9224 35.0 
19 11966 36.0 
21 12830 39.0 
22 13579 42.0 
25 15387 46.0 
27 16689 53.0 
33 20147 55.0 
34 20632 58.0 
37 22525 60.0 
38 23137 62.0 
39 23692 64.0 
42 25573 69.0 
43 26212 71.0 
44 26607 72.0 
46 28005 74.0 
47 28703 76.0 
49 29897 78.0 
49 29948 79.0 
53 32056 80.0 
53 32093 81.0 
54 32628 82.0 
56 33836 83.0 
57 34644 86.0 
58 35007 88.0 
62 37628 89.0 
63 38058 90.0 
67 40465 91.0 
68 41072 92.0 
==== END RUN ====
0 1 1.0 
0 7 3.0 
0 32 4.0 
0 73 7.0 
0 229 8.0 
0 555 9.0 
1 1130 11.0 
4 2679 14.0 
6 3892 16.0 
7 4494 19.0 
8 5150 20.0 
8 5369 21.0 
10 6442 22.0 
11 6839 24.0 
12 7552 28.0 
14 8760 31.0 
15 9478 32.0 
16 9839 33.0 
18 11065 35.0 
19 11822 38.0 
22 13521 39.0 
23 14255 40.0 
24 14898 41.0 
26 15845 42.0 
26 15967 43.0 
27 16414 48.0 
27 16778 51.0 
31 19184 52.0 
32 19411 54.0 
32 19463 56.0 
34 20621 61.0 
34 20874 62.0 
36 22064 64.0 
40 24260 65.0 
40 24319 67.0 
41 24938 68.0 
42 25553 69.0 
43 26364 71.0 
44 26888 75.0 
46 28106 78.0 
48 29186 81.0 
50 30346 83.0 
50 30486 84.0 
52 31447 85.0 
53 32040 86.0 
53 32250 87.0 
53 32255 89.0 
54 32880 94.0 
59 35989 99.0 
60 36510 100.0 
==== END RUN ====
0 1 0.0 
0 2 2.0 
0 3 3.0 
0 32 4.0 
0 36 7.0 
0 47 15.0 
5 3490 16.0 
5 3538 17.0 
6 3975 18.0 
7 4782 19.0 
8 5030 23.0 
10 6253 26.0 
11 7036 28.0 
14 8849 30.0 
14 8971 33.0 
18 11002 34.0 
18 11008 39.0 
20 12224 42.0 
20 12533 43.0 
22 13485 44.0 
22 13532 45.0 
22 13680 46.0 
26 15938 47.0 
27 16467 49.0 
27 16513 52.0 
28 17088 55.0 
29 17755 56.0 
32 19429 57.0 
32 19767 64.0 
34 20807 66.0 
35 21313 69.0 
39 23601 70.0 
39 23850 73.0 
40 24335 74.0 
42 25452 75.0 
42 25612 77.0 
43 26338 78.0 
45 27240 81.0 
46 27878 82.0 
47 28632 86.0 
51 31142 87.0 
52 31683 88.0 
54 32619 89.0 
54 32755 90.0 
55 33362 92.0 
57 34504 96.0 
59 35735 98.0 
60 36598 99.0 
62 37595 100.0 
==== END RUN ====
0 1 1.0 
0 11 4.0 
0 38 8.0 
0 42 9.0 
1 1190 10.0 
3 2004 11.0 
3 2227 12.0 
4 2704 15.0 
4 2761 17.0 
7 4530 19.0 
8 5023 21.0 
8 5273 23.0 
9 5686 25.0 
9 5713 26.0 
11 6964 27.0 
13 8104 28.0 
14 8943 30.0 
16 9833 31.0 
16 9856 32.0 
16 10156 36.0 
18 11021 38.0 
20 12276 42.0 
23 14149 43.0 
24 14684 44.0 
25 15291 46.0 
25 15365 49.0 
27 16766 50.0 
29 17977 51.0 
29 17990 52.0 
31 18886 53.0 
32 19442 54.0 
32 19487 59.0 
35 21230 60.0 
35 21324 61.0 
36 21958 62.0 
37 22683 65.0 
38 23050 66.0 
40 24283 70.0 
41 25162 71.0 
42 25477 73.0 
43 26314 75.0 
45 27493 76.0 
48 29270 78.0 
49 29601 82.0 
54 32815 83.0 
55 33381 85.0 
55 33478 86.0 
56 33853 88.0 
59 35958 91.0 
60 36587 92.0 
62 37579 94.0 
62 37650 95.0 
63 38023 96.0 
64 38604 97.0 
65 39477 99.0 
67 40627 100.0 
==== END RUN ====
0 1 0.0 
0 2 1.0 
0 13 2.0 
0 14 3.0 
0 28 12.0 
2 1422 13.0 
2 1476 14.0 
4 2935 24.0 
11 7061 25.0 
12 7404 27.0 
14 8747 28.0 
14 8765 32.0 
17 10441 35.0 
19 11640 39.0 
22 13451 41.0 
24 14790 42.0 
24 14794 43.0 
25 15502 44.0 
26 16166 45.0 
27 16718 46.0 
29 17816 49.0 
33 20088 50.0 
34 20819 52.0 
36 22001 53.0 
38 23133 58.0 
43 26390 60.0 
44 26911 61.0 
44 26947 62.0 
45 27271 68.0 
50 30354 69.0 
51 30843 70.0 
51 31034 72.0 
52 31732 74.0 
53 32104 75.0 
53 32196 76.0 
53 32246 84.0 
58 35076 85.0 
60 36494 87.0 
61 36869 93.0 
62 37449 94.0 
65 39250 97.0 
68 41042 99.0 
68 41185 100.0 
==== END RUN ====
0 1 0.0 
0 2 2.0 
0 4 3.0 
0 22 4.0 
0 59 8.0 
1 858 9.0 
2 1484 17.0 
6 3853 18.0 
6 4199 19.0 
7 4439 23.0 
9 5725 24.0 
10 6294 27.0 
10 6484 29.0 
13 8090 31.0 
13 8196 33.0 
15 9327 34.0 
16 9878 35.0 
16 10099 37.0 
17 10776 40.0 
20 12560 44.0 
22 13576 45.0 
24 14618 46.0 
24 14697 47.0 
25 15229 48.0 
25 15502 50.0 
27 16736 54.0 
29 17663 55.0 
30 18227 56.0 
30 18241 58.0 
32 19753 59.0 
36 21878 60.0 
36 21906 61.0 
36 21960 63.0 
36 22167 64.0 
38 23213 67.0 
39 23865 71.0 
40 24332 73.0 
41 24819 74.0 
43 26001 75.0 
44 26620 76.0 
46 27812 78.0 
46 28021 81.0 
50 30457 84.0 
51 30835 85.0 
52 31549 86.0 
53 32080 89.0 
55 33312 91.0 
58 35053 92.0 
58 35193 93.0 
60 36506 95.0 
61 36868 97.0 
61 37198 98.0 
63 38010 100.0 
==== END RUN ====
0 1 1.0 
0 2 2.0 
0 15 4.0 
0 19 5.0 
0 37 6.0 
0 455 7.0 
1 977 8.0 
1 1077 9.0 
2 1475 14.0 
4 2761 16.0 
6 3868 17.0 
6 3984 18.0 
7 4476 21.0 
9 5765 24.0 
10 6289 25.0 
12 7741 26.0 
13 8014 28.0 
13 8057 30.0 
15 9512 32.0 
16 9868 34.0 
18 11361 37.0 
20 12409 38.0 
21 12886 42.0 
23 14062 46.0 
26 15866 48.0 
29 17779 51.0 
30 18261 58.0 
32 19755 62.0 
35 21367 64.0 
40 24232 66.0 
==== END RUN ====
0 1 0.0 
0 2 1.0 
0 17 3.0 
0 30 4.0 
0 44 6.0 
0 54 10.0 
3 2148 15.0 
5 3301 19.0 
6 3833 20.0 
8 5020 21.0 
10 6207 22.0 
10 6212 24.0 
11 7013 25.0 
11 7089 30.0 
13 8269 35.0 
17 10501 36.0 
18 11036 37.0 
18 11098 40.0 
21 12822 42.0 
22 13667 43.0 
22 13711 44.0 
23 14180 45.0 
23 14348 49.0 
25 15454 51.0 
26 16042 52.0 
27 16659 55.0 
27 16726 56.0 
29 17725 57.0 
30 18310 58.0 
31 19114 59.0 
32 19437 60.0 
32 19525 61.0 
32 19529 63.0 
34 20817 66.0 
37 22404 67.0 
39 23710 69.0 
40 24371 72.0 
43 26185 73.0 
44 26883 74.0 
44 26907 76.0 
46 27852 77.0 
47 28649 81.0 
49 29810 84.0 
54 32774 85.0 
54 32835 93.0 
57 34781 95.0 
61 36808 99.0 
61 37054 100.0 
==== END RUN ====
0 1 1.0 
0 2 3.0 
0 43 9.0 
2 1404 11.0 
3 2159 12.0 
3 2172 15.0 
4 2783 17.0 
5 3230 18.0 
6 3959 22.0 
8 5372 23.0 
9 5732 25.0 
9 5905 29.0 
14 8852 31.0 
15 9232 33.0 
16 10042 35.0 
18 11221 36.0 
19 11677 37.0 
19 11682 39.0 
19 11840 40.0 
20 12347 41.0 
22 13530 42.0 
24 14637 45.0 
24 14896 46.0 
25 15323 47.0 
25 15527 48.0 
27 16645 49.0 
28 17017 51.0 
28 17057 53.0 
30 18241 54.0 
31 18940 61.0 
32 19490 63.0 
35 21467 72.0 
41 24898 77.0 
43 26087 78.0 
44 26938 79.0 
45 27458 81.0 
48 29127 82.0 
49 29686 84.0 
50 30219 85.0 
51 30928 86.0 
52 31597 88.0 
53 32200 90.0 
54 32817 91.0 
55 33377 92.0 
57 34602 93.0 
57 34721 94.0 
58 35365 96.0 
59 35658 98.0 
59 35666 100.0 
==== END RUN ====
0 1 0.0 
0 2 1.0 
0 25 2.0 
0 42 3.0 
0 43 4.0 
0 60 7.0 
0 95 8.0 
1 889 10.0 
2 1562 14.0 
3 2186 16.0 
6 3924 17.0 
7 4419 19.0 
7 4732 20.0 
8 5059 21.0 
8 5264 22.0 
8 5278 23.0 
9 5630 24.0 
10 6271 25.0 
10 6291 27.0 
11 7145 29.0 
15 9261 30.0 
16 9891 32.0 
16 10061 33.0 
17 10477 34.0 
18 11165 35.0 
19 11767 36.0 
19 11940 38.0 
21 13007 49.0 
24 14989 50.0 
27 16649 52.0 
29 17691 55.0 
30 18526 57.0 
34 20644 58.0 
34 20646 60.0 
35 21336 62.0 
36 22186 67.0 
43 26039 70.0 
44 26649 73.0 
46 27972 75.0 
47 28521 77.0 
47 28662 80.0 
48 29278 81.0 
52 31579 82.0 
53 32051 83.0 
53 32157 84.0 
54 32776 85.0 
54 32918 86.0 
56 34173 87.0 
57 34776 90.0 
59 35607 91.0 
60 36286 92.0 
61 36851 93.0 
62 37742 100.0 
==== END RUN ====
0 1 0.0 
0 2 1.0 
0 5 3.0 
0 30 4.0 
0 35 5.0 
0 126 7.0 
0 280 10.0 
2 1470 11.0 
2 1781 12.0 
5 3231 15.0 
6 4003 20.0 
9 5798 21.0 
10 6254 22.0 
10 6529 23.0 
11 6963 24.0 
11 7143 26.0 
14 8680 28.0 
15 9410 30.0 
17 10476 31.0 
17 10491 39.0 
23 14035 40.0 
24 14633 41.0 
24 14645 47.0 
25 15304 48.0 
29 17785 49.0 
31 18934 51.0 
31 19034 54.0 
34 20831 56.0 
35 21408 58.0 
36 22088 60.0 
37 22538 64.0 
39 23696 67.0 
40 24342 69.0 
41 24812 77.0 
48 29175 78.0 
49 29848 80.0 
52 31558 82.0 
53 32223 83.0 
55 33259 85.0 
55 33357 88.0 
59 35629 90.0 
61 36930 91.0 
61 37065 97.0 
62 37419 99.0 
66 39821 100.0 
==== END RUN ====
0 1 1.0 
0 3 2.0 
0 12 3.0 
0 28 5.0 
0 106 6.0 
0 121 12.0 
3 2047 13.0 
4 2779 14.0 
4 2839 20.0 
8 5361 25.0 
13 8270 26.0 
13 8278 28.0 
14 8605 31.0 
16 9974 33.0 
17 10563 34.0 
18 11030 35.0 
18 11123 37.0 
21 12925 38.0 
22 13563 41.0 
23 14147 42.0 
25 15345 45.0 
27 16491 46.0 
27 16547 47.0 
28 17183 48.0 
29 17844 51.0 
29 17991 53.0 
30 18285 55.0 
32 19430 58.0 
34 20698 63.0 
36 21887 64.0 
37 22669 68.0 
39 23689 69.0 
40 24232 71.0 
40 24276 72.0 
41 24880 75.0 
42 25479 77.0 
43 26091 78.0 
45 27349 79.0 
46 28150 80.0 
47 28522 81.0 
47 28766 84.0 
48 29398 85.0 
49 29624 86.0 
50 30365 88.0 
52 31552 90.0 
53 32072 92.0 
53 32369 94.0 
55 33583 99.0 
60 36368 100.0 
==== END RUN ====
0 1 0.0 
0 2 2.0 
0 15 4.0 
0 30 5.0 
0 116 7.0 
0 356 9.0 
2 1430 13.0 
4 2625 14.0 
4 2798 15.0 
6 3918 17.0 
7 4713 19.0 
9 5643 21.0 
9 5721 22.0 
10 6318 23.0 
10 6375 24.0 
11 7007 28.0 
13 8344 29.0 
16 9802 30.0 
17 10623 31.0 
17 10678 32.0 
18 11069 33.0 
18 11161 35.0 
20 12264 36.0 
20 12275 41.0 
21 12989 44.0 
25 15261 45.0 
25 15421 46.0 
26 16060 48.0 
26 16093 50.0 
28 17133 51.0 
29 17941 54.0 
31 18856 55.0 
32 19712 58.0 
36 21824 59.0 
38 23046 60.0 
38 23055 61.0 
39 23742 62.0 
40 24226 66.0 
42 25700 67.0 
43 26032 71.0 
44 26947 74.0 
46 28185 75.0 
47 28459 76.0 
48 29089 77.0 
49 29977 78.0 
50 30221 79.0 
50 30595 80.0 
52 31406 81.0 
52 31496 82.0 
53 32096 83.0 
53 32132 90.0 
56 33955 93.0 
58 35301 97.0 
==== END RUN ====
0 1 1.0 
0 3 2.0 
0 8 3.0 
0 54 5.0 
0 87 6.0 
0 90 9.0 
2 1415 13.0 
2 1593 14.0 
4 2797 15.0 
5 3513 16.0 
6 4100 17.0 
7 4435 18.0 
8 5254 20.0 
9 5962 21.0 
10 6285 22.0 
11 6929 23.0 
11 7049 24.0 
12 7499 25.0 
12 7542 28.0 
12 7723 29.0 
14 8955 30.0 
15 9259 33.0 
17 10412 35.0 
18 11038 36.0 
18 11043 37.0 
20 12236 39.0 
20 12244 40.0 
20 12303 41.0 
20 12455 42.0 
21 12861 43.0 
21 12999 44.0 
22 13742 45.0 
24 14756 52.0 
27 16729 53.0 
29 17704 55.0 
30 18215 56.0 
31 18894 57.0 
32 19426 58.0 
33 20330 59.0 
35 21322 61.0 
37 22625 62.0 
38 23305 63.0 
38 23309 66.0 
39 23820 67.0 
40 24244 68.0 
41 25142 71.0 
44 26673 72.0 
45 27493 73.0 
46 27896 77.0 
49 29707 78.0 
50 30392 80.0 
51 30925 82.0 
51 30927 84.0 
51 31060 85.0 
52 31420 86.0 
52 31611 87.0 
53 32213 88.0 
57 34617 89.0 
59 35691 91.0 
60 36367 92.0 
62 37424 94.0 
62 37726 96.0 
67 40652 97.0 
68 41166 98.0 
68 41284 100.0 
==== END RUN ====
0 1 2.0 
0 2 3.0 
0 13 7.0 
0 421 9.0 
0 424 13.0 
4 2672 14.0 
4 2800 16.0 
4 2953 17.0 
5 3425 19.0 
7 4542 23.0 
9 5759 24.0 
10 6339 25.0 
11 7099 26.0 
11 7134 27.0 
13 8361 30.0 
14 8713 32.0 
17 10433 33.0 
17 10570 35.0 
17 10586 36.0 
18 11190 37.0 
19 11738 41.0 
23 14322 42.0 
25 15217 44.0 
26 15867 45.0 
27 16573 52.0 
32 19662 53.0 
33 20170 54.0 
35 21285 63.0 
39 23623 65.0 
41 24847 66.0 
42 25503 67.0 
43 26359 69.0 
46 27842 71.0 
47 28416 72.0 
48 29297 75.0 
50 30373 77.0 
50 30458 80.0 
51 31018 84.0 
56 33889 86.0 
56 33987 87.0 
58 35385 89.0 
59 35619 90.0 
59 35703 91.0 
59 35999 93.0 
62 37657 94.0 
64 38797 95.0 
66 39841 98.0 
67 40684 100.0 
==== END RUN ====
0 1 0.0 
0 2 1.0 
0 5 8.0 
0 256 9.0 
1 1081 12.0 
3 2043 14.0 
3 2314 15.0 
4 2884 16.0 
5 3464 17.0 
7 4421 18.0 
7 4777 21.0 
8 5136 22.0 
9 5616 24.0 
9 5647 25.0 
9 5871 26.0 
10 6419 27.0 
11 6822 28.0 
11 7064 29.0 
12 7424 30.0 
13 8044 34.0 
16 10113 36.0 
20 12201 38.0 
20 12547 39.0 
21 12886 40.0 
21 13082 41.0 
22 13625 42.0 
22 13787 43.0 
23 14068 44.0 
23 14127 45.0 
24 14878 48.0 
27 16671 49.0 
27 16732 50.0 
28 17138 54.0 
32 19424 57.0 
33 20361 58.0 
35 21546 61.0 
38 23108 62.0 
39 23698 63.0 
41 24852 64.0 
41 24901 66.0 
42 25727 67.0 
44 26653 68.0 
44 26999 69.0 
45 27258 70.0 
45 27370 71.0 
45 27487 76.0 
46 27998 80.0 
49 29673 91.0 
55 33266 94.0 
59 35706 95.0 
60 36229 97.0 
60 36266 98.0 
61 36834 99.0 
61 36978 100.0 
==== END RUN ====
0 1 0.0 
0 3 1.0 
0 14 3.0 
0 33 6.0 
0 179 7.0 
0 202 8.0 
0 233 9.0 
1 921 10.0 
2 1483 12.0 
3 2142 13.0 
5 3303 17.0 
6 3964 18.0 
7 4648 20.0 
7 4674 21.0 
8 5297 24.0 
11 6907 26.0 
13 8019 36.0 
18 11201 37.0 
19 11741 39.0 
21 13167 42.0 
22 13654 45.0 
25 15225 46.0 
25 15589 47.0 
27 16436 48.0 
27 16476 49.0 
28 17032 50.0 
28 17222 58.0 
32 19676 60.0 
35 21353 61.0 
36 21970 62.0 
37 22460 63.0 
38 23051 64.0 
39 23655 66.0 
39 23992 68.0 
40 24366 69.0 
42 25421 70.0 
42 25692 72.0 
42 25761 73.0 
44 26695 74.0 
44 26827 75.0 
47 28705 76.0 
48 29052 78.0 
49 29707 83.0 
51 30881 84.0 
51 31095 86.0 
55 33268 88.0 
55 33453 89.0 
56 33955 90.0 
57 34464 91.0 
57 34508 93.0 
60 36341 94.0 
62 37422 97.0 
62 37517 100.0 
==== END RUN ====
0 1 4.0 
0 5 8.0 
1 902 9.0 
1 934 10.0 
2 1672 12.0 
4 2609 16.0 
5 3339 17.0 
6 3876 18.0 
7 4739 19.0 
9 5608 20.0 
9 5623 24.0 
10 6507 27.0 
13 8043 31.0 
15 9240 33.0 
15 9379 34.0 
16 9978 36.0 
17 10513 37.0 
19 11628 38.0 
19 11834 43.0 
22 13777 45.0 
23 14061 47.0 
24 14746 48.0 
26 16072 49.0 
27 16430 50.0 
28 17153 51.0 
30 18219 52.0 
30 18384 55.0 
31 18938 63.0 
36 22065 64.0 
37 22448 65.0 
37 22798 68.0 
38 23257 70.0 
41 24928 73.0 
43 26093 74.0 
46 27842 75.0 
48 29018 76.0 
48 29238 79.0 
50 30402 80.0 
51 31060 81.0 
52 31738 83.0 
53 32018 90.0 
57 34722 91.0 
59 35652 92.0 
59 35697 96.0 
59 35755 100.0 
==== END RUN ====
0 1 2.0 
0 4 4.0 
0 8 11.0 
3 2255 12.0 
3 2334 13.0 
4 2870 14.0 
5 3437 15.0 
5 3455 16.0 
6 3955 17.0 
7 4624 18.0 
9 5639 22.0 
12 7456 25.0 
12 7741 27.0 
14 8890 28.0 
14 8970 29.0 
15 9416 30.0 
16 9810 31.0 
16 9946 32.0 
17 10716 33.0 
18 11203 34.0 
19 11749 35.0 
19 11817 36.0 
19 11914 39.0 
21 12911 42.0 
24 14745 43.0 
24 14959 45.0 
25 15286 49.0 
29 17632 50.0 
29 17657 51.0 
30 18211 55.0 
30 18359 58.0 
31 19192 60.0 
34 20720 64.0 
36 21918 65.0 
37 22444 66.0 
38 23099 68.0 
39 23623 70.0 
39 23903 73.0 
42 25601 76.0 
43 26013 77.0 
44 26864 80.0 
48 29242 81.0 
49 29607 83.0 
50 30535 88.0 
52 31458 89.0 
55 33441 92.0 
58 35075 94.0 
58 35108 95.0 
59 35629 97.0 
59 35701 99.0 
62 37613 100.0 
==== END RUN ====
0 1 0.0 
0 2 3.0 
0 10 4.0 
0 33 6.0 
0 84 7.0 
0 321 11.0 
0 543 12.0 
3 2249 15.0 
5 3363 17.0 
8 5053 18.0 
8 5398 19.0 
9 5623 20.0 
9 5783 22.0 
9 5858 26.0 
13 8203 29.0 
14 8806 30.0 
14 8907 32.0 
16 9839 35.0 
20 12274 38.0 
20 12366 40.0 
23 14157 41.0 
23 14358 42.0 
24 14648 43.0 
25 15205 44.0 
26 15908 45.0 
27 16547 46.0 
29 17685 47.0 
29 17772 49.0 
30 18375 50.0 
30 18376 51.0 
31 18844 57.0 
32 19753 60.0 
37 22404 61.0 
37 22736 62.0 
39 23601 63.0 
39 23971 65.0 
40 24243 66.0 
41 25038 68.0 
42 25456 69.0 
42 25528 72.0 
43 26199 73.0 
46 27866 74.0 
47 28697 79.0 
50 30359 80.0 
53 32277 81.0 
54 32673 83.0 
55 33408 86.0 
56 34060 87.0 
57 34528 89.0 
59 35964 91.0 
61 37002 92.0 
62 37694 93.0 
63 38015 97.0 
63 38255 100.0 
==== END RUN ====
0 1 0.0 
0 2 1.0 
0 8 5.0 
0 195 6.0 
0 337 8.0 
1 892 9.0 
2 1418 10.0 
3 2026 12.0 
3 2188 14.0 
4 2872 18.0 
6 3975 19.0 
6 4070 22.0 
8 5087 25.0 
10 6312 26.0 
11 6801 28.0 
11 7061 29.0 
12 7791 32.0 
14 8989 33.0 
16 9932 34.0 
16 10080 39.0 
20 12297 41.0 
22 13490 42.0 
23 14068 44.0 
24 14613 45.0 
24 14730 46.0 
24 14848 48.0 
26 16003 51.0 
27 16646 53.0 
28 17056 55.0 
28 17280 57.0 
32 19456 58.0 
32 19779 60.0 
34 20836 62.0 
34 20896 66.0 
37 22586 68.0 
43 26381 70.0 
44 26676 72.0 
46 28014 76.0 
47 28726 78.0 
48 29092 80.0 
48 29101 81.0 
50 30364 83.0 
50 30414 86.0 
52 31579 87.0 
53 32216 89.0 
53 32225 91.0 
54 32635 93.0 
56 34094 95.0 
59 35668 97.0 
59 35718 99.0 
60 36324 100.0 
==== END RUN ====
0 1 0.0 
0 4 3.0 
0 5 7.0 
0 401 9.0 
2 1492 11.0 
3 2061 12.0 
3 2130 13.0 
4 2750 17.0 
6 4064 23.0 
7 4533 26.0 
11 6896 27.0 
11 7025 30.0 
13 8047 31.0 
13 8341 35.0 
17 10785 37.0 
19 11856 40.0 
19 11995 41.0 
23 14005 42.0 
23 14125 44.0 
24 14661 47.0 
24 14898 50.0 
28 17187 55.0 
32 19489 57.0 
35 21270 58.0 
36 21811 67.0 
38 23379 68.0 
39 23998 69.0 
43 26087 70.0 
44 26629 72.0 
44 26681 74.0 
44 26689 80.0 
50 30209 81.0 
52 31576 82.0 
53 32016 84.0 
54 32710 85.0 
54 32939 86.0 
55 33260 87.0 
55 33405 89.0 
59 35618 90.0 
59 35770 92.0 
60 36372 95.0 
63 38090 97.0 
==== END RUN ====
0 1 1.0 
0 8 2.0 
0 12 5.0 
0 101 7.0 
1 871 8.0 
1 927 9.0 
2 1432 10.0 
2 1758 11.0 
3 2008 12.0 
3 2167 14.0 
4 2768 17.0 
6 3810 19.0 
7 4470 20.0 
8 5070 21.0 
9 5806 22.0 
11 6841 23.0 
11 7014 24.0 
12 7733 30.0 
17 10448 31.0 
17 10518 32.0 
18 11053 33.0 
18 11309 36.0 
20 12381 37.0 
20 12498 38.0 
22 13712 39.0 
23 14022 43.0 
27 16451 44.0 
28 17004 45.0 
28 17088 46.0 
29 17754 48.0 
31 18909 50.0 
31 19109 51.0 
33 20021 56.0 
36 21846 57.0 
36 22054 59.0 
40 24210 60.0 
40 24325 62.0 
42 25466 65.0 
45 27342 66.0 
46 27866 67.0 
46 28047 72.0 
49 29650 76.0 
49 29852 77.0 
49 29990 81.0 
54 32881 82.0 
57 34571 84.0 
58 35082 86.0 
59 35720 87.0 
60 36420 90.0 
61 37052 92.0 
62 37409 94.0 
63 38243 95.0 
67 40589 96.0 
68 41093 97.0 
71 42903 98.0 
71 43039 100.0 
==== END RUN ====
0 1 0.0 
0 2 1.0 
0 3 4.0 
0 19 5.0 
0 72 6.0 
0 114 7.0 
0 191 9.0 
0 293 12.0 
0 421 15.0 
3 2296 19.0 
6 3968 20.0 
7 4416 32.0 
14 8866 33.0 
16 9814 34.0 
17 10412 37.0 
20 12204 40.0 
22 13408 44.0 
25 15288 45.0 
25 15347 46.0 
26 15946 47.0 
27 16558 48.0 
28 17350 50.0 
30 18209 51.0 
30 18288 52.0 
32 19605 54.0 
34 20752 57.0 
35 21532 59.0 
37 22423 60.0 
37 22712 63.0 
38 23048 64.0 
41 24803 65.0 
41 24993 66.0 
42 25508 67.0 
44 26654 68.0 
47 28537 70.0 
48 29043 75.0 
52 31590 76.0 
53 32080 77.0 
54 32708 78.0 
55 33598 79.0 
56 33880 82.0 
58 35180 83.0 
59 35893 84.0 
59 35963 85.0 
==== END RUN ====
0 1 0.0 
0 3 2.0 
0 8 4.0 
0 87 6.0 
0 192 9.0 
0 461 12.0 
1 1105 14.0 
4 2775 15.0 
4 2888 18.0 
5 3313 21.0 
8 5305 22.0 
9 5972 24.0 
10 6411 25.0 
12 7489 26.0 
13 8066 27.0 
13 8186 28.0 
14 8694 29.0 
14 8945 33.0 
16 10106 34.0 
18 11017 35.0 
18 11077 37.0 
19 11606 38.0 
19 11671 43.0 
23 14339 44.0 
24 14707 45.0 
24 14735 46.0 
25 15217 49.0 
26 16178 50.0 
27 16480 51.0 
28 17132 53.0 
29 17876 58.0 
31 18924 60.0 
31 19059 61.0 
35 21258 63.0 
37 22468 67.0 
40 24337 72.0 
41 25159 76.0 
44 26923 79.0 
46 27946 81.0 
48 29008 82.0 
50 30241 85.0 
52 31426 86.0 
52 31565 88.0 
52 31724 90.0 
54 32834 91.0 
56 34174 92.0 
57 34457 93.0 
59 35640 95.0 
61 36804 96.0 
61 36887 97.0 
61 36952 99.0 
63 38157 100.0 
==== END RUN ====
0 1 0.0 
0 3 1.0 
0 10 2.0 
0 11 4.0 
0 46 5.0 
0 91 10.0 
2 1692 13.0 
4 2633 14.0 
5 3322 15.0 
6 3864 16.0 
6 4058 17.0 
6 4129 18.0 
6 4183 19.0 
7 4582 21.0 
8 5157 22.0 
9 5714 23.0 
10 6254 25.0 
10 6262 27.0 
13 8021 29.0 
13 8359 32.0 
14 8960 34.0 
15 9293 35.0 
17 10469 36.0 
18 11310 38.0 
20 12225 41.0 
21 13036 42.0 
23 14119 45.0 
24 14648 46.0 
24 14913 48.0 
25 15526 50.0 
27 16430 53.0 
29 17758 54.0 
30 18572 55.0 
32 19608 57.0 
32 19658 59.0 
32 19769 61.0 
35 21255 66.0 
35 21320 67.0 
38 23166 71.0 
38 23206 76.0 
40 24432 77.0 
41 25154 80.0 
44 26817 81.0 
45 27222 82.0 
49 29815 83.0 
49 29925 86.0 
50 30313 89.0 
55 33470 90.0 
56 33879 92.0 
57 34510 94.0 
58 35100 95.0 
59 35623 98.0 
59 35778 99.0 
61 37077 100.0 
==== END RUN ====
0 1 1.0 
0 3 2.0 
0 6 9.0 
1 926 12.0 
2 1749 13.0 
4 2616 15.0 
4 2952 16.0 
5 3509 17.0 
6 3869 18.0 
7 4402 21.0 
7 4605 24.0 
12 7694 27.0 
14 8914 28.0 
15 9461 29.0 
16 9881 32.0 
18 11090 34.0 
19 11719 36.0 
20 12465 40.0 
24 14694 41.0 
24 14972 44.0 
27 16441 47.0 
27 16537 48.0 
29 17647 49.0 
31 19193 50.0 
32 19435 51.0 
33 20050 52.0 
33 20115 53.0 
35 21317 54.0 
36 21866 56.0 
36 21922 59.0 
38 23351 61.0 
39 23815 66.0 
41 24900 67.0 
43 26054 69.0 
44 26601 72.0 
46 27938 75.0 
48 29196 76.0 
49 29767 77.0 
50 30351 78.0 
51 30908 79.0 
52 31409 87.0 
54 32959 89.0 
57 34731 90.0 
58 35104 91.0 
59 35759 93.0 
==== END RUN ====
0 1 0.0 
0 4 1.0 
0 5 2.0 
0 7 4.0 
0 19 7.0 
1 932 8.0 
1 940 9.0 
2 1646 14.0 
4 2985 15.0 
5 3244 16.0 
6 3888 20.0 
6 3943 21.0 
7 4739 23.0 
9 5963 25.0 
10 6453 26.0 
12 7433 31.0 
13 8131 37.0 
16 10159 39.0 
18 11042 40.0 
20 12491 41.0 
21 12825 45.0 
23 14176 46.0 
24 14729 47.0 
25 15239 51.0 
25 15271 56.0 
30 18244 57.0 
31 18903 58.0 
32 19429 59.0 
33 20034 63.0 
35 21373 72.0 
40 24230 74.0 
41 25143 77.0 
42 25429 82.0 
46 28002 83.0 
48 29051 84.0 
48 29077 85.0 
49 29625 86.0 
49 29911 87.0 
50 30292 89.0 
50 30524 90.0 
51 30999 91.0 
51 31178 100.0 
==== END RUN ====
0 1 2.0 
0 2 3.0 
0 11 6.0 
0 79 7.0 
0 151 8.0 
2 1488 11.0 
3 2308 12.0 
4 2724 13.0 
4 2750 14.0 
5 3219 15.0 
5 3442 16.0 
6 3917 19.0 
9 5971 22.0 
10 6281 24.0 
12 7522 25.0 
13 8288 26.0 
14 8910 27.0 
15 9337 28.0 
15 9379 29.0 
16 9879 30.0 
17 10627 34.0 
18 11054 36.0 
19 11753 38.0 
20 12541 43.0 
25 15269 47.0 
26 15985 49.0 
27 16580 50.0 
28 17020 51.0 
29 17938 56.0 
33 20144 58.0 
33 20190 64.0 
37 22532 65.0 
38 23056 67.0 
39 23640 68.0 
39 23818 69.0 
41 24824 71.0 
42 25539 73.0 
43 26330 75.0 
44 26671 77.0 
45 27262 78.0 
46 28041 79.0 
48 29012 80.0 
49 29739 81.0 
49 29743 85.0 
52 31560 88.0 
53 32226 89.0 
55 33381 91.0 
55 33576 92.0 
56 33881 96.0 
58 35398 100.0 
==== END RUN ====
0 1 2.0 
0 5 5.0 
0 90 9.0 
1 842 11.0 
2 1718 15.0 
4 2949 16.0 
4 2961 18.0 
6 3802 21.0 
8 5177 22.0 
8 5184 23.0 
9 5720 24.0 
10 6210 25.0 
11 6823 26.0 
11 6828 27.0 
12 7489 30.0 
12 7731 31.0 
14 8830 32.0 
14 8965 33.0 
15 9228 34.0 
16 9858 35.0 
17 10503 36.0 
17 10671 37.0 
19 11697 38.0 
19 11820 39.0 
20 12373 40.0 
21 12993 45.0 
24 14655 46.0 
24 14900 47.0 
25 15491 48.0 
26 15943 49.0 
26 16034 52.0 
29 17724 54.0 
30 18227 55.0 
==== END RUN ====
0 1 2.0 
0 7 4.0 
0 84 7.0 
0 165 10.0 
0 376 11.0 
3 2217 12.0 
3 2342 13.0 
5 3256 17.0 
6 3822 19.0 
9 5617 20.0 
9 5676 21.0 
9 5979 22.0 
11 6810 25.0 
11 6890 27.0 
13 8325 28.0 
15 9218 29.0 
16 9828 30.0 
16 9856 31.0 
16 9955 35.0 
18 11042 37.0 
19 11894 40.0 
21 13169 42.0 
23 14073 43.0 
23 14101 44.0 
23 14155 46.0 
25 15355 47.0 
25 15490 48.0 
27 16435 50.0 
27 16468 53.0 
30 18456 54.0 
31 19186 55.0 
32 19566 57.0 
34 20850 58.0 
35 21249 64.0 
38 23153 75.0 
44 26737 76.0 
45 27526 79.0 
46 28104 80.0 
47 28590 85.0 
50 30264 86.0 
50 30279 89.0 
52 31715 90.0 
53 32104 91.0 
54 32816 94.0 
54 32860 96.0 
57 34521 100.0 
==== END RUN ====
0 1 0.0 
0 2 2.0 
0 4 3.0 
0 9 4.0 
0 14 5.0 
0 42 9.0 
0 161 14.0 
5 3395 15.0 
6 3833 17.0 
6 4088 18.0 
7 4653 19.0 
7 4760 23.0 
9 5995 24.0 
12 7519 25.0 
12 7535 31.0 
15 9448 33.0 
18 11324 34.0 
20 12310 35.0 
20 12596 36.0 
21 12856 40.0 
22 13448 41.0 
22 13487 42.0 
22 13776 43.0 
24 14740 45.0 
24 14864 46.0 
26 16184 48.0 
27 16412 53.0 
27 16474 55.0 
29 17923 58.0 
32 19724 59.0 
35 21256 61.0 
36 21864 63.0 
36 21905 64.0 
37 22557 66.0 
40 24316 68.0 
40 24512 69.0 
41 25093 70.0 
43 26057 73.0 
45 27232 74.0 
45 27421 76.0 
47 28472 77.0 
47 28681 83.0 
50 30474 85.0 
51 31008 86.0 
53 32148 87.0 
53 32236 92.0 
57 34449 93.0 
57 34493 95.0 
58 35228 96.0 
59 35681 97.0 
60 36332 98.0 
62 37430 99.0 
64 38887 100.0 
==== END RUN ====
0 1 0.0 
0 3 3.0 
0 25 5.0 
0 92 6.0 
0 111 7.0 
0 205 8.0 
0 398 9.0 
1 974 11.0 
1 1002 12.0 
3 2195 13.0 
4 2680 14.0 
6 3817 15.0 
6 3907 16.0 
7 4428 18.0 
7 4573 22.0 
8 5323 23.0 
8 5374 24.0 
12 7500 25.0 
12 7552 26.0 
12 7603 28.0 
13 8023 33.0 
16 9813 34.0 
16 9901 35.0 
17 10428 36.0 
17 10490 39.0 
17 10646 43.0 
23 14015 44.0 
23 14050 49.0 
27 16501 51.0 
28 17050 52.0 
28 17270 53.0 
28 17365 54.0 
30 18208 59.0 
33 20245 60.0 
34 20912 61.0 
35 21402 63.0 
37 22545 64.0 
38 23026 65.0 
38 23135 66.0 
38 23204 68.0 
39 23614 70.0 
40 24201 72.0 
40 24304 73.0 
44 26908 80.0 
47 28547 82.0 
49 29841 84.0 
50 30501 85.0 
51 30808 87.0 
51 30927 90.0 
53 32066 94.0 
57 34451 95.0 
59 35710 96.0 
60 36361 97.0 
60 36363 98.0 
60 36486 100.0 
==== END RUN ====
0 1 0.0 
0 2 1.0 
0 4 2.0 
0 12 3.0 
0 34 4.0 
0 53 8.0 
0 342 12.0 
2 1745 13.0 
3 2197 14.0 
5 3357 18.0 
6 3846 21.0 
9 5815 22.0 
10 6269 23.0 
10 6302 24.0 
12 7434 26.0 
13 8048 28.0 
14 8848 32.0 
15 9371 33.0 
18 11069 37.0 
19 11790 39.0 
20 12376 40.0 
22 13543 43.0 
23 14383 48.0 
28 17117 50.0 
28 17267 55.0 
32 19463 61.0 
37 22418 63.0 
38 23206 66.0 
39 23779 67.0 
41 24878 68.0 
43 26319 69.0 
44 26808 70.0 
45 27221 71.0 
46 27874 73.0 
46 28184 74.0 
47 28430 80.0 
47 28720 83.0 
53 32129 84.0 
53 32214 85.0 
54 32862 86.0 
55 33209 87.0 
55 33578 88.0 
==== END RUN ====
0 1 1.0 
0 3 2.0 
0 4 4.0 
0 47 5.0 
0 78 8.0 
0 292 10.0 
1 824 16.0 
7 4721 19.0 
9 5824 20.0 
10 6467 22.0 
12 7432 24.0 
12 7520 27.0 
15 9212 28.0 
15 9309 30.0 
16 9920 31.0 
17 10687 33.0 
18 11162 36.0 
20 12272 37.0 
20 12448 39.0 
21 12816 43.0 
22 13451 44.0 
25 15313 45.0 
26 15941 47.0 
28 17146 49.0 
29 17952 50.0 
30 18337 51.0 
31 18810 52.0 
32 19477 53.0 
33 20037 54.0 
33 20174 55.0 
34 20632 58.0 
36 22005 62.0 
40 24280 63.0 
40 24494 65.0 
40 24539 69.0 
44 26707 73.0 
45 27229 74.0 
47 28632 76.0 
48 29132 81.0 
49 29663 82.0 
52 31466 84.0 
53 32165 85.0 
55 33434 89.0 
57 34461 90.0 
58 35222 92.0 
59 35663 94.0 
60 36337 95.0 
61 36816 96.0 
61 36919 97.0 
62 37670 98.0 
63 38061 99.0 
63 38089 100.0 
==== END RUN ====
0 1 1.0 
0 3 4.0 
0 9 8.0 
0 172 9.0 
2 1602 10.0 
2 1749 11.0 
3 2155 12.0 
3 2207 13.0 
3 2222 15.0 
6 3859 16.0 
7 4402 18.0 
7 4582 19.0 
9 5641 21.0 
9 5837 22.0 
11 6997 23.0 
13 8057 25.0 
13 8198 26.0 
14 8748 27.0 
15 9307 30.0 
17 10774 32.0 
18 11057 35.0 
19 11940 36.0 
20 12455 37.0 
21 13066 38.0 
25 15232 39.0 
26 16067 43.0 
30 18379 44.0 
30 18401 46.0 
31 18860 47.0 
31 18969 49.0 
33 20218 51.0 
34 20916 55.0 
39 23655 56.0 
40 24368 57.0 
40 24451 58.0 
40 24599 59.0 
42 25791 61.0 
43 26320 62.0 
44 26862 65.0 
45 27531 68.0 
48 29055 69.0 
49 29938 71.0 
49 30000 72.0 
50 30265 73.0 
50 30349 74.0 
52 31472 75.0 
53 32003 76.0 
55 33229 77.0 
55 33508 78.0 
55 33540 79.0 
57 34488 81.0 
57 34526 83.0 
59 35624 84.0 
60 36211 85.0 
61 36827 86.0 
61 36901 89.0 
65 39247 90.0 
66 39876 91.0 
66 40014 93.0 
67 40454 94.0 
68 41180 95.0 
70 42239 100.0 
==== END RUN ====
0 1 3.0 
0 6 5.0 
0 17 8.0 
0 377 13.0 
1 1046 14.0 
2 1794 15.0 
5 3353 17.0 
5 3581 18.0 
7 4437 21.0 
10 6457 22.0 
10 6551 24.0 
12 7488 27.0 
13 8065 28.0 
15 9269 29.0 
15 9284 30.0 
16 9865 32.0 
17 10726 33.0 
18 11186 36.0 
19 11867 37.0 
20 12339 38.0 
21 13077 39.0 
23 14037 40.0 
24 14634 42.0 
25 15333 45.0 
27 16406 48.0 
27 16650 49.0 
28 17166 52.0 
30 18565 53.0 
31 18845 55.0 
32 19497 57.0 
33 20015 58.0 
33 20018 59.0 
34 20842 60.0 
35 21284 64.0 
37 22791 65.0 
38 23141 67.0 
39 23737 69.0 
41 25041 70.0 
43 26281 71.0 
44 26700 72.0 
44 26794 77.0 
46 27844 79.0 
49 29867 81.0 
51 30846 84.0 
54 32741 85.0 
56 34010 86.0 
57 34445 87.0 
57 34779 88.0 
58 35163 91.0 
59 35769 93.0 
62 37728 94.0 
65 39267 97.0 
65 39434 98.0 
66 39849 99.0 
67 40430 100.0 
==== END RUN ====
0 1 1.0 
0 4 2.0 
0 5 5.0 
0 7 6.0 
0 70 7.0 
0 291 8.0 
0 448 10.0 
1 846 13.0 
2 1411 16.0 
4 2709 18.0 
7 4414 19.0 
7 4778 21.0 
9 5844 23.0 
10 6213 26.0 
11 6928 29.0 
12 7539 32.0 
14 8932 33.0 
16 10093 34.0 
18 11022 35.0 
18 11130 38.0 
20 12256 43.0 
22 13669 45.0 
23 14294 46.0 
25 15267 48.0 
25 15465 49.0 
27 16449 50.0 
27 16484 51.0 
27 16626 52.0 
29 17653 53.0 
30 18230 54.0 
30 18494 56.0 
31 18954 61.0 
32 19706 62.0 
33 20386 67.0 
36 22111 69.0 
38 23359 73.0 
44 26892 74.0 
45 27383 78.0 
46 28104 81.0 
52 31590 82.0 
53 32071 83.0 
54 32799 84.0 
54 32971 85.0 
57 34482 86.0 
==== END RUN ====
0 1 1.0 
0 2 2.0 
0 4 3.0 
0 7 4.0 
0 57 6.0 
0 93 9.0 
0 421 10.0 
2 1635 11.0 
3 2084 14.0 
3 2362 18.0 
7 4628 20.0 
8 5190 23.0 
11 6858 25.0 
11 7006 26.0 
12 7437 30.0 
16 10087 34.0 
17 10495 37.0 
21 13109 40.0 
23 14180 41.0 
24 14724 44.0 
25 15204 45.0 
25 15343 46.0 
26 15882 51.0 
30 18495 52.0 
31 19053 54.0 
32 19482 56.0 
33 20002 57.0 
34 20883 59.0 
37 22514 61.0 
39 23669 63.0 
40 24236 66.0 
40 24271 70.0 
44 26819 71.0 
46 27852 73.0 
49 29702 74.0 
49 29787 78.0 
51 30914 79.0 
52 31452 80.0 
53 32288 81.0 
54 32763 82.0 
54 32781 83.0 
54 32846 84.0 
55 33211 85.0 
57 34448 88.0 
58 35006 90.0 
62 37703 93.0 
63 38007 95.0 
63 38288 96.0 
64 38870 100.0 
==== END RUN ====
