0 1 4.0 
0 5 5.0 
0 13 6.0 
1 504 8.0 
4 1976 9.0 
7 3033 10.0 
9 3649 11.0 
14 5786 12.0 
19 7747 13.0 
21 8548 14.0 
69 27714 15.0 
70 28110 17.0 
106 42693 18.0 
122 49140 20.0 
187 74875 21.0 
191 76473 23.0 
193 77249 24.0 
251 100706 25.0 
255 102387 26.0 
278 111426 30.0 
292 117179 33.0 
344 137777 34.0 
403 161339 35.0 
415 166371 38.0 
421 168579 40.0 
490 196315 42.0 
536 214429 44.0 
551 220651 45.0 
600 240268 48.0 
639 255773 49.0 
658 263413 50.0 
663 265565 51.0 
690 276246 52.0 
692 277030 53.0 
712 284987 55.0 
759 303803 57.0 
854 341982 58.0 
857 343078 59.0 
867 347149 60.0 
883 353441 63.0 
904 361907 65.0 
913 365393 67.0 
922 369181 68.0 
953 381431 69.0 
1029 411609 70.0 
1036 414467 71.0 
1076 430766 72.0 
1089 435995 74.0 
1154 461889 77.0 
1216 486691 78.0 
1304 521909 81.0 
1412 565123 82.0 
1463 585393 83.0 
1516 606473 84.0 
1541 616780 89.0 
1564 625625 91.0 
1624 649953 93.0 
1654 661603 95.0 
1697 679175 96.0 
1763 705205 97.0 
1810 724235 99.0 
1852 740983 100.0 
==== END RUN ====
0 1 2.0 
0 25 7.0 
0 44 8.0 
0 60 9.0 
0 64 11.0 
1 538 13.0 
13 5267 14.0 
45 18128 15.0 
62 25019 16.0 
89 35856 18.0 
102 41027 20.0 
125 50245 21.0 
131 52535 22.0 
155 62105 25.0 
169 67669 26.0 
207 83059 27.0 
216 86654 28.0 
220 88085 30.0 
286 114449 33.0 
319 127968 34.0 
327 131196 37.0 
334 133643 40.0 
488 195426 41.0 
496 198521 42.0 
528 211477 49.0 
589 235985 50.0 
596 238439 52.0 
603 241576 56.0 
665 266221 57.0 
676 270683 58.0 
724 289751 59.0 
755 302320 62.0 
821 328635 63.0 
844 337884 66.0 
910 364293 67.0 
995 398171 68.0 
997 398811 69.0 
1009 403865 72.0 
1023 409597 75.0 
1056 422762 76.0 
1081 432679 77.0 
1084 433741 78.0 
1139 455767 80.0 
1181 472721 82.0 
1183 473560 83.0 
1250 500055 85.0 
1307 523133 87.0 
1354 541941 88.0 
1380 552307 90.0 
1436 574547 91.0 
1454 581913 94.0 
1563 625483 96.0 
1588 635311 97.0 
1589 635945 98.0 
1665 666117 99.0 
1714 685885 100.0 
==== END RUN ====
0 1 4.0 
0 25 5.0 
0 50 8.0 
1 463 9.0 
1 489 10.0 
1 654 11.0 
15 6385 12.0 
20 8314 13.0 
23 9247 18.0 
97 39081 19.0 
120 48304 21.0 
148 59566 22.0 
153 61368 25.0 
173 69569 26.0 
227 90922 27.0 
244 98000 28.0 
274 109740 31.0 
298 119392 34.0 
314 125697 35.0 
337 134985 36.0 
373 149530 37.0 
407 162997 39.0 
449 179749 40.0 
470 188266 44.0 
554 221667 45.0 
592 237018 50.0 
714 285977 51.0 
742 297115 53.0 
744 297675 56.0 
814 325825 57.0 
849 339837 60.0 
894 357827 61.0 
901 360625 62.0 
904 361677 63.0 
950 380105 64.0 
981 392657 65.0 
1004 401892 66.0 
1045 418359 67.0 
1095 438292 68.0 
1115 446335 70.0 
1154 461785 72.0 
1220 488113 75.0 
1315 526199 76.0 
1322 529127 78.0 
1418 567520 79.0 
1461 584715 80.0 
1506 602713 85.0 
1570 628315 89.0 
1755 702353 91.0 
1769 707957 92.0 
1788 715527 94.0 
1826 730459 95.0 
1842 736965 97.0 
1921 768441 98.0 
1970 788377 100.0 
==== END RUN ====
0 1 4.0 
0 24 5.0 
0 63 6.0 
0 126 10.0 
2 1135 11.0 
8 3499 13.0 
26 10790 14.0 
44 17712 16.0 
68 27215 18.0 
71 28529 19.0 
111 44738 20.0 
114 45983 26.0 
261 104757 27.0 
290 116332 28.0 
298 119338 30.0 
301 120481 31.0 
325 130346 33.0 
363 145329 34.0 
392 156956 36.0 
394 157780 38.0 
411 164779 39.0 
453 181409 41.0 
488 195378 44.0 
548 219402 47.0 
581 232405 48.0 
639 255872 49.0 
661 264725 50.0 
684 273835 52.0 
698 279507 58.0 
740 296039 60.0 
796 318658 63.0 
805 322037 66.0 
842 336819 67.0 
875 350005 68.0 
895 358097 71.0 
938 375477 72.0 
957 383177 75.0 
1015 406065 76.0 
1083 433528 77.0 
1090 436388 78.0 
1145 458307 79.0 
1184 473907 80.0 
1192 477105 82.0 
1289 515919 83.0 
1336 534723 84.0 
1423 569533 91.0 
1502 601053 94.0 
1542 617137 95.0 
1610 644077 96.0 
1651 660567 98.0 
1670 668049 100.0 
==== END RUN ====
0 1 7.0 
0 46 8.0 
0 241 11.0 
2 1080 12.0 
24 9601 13.0 
52 20937 14.0 
59 23679 17.0 
144 57869 18.0 
167 67188 20.0 
174 69653 21.0 
180 72232 24.0 
213 85271 26.0 
250 100186 27.0 
277 111012 38.0 
407 163187 39.0 
417 166855 40.0 
417 167118 41.0 
440 176013 44.0 
517 206817 45.0 
549 219749 47.0 
603 241510 48.0 
657 263113 50.0 
672 269148 51.0 
701 280644 54.0 
741 296505 55.0 
779 311787 57.0 
800 320376 58.0 
870 348231 59.0 
887 355081 60.0 
895 358334 61.0 
915 366125 62.0 
970 388267 64.0 
989 395843 65.0 
1017 407049 66.0 
1051 420700 68.0 
1058 423379 69.0 
1082 432943 71.0 
1123 449275 73.0 
1149 459925 74.0 
1243 497493 77.0 
1315 526299 78.0 
1350 540095 79.0 
1402 560869 80.0 
1403 561564 83.0 
1442 577071 88.0 
1540 616388 89.0 
1559 623985 91.0 
1574 629643 96.0 
1587 634917 97.0 
1607 642937 99.0 
1674 669769 100.0 
==== END RUN ====
0 1 10.0 
0 375 14.0 
5 2291 17.0 
35 14246 18.0 
77 30817 20.0 
101 40543 21.0 
130 52057 22.0 
157 62949 24.0 
175 70361 25.0 
190 76323 26.0 
209 83629 28.0 
242 96974 31.0 
311 124610 32.0 
316 126509 35.0 
409 163839 36.0 
426 170425 38.0 
469 187982 39.0 
558 223467 40.0 
570 228153 41.0 
596 238768 42.0 
602 240988 43.0 
603 241580 47.0 
632 253148 48.0 
690 276105 50.0 
738 295472 52.0 
845 338053 56.0 
849 339807 58.0 
879 351809 59.0 
886 354635 60.0 
911 364491 62.0 
914 365925 63.0 
984 393807 65.0 
1102 441053 66.0 
1128 451582 68.0 
1158 463568 69.0 
1187 475165 70.0 
1193 477594 72.0 
1241 496557 73.0 
1250 500259 75.0 
1285 514113 77.0 
1297 519051 78.0 
1394 557915 80.0 
1453 581535 81.0 
1470 588347 85.0 
1559 623933 86.0 
1587 635085 87.0 
1595 638341 88.0 
1597 639121 89.0 
1625 650007 90.0 
1638 655541 94.0 
1853 741213 96.0 
1892 756839 97.0 
1922 769200 99.0 
1959 783755 100.0 
==== END RUN ====
0 1 2.0 
0 17 9.0 
6 2495 10.0 
6 2786 14.0 
46 18705 15.0 
82 33086 17.0 
86 34652 18.0 
104 41878 19.0 
117 46884 20.0 
133 53559 21.0 
140 56112 22.0 
159 63743 24.0 
166 66497 25.0 
203 81331 26.0 
241 96467 30.0 
370 148117 33.0 
407 162925 34.0 
497 198939 35.0 
512 204939 36.0 
517 206947 38.0 
553 221522 40.0 
565 226260 44.0 
632 253115 45.0 
649 259868 50.0 
676 270571 51.0 
769 307993 53.0 
799 319679 55.0 
839 335811 56.0 
855 342324 59.0 
935 374237 61.0 
964 385973 62.0 
977 391039 65.0 
1005 402203 66.0 
1032 413156 67.0 
1093 437469 70.0 
1206 482681 71.0 
1237 495069 75.0 
1294 517677 78.0 
1349 539727 81.0 
1411 564703 83.0 
1469 587925 84.0 
1531 612595 85.0 
1547 619139 87.0 
1608 643549 89.0 
1615 646203 92.0 
1672 669163 96.0 
1813 725585 97.0 
1823 729395 99.0 
1845 738387 100.0 
==== END RUN ====
0 1 2.0 
0 5 10.0 
0 246 11.0 
1 496 12.0 
8 3564 13.0 
15 6172 14.0 
53 21536 15.0 
62 24857 16.0 
70 28323 19.0 
178 71585 20.0 
197 78911 23.0 
244 97946 24.0 
259 103671 25.0 
277 110839 26.0 
284 113916 30.0 
391 156772 31.0 
409 163685 32.0 
413 165289 34.0 
425 170335 35.0 
447 179167 36.0 
463 185359 37.0 
470 188289 40.0 
492 196943 42.0 
559 223862 43.0 
589 235653 45.0 
613 245432 48.0 
615 246230 54.0 
731 292617 56.0 
806 322465 58.0 
887 355122 59.0 
924 369833 60.0 
941 376633 64.0 
1117 446975 67.0 
1148 459457 70.0 
1226 490681 77.0 
1238 495553 79.0 
1282 513170 81.0 
1381 552643 83.0 
1472 588917 87.0 
1505 602351 89.0 
1582 633157 91.0 
1639 655685 94.0 
1689 675865 97.0 
1719 687957 98.0 
1783 713593 100.0 
==== END RUN ====
0 1 5.0 
0 254 6.0 
1 718 11.0 
9 3805 12.0 
17 6904 14.0 
29 11824 15.0 
70 28125 21.0 
155 62334 22.0 
187 74933 24.0 
198 79530 28.0 
243 97474 31.0 
327 131164 32.0 
343 137455 35.0 
346 138509 38.0 
420 168318 41.0 
485 194201 42.0 
502 200961 44.0 
539 215794 45.0 
549 219809 51.0 
610 244193 52.0 
640 256284 54.0 
661 264485 55.0 
699 279823 56.0 
725 290367 57.0 
734 293781 59.0 
772 308823 60.0 
777 311091 61.0 
801 320714 63.0 
812 324843 64.0 
899 359751 65.0 
914 365635 68.0 
951 380735 69.0 
975 390259 73.0 
1039 415767 75.0 
1088 435570 76.0 
1096 438599 78.0 
1107 443077 81.0 
1179 471749 83.0 
1210 484029 84.0 
1222 489115 85.0 
1297 518869 87.0 
1381 552753 90.0 
1428 571319 93.0 
1464 585619 94.0 
1525 610127 95.0 
1640 656025 97.0 
1652 661183 100.0 
==== END RUN ====
0 1 2.0 
0 5 6.0 
0 207 9.0 
4 1653 11.0 
13 5243 14.0 
56 22605 17.0 
59 23755 20.0 
59 23951 21.0 
237 95052 24.0 
242 96905 25.0 
251 100749 26.0 
262 105098 27.0 
297 118970 29.0 
309 123955 30.0 
368 147285 31.0 
412 165046 35.0 
500 200189 36.0 
540 216339 38.0 
569 227782 39.0 
623 249548 42.0 
677 271145 43.0 
701 280495 45.0 
713 285504 46.0 
736 294633 47.0 
745 298317 49.0 
751 300591 50.0 
802 321031 54.0 
822 329161 56.0 
847 339159 59.0 
903 361399 61.0 
998 399575 64.0 
1073 429433 67.0 
1149 459907 70.0 
1184 473896 73.0 
1269 507885 74.0 
1314 525869 77.0 
1331 532767 79.0 
1366 546695 80.0 
1404 561893 81.0 
1410 564349 84.0 
1443 577341 86.0 
1470 588255 88.0 
1539 615849 89.0 
1574 629957 90.0 
1610 644069 92.0 
1615 646105 97.0 
1681 672583 98.0 
1714 685963 100.0 
==== END RUN ====
0 1 1.0 
0 9 3.0 
0 23 4.0 
0 35 5.0 
0 37 7.0 
0 112 8.0 
2 1160 10.0 
10 4199 12.0 
31 12668 13.0 
32 12943 15.0 
33 13323 21.0 
124 49987 22.0 
137 54950 23.0 
171 68720 26.0 
214 85715 30.0 
229 91749 31.0 
237 95141 32.0 
243 97239 33.0 
269 107693 35.0 
322 128986 36.0 
356 142557 38.0 
379 151893 39.0 
383 153463 41.0 
479 191947 42.0 
483 193341 43.0 
560 224397 47.0 
604 241687 50.0 
635 254145 51.0 
648 259237 53.0 
650 260191 55.0 
677 270987 56.0 
687 275163 58.0 
714 285958 59.0 
734 293821 62.0 
750 300155 63.0 
797 319035 64.0 
803 321323 67.0 
844 337935 68.0 
849 339737 69.0 
849 339888 71.0 
928 371513 73.0 
956 382733 74.0 
1002 401155 75.0 
1076 430505 77.0 
1098 439293 78.0 
1129 451887 80.0 
1202 481003 81.0 
1202 481069 83.0 
1287 515133 84.0 
1295 518235 85.0 
1304 521857 87.0 
1408 563598 89.0 
1438 575245 91.0 
1467 587149 93.0 
1525 610261 94.0 
1582 633175 100.0 
==== END RUN ====
0 1 1.0 
0 18 2.0 
0 20 3.0 
0 52 4.0 
0 88 5.0 
0 340 8.0 
1 607 11.0 
4 1793 14.0 
9 3987 17.0 
76 30477 23.0 
125 50272 26.0 
235 94085 27.0 
253 101297 30.0 
282 113019 32.0 
300 120287 33.0 
303 121311 35.0 
347 139081 38.0 
353 141293 40.0 
408 163545 43.0 
427 170990 44.0 
450 180349 45.0 
532 213003 47.0 
568 227429 50.0 
659 263947 51.0 
665 266191 52.0 
684 273856 54.0 
713 285543 56.0 
726 290790 58.0 
763 305323 59.0 
769 307957 61.0 
796 318751 64.0 
826 330696 67.0 
903 361221 68.0 
920 368323 69.0 
934 373929 72.0 
949 379835 75.0 
984 393723 76.0 
991 396775 85.0 
1066 426677 86.0 
1137 454893 87.0 
1137 455141 88.0 
1159 463941 89.0 
1183 473600 90.0 
1196 478569 95.0 
1240 496041 96.0 
1315 526249 97.0 
1375 550381 100.0 
==== END RUN ====
0 1 7.0 
0 131 8.0 
0 313 9.0 
1 625 12.0 
14 5697 13.0 
30 12300 14.0 
75 30139 15.0 
100 40289 21.0 
175 70235 22.0 
189 75685 23.0 
217 86843 24.0 
229 91969 25.0 
234 93689 26.0 
239 95727 27.0 
272 109114 31.0 
319 127780 33.0 
345 138366 34.0 
372 149199 38.0 
376 150632 43.0 
430 172113 44.0 
507 203105 46.0 
532 213009 48.0 
598 239371 49.0 
620 248218 50.0 
724 289847 51.0 
743 297401 52.0 
744 297835 56.0 
792 317003 59.0 
859 343725 60.0 
897 358921 65.0 
957 383125 66.0 
977 391063 71.0 
1056 422779 72.0 
1098 439201 73.0 
1105 442067 74.0 
1150 460113 75.0 
1176 470783 76.0 
1208 483507 77.0 
1245 498209 80.0 
1333 533415 81.0 
1358 543523 82.0 
1413 565529 83.0 
1438 575305 87.0 
1555 622119 88.0 
1573 629551 90.0 
1612 645173 94.0 
1786 714465 96.0 
1842 737075 100.0 
==== END RUN ====
0 1 2.0 
0 19 7.0 
0 122 9.0 
4 1720 10.0 
6 2750 11.0 
10 4287 12.0 
48 19441 13.0 
54 21857 14.0 
60 24258 15.0 
76 30575 17.0 
78 31523 21.0 
111 44652 23.0 
163 65257 24.0 
195 78126 26.0 
204 81983 27.0 
209 83778 28.0 
226 90554 29.0 
231 92483 30.0 
238 95465 33.0 
252 100998 38.0 
445 178055 41.0 
455 182017 44.0 
489 195605 45.0 
531 212673 48.0 
576 230703 50.0 
631 252636 51.0 
644 257789 53.0 
674 269897 56.0 
717 287114 58.0 
743 297415 59.0 
774 309941 61.0 
863 345381 62.0 
872 348991 64.0 
910 364117 65.0 
939 375849 66.0 
968 387205 67.0 
986 394659 68.0 
997 399133 71.0 
1023 409251 75.0 
1060 424053 78.0 
1096 438705 80.0 
1101 440411 81.0 
1136 454503 82.0 
1188 475269 83.0 
1226 490790 84.0 
1253 501569 85.0 
1272 509131 86.0 
1286 514777 87.0 
1329 531839 88.0 
1335 534007 90.0 
1395 558361 92.0 
1481 592800 94.0 
1486 594761 95.0 
1499 599651 96.0 
1549 619671 98.0 
1642 657015 100.0 
==== END RUN ====
0 1 1.0 
0 7 2.0 
0 25 3.0 
0 41 4.0 
0 44 6.0 
0 48 11.0 
3 1560 15.0 
58 23304 19.0 
102 41084 21.0 
107 43011 23.0 
171 68459 24.0 
196 78419 25.0 
209 83959 26.0 
215 86199 28.0 
215 86233 29.0 
258 103315 30.0 
259 103822 31.0 
271 108760 32.0 
281 112507 35.0 
300 120147 38.0 
366 146503 40.0 
444 177717 41.0 
457 183134 42.0 
472 188961 44.0 
543 217408 48.0 
564 225958 51.0 
587 235048 52.0 
590 236367 53.0 
640 256205 57.0 
713 285245 58.0 
716 286569 59.0 
728 291591 61.0 
763 305533 65.0 
773 309353 68.0 
890 356013 69.0 
943 377227 70.0 
965 386387 72.0 
1012 405071 73.0 
1077 431093 76.0 
1104 441893 78.0 
1116 446577 82.0 
1198 479467 83.0 
1201 480695 84.0 
1256 502437 87.0 
1268 507549 89.0 
1339 535994 91.0 
1382 552821 94.0 
1390 556165 95.0 
1472 589165 96.0 
1478 591598 98.0 
1490 596161 99.0 
1545 618217 100.0 
==== END RUN ====
0 1 1.0 
0 10 2.0 
0 15 9.0 
0 61 11.0 
29 12000 12.0 
31 12549 14.0 
43 17376 15.0 
49 19820 18.0 
100 40375 19.0 
142 56912 23.0 
174 69661 26.0 
252 100995 27.0 
254 101669 29.0 
274 109777 30.0 
297 118951 32.0 
297 119100 33.0 
345 138107 34.0 
355 142331 35.0 
378 151265 38.0 
408 163335 40.0 
473 189363 41.0 
544 217888 42.0 
547 219053 44.0 
567 227157 45.0 
660 264226 47.0 
702 281123 49.0 
731 292433 50.0 
757 302809 52.0 
761 304603 55.0 
768 307457 58.0 
808 323540 59.0 
919 367865 60.0 
950 380045 61.0 
960 384235 62.0 
986 394563 63.0 
1043 417455 64.0 
1053 421559 68.0 
1077 431123 69.0 
1122 449176 70.0 
1142 456949 73.0 
1180 472287 74.0 
1221 488607 75.0 
1224 489605 76.0 
1252 501161 77.0 
1267 506979 78.0 
1285 514366 79.0 
1301 520764 81.0 
1323 529568 82.0 
1326 530623 83.0 
1362 544983 87.0 
1411 564489 88.0 
1446 578415 91.0 
1459 583773 92.0 
1545 618359 93.0 
1563 625311 95.0 
1583 633243 98.0 
1605 642385 99.0 
1706 682563 100.0 
==== END RUN ====
0 1 1.0 
0 3 2.0 
0 5 3.0 
0 41 11.0 
5 2237 12.0 
30 12234 14.0 
64 25753 16.0 
89 35697 17.0 
135 54051 18.0 
135 54194 21.0 
172 68863 23.0 
211 84618 24.0 
235 94110 26.0 
280 112182 27.0 
302 120999 29.0 
360 144126 31.0 
387 155108 37.0 
454 181671 41.0 
537 214967 42.0 
551 220445 43.0 
653 261444 44.0 
654 261759 46.0 
663 265470 47.0 
669 267951 48.0 
691 276715 54.0 
785 314240 56.0 
847 338957 57.0 
855 342338 58.0 
890 356248 59.0 
899 359823 61.0 
933 373391 62.0 
978 391447 63.0 
1012 405043 65.0 
1015 406294 67.0 
1103 441357 68.0 
1110 444269 70.0 
1126 450655 73.0 
1185 474269 81.0 
1247 499143 82.0 
1312 524821 88.0 
1356 542753 92.0 
1434 573667 94.0 
1489 595795 96.0 
1543 617491 97.0 
1625 650377 98.0 
1637 655189 99.0 
1692 676867 100.0 
==== END RUN ====
0 1 1.0 
0 5 3.0 
0 7 4.0 
0 60 5.0 
0 231 8.0 
2 884 10.0 
7 3020 12.0 
30 12302 14.0 
50 20172 18.0 
82 32831 19.0 
135 54086 20.0 
183 73437 23.0 
208 83592 24.0 
217 86861 25.0 
221 88555 26.0 
279 111881 28.0 
310 124312 30.0 
342 137019 31.0 
363 145223 34.0 
386 154527 38.0 
436 174608 43.0 
578 231243 44.0 
590 236395 46.0 
634 253639 49.0 
711 284415 51.0 
732 293033 53.0 
748 299520 55.0 
781 312475 57.0 
814 325894 58.0 
857 343005 61.0 
874 349997 63.0 
927 370873 65.0 
940 376201 66.0 
996 398752 68.0 
1048 419457 70.0 
1077 431063 75.0 
1167 467101 76.0 
1210 484267 77.0 
1245 498023 79.0 
1269 507901 80.0 
1323 529241 81.0 
1342 537150 82.0 
1343 537293 84.0 
1343 537413 86.0 
1393 557554 87.0 
1454 581949 88.0 
1467 587151 89.0 
1551 620759 90.0 
1572 629051 92.0 
1598 639549 93.0 
1662 664843 94.0 
1704 681779 98.0 
1797 719189 99.0 
1798 719581 100.0 
==== END RUN ====
0 1 1.0 
0 5 2.0 
0 28 4.0 
0 50 7.0 
0 225 12.0 
34 13631 13.0 
40 16119 14.0 
49 19988 16.0 
75 30385 17.0 
82 33158 18.0 
114 45909 19.0 
117 47055 25.0 
194 77885 26.0 
196 78780 27.0 
215 86135 29.0 
230 92200 30.0 
238 95598 31.0 
246 98764 33.0 
278 111283 34.0 
291 116509 40.0 
299 119935 42.0 
418 167323 43.0 
443 177313 46.0 
455 182357 49.0 
488 195315 50.0 
536 214748 52.0 
561 224507 53.0 
570 228355 55.0 
657 263113 57.0 
713 285225 58.0 
753 301509 60.0 
788 315556 61.0 
817 327064 63.0 
826 330501 65.0 
842 337005 66.0 
855 342245 73.0 
943 377526 75.0 
1049 419809 76.0 
1151 460699 77.0 
1166 466701 82.0 
1285 514392 85.0 
1332 533141 86.0 
1377 550873 89.0 
1401 560581 91.0 
1416 566509 93.0 
1463 585575 94.0 
1499 599975 95.0 
1557 622995 96.0 
1579 631885 99.0 
1593 637305 100.0 
==== END RUN ====
0 1 1.0 
0 3 2.0 
0 19 3.0 
0 30 4.0 
0 39 6.0 
0 99 7.0 
0 235 8.0 
1 601 9.0 
3 1583 10.0 
7 3132 13.0 
11 4568 14.0 
18 7283 15.0 
49 19892 19.0 
92 36949 20.0 
121 48729 23.0 
176 70668 24.0 
204 81959 29.0 
275 110220 30.0 
314 125889 32.0 
335 134186 33.0 
359 143767 34.0 
366 146752 36.0 
370 148393 37.0 
375 150237 38.0 
389 155963 39.0 
431 172467 40.0 
442 177072 41.0 
500 200165 42.0 
536 214761 44.0 
564 225931 46.0 
624 249769 47.0 
664 265907 48.0 
672 268975 51.0 
721 288714 58.0 
809 323902 59.0 
873 349427 61.0 
897 359102 62.0 
919 367939 63.0 
953 381225 65.0 
959 383831 71.0 
1053 421391 74.0 
1076 430761 75.0 
1086 434794 77.0 
1108 443261 78.0 
1149 459958 79.0 
1181 472509 82.0 
1223 489531 85.0 
1238 495499 92.0 
1348 539315 94.0 
1349 539925 96.0 
1400 560231 97.0 
1447 579067 98.0 
1490 596057 99.0 
1570 628395 100.0 
==== END RUN ====
0 1 4.0 
0 15 7.0 
0 88 8.0 
2 953 9.0 
5 2007 10.0 
6 2645 11.0 
7 3064 12.0 
21 8602 13.0 
26 10716 16.0 
47 19087 17.0 
116 46668 18.0 
122 48817 19.0 
139 55787 20.0 
152 60857 24.0 
167 66950 25.0 
185 74134 26.0 
205 82317 27.0 
214 85968 28.0 
243 97309 29.0 
281 112620 30.0 
348 139429 32.0 
367 147047 33.0 
368 147507 36.0 
478 191574 37.0 
525 210194 38.0 
539 215943 43.0 
629 251645 46.0 
668 267225 47.0 
689 275996 49.0 
704 281971 50.0 
728 291472 51.0 
741 296421 55.0 
769 307945 58.0 
817 327003 59.0 
857 343142 61.0 
877 351198 62.0 
880 352354 63.0 
938 375307 65.0 
1004 401699 67.0 
1086 434449 69.0 
1102 441019 75.0 
1318 527503 76.0 
1323 529353 79.0 
1371 548619 81.0 
1405 562301 83.0 
1471 588623 86.0 
1523 609493 89.0 
1548 619453 90.0 
1592 637135 91.0 
1598 639585 98.0 
1814 725851 100.0 
==== END RUN ====
0 1 3.0 
0 9 9.0 
4 1639 10.0 
6 2721 11.0 
10 4070 12.0 
24 9913 13.0 
28 11522 14.0 
35 14303 15.0 
59 23882 18.0 
87 35049 21.0 
93 37386 22.0 
103 41586 23.0 
161 64743 27.0 
208 83291 36.0 
346 138744 38.0 
389 155777 39.0 
399 159945 42.0 
430 172223 43.0 
451 180527 45.0 
536 214497 46.0 
560 224157 47.0 
562 225064 48.0 
572 229170 54.0 
699 279868 55.0 
740 296234 56.0 
769 307837 57.0 
770 308105 60.0 
795 318213 61.0 
814 325757 62.0 
822 328931 63.0 
849 339934 65.0 
879 351617 67.0 
901 360643 70.0 
966 386649 71.0 
990 396113 73.0 
990 396261 75.0 
992 396987 76.0 
1082 433085 78.0 
1090 436340 80.0 
1155 462321 81.0 
1262 505195 82.0 
1266 506721 83.0 
1270 508363 84.0 
1284 513803 88.0 
1311 524505 91.0 
1328 531584 92.0 
1355 542378 93.0 
1366 546763 95.0 
1388 555211 100.0 
==== END RUN ====
0 1 3.0 
0 25 4.0 
0 65 5.0 
0 66 6.0 
0 73 11.0 
28 11307 12.0 
35 14129 13.0 
39 15919 15.0 
89 35666 16.0 
116 46709 18.0 
131 52445 19.0 
140 56088 20.0 
148 59452 22.0 
194 77851 27.0 
246 98754 29.0 
286 114750 30.0 
292 116979 31.0 
346 138719 35.0 
402 161098 37.0 
414 165948 39.0 
461 184720 46.0 
535 214241 49.0 
612 245003 57.0 
716 286601 59.0 
720 288009 62.0 
769 307879 63.0 
784 313894 64.0 
797 319140 67.0 
862 344951 68.0 
862 345088 69.0 
903 361457 70.0 
915 366223 72.0 
942 376955 74.0 
1000 400215 81.0 
1113 445459 82.0 
1116 446563 84.0 
1167 467077 85.0 
1183 473495 86.0 
1198 479525 88.0 
1230 492215 95.0 
1381 552541 98.0 
1432 573081 100.0 
==== END RUN ====
0 1 1.0 
0 5 2.0 
0 15 4.0 
0 96 8.0 
1 469 12.0 
20 8143 13.0 
25 10184 14.0 
54 21718 15.0 
66 26609 17.0 
77 30882 18.0 
120 48102 20.0 
166 66706 22.0 
209 83999 23.0 
211 84407 25.0 
250 100001 26.0 
252 101085 29.0 
263 105249 32.0 
402 160857 35.0 
415 166107 36.0 
422 169030 37.0 
435 174394 41.0 
511 204698 43.0 
529 211763 45.0 
543 217321 48.0 
588 235443 49.0 
616 246789 50.0 
651 260461 53.0 
663 265467 54.0 
670 268370 55.0 
676 270655 56.0 
728 291441 59.0 
788 315405 60.0 
806 322637 63.0 
814 325807 64.0 
914 365938 65.0 
939 375965 68.0 
980 392227 69.0 
1035 414329 70.0 
1086 434477 71.0 
1163 465203 72.0 
1176 470595 74.0 
1223 489555 78.0 
1280 512271 80.0 
1286 514691 82.0 
1328 531473 84.0 
1337 535013 88.0 
1395 558321 89.0 
1480 592021 91.0 
1539 615959 92.0 
1582 633085 96.0 
1630 652207 97.0 
1657 663025 98.0 
1720 688005 100.0 
==== END RUN ====
0 1 1.0 
0 5 2.0 
0 22 3.0 
0 25 5.0 
0 53 6.0 
0 95 8.0 
1 560 10.0 
5 2171 15.0 
9 3695 18.0 
87 35025 20.0 
128 51544 21.0 
132 53017 22.0 
141 56413 23.0 
160 64123 26.0 
173 69470 28.0 
229 91911 33.0 
305 122273 34.0 
317 127154 35.0 
324 129905 38.0 
424 169772 40.0 
471 188699 42.0 
507 203003 43.0 
522 209166 44.0 
524 209935 45.0 
537 215133 47.0 
602 240813 48.0 
640 256145 49.0 
652 261047 51.0 
678 271451 52.0 
691 276483 53.0 
695 278065 56.0 
813 325445 59.0 
869 347825 60.0 
933 373491 61.0 
944 377833 62.0 
956 382593 63.0 
967 386925 64.0 
1006 402495 65.0 
1009 403917 66.0 
1035 414353 71.0 
1054 421892 72.0 
1073 429301 74.0 
1077 431106 76.0 
1126 450421 77.0 
1134 453944 78.0 
1203 481347 79.0 
1241 496449 83.0 
1260 504317 84.0 
1283 513417 85.0 
1325 530307 88.0 
1385 554119 89.0 
1389 555715 90.0 
1450 580267 92.0 
1538 615553 93.0 
1579 631645 94.0 
1670 668117 98.0 
1721 688767 100.0 
==== END RUN ====
0 1 1.0 
0 5 2.0 
0 29 4.0 
0 42 5.0 
0 93 9.0 
0 102 11.0 
3 1490 12.0 
4 1796 13.0 
6 2693 16.0 
49 19859 18.0 
94 37875 19.0 
106 42644 20.0 
135 54371 24.0 
151 60455 25.0 
193 77209 27.0 
215 86089 29.0 
294 117967 30.0 
310 124213 35.0 
336 134711 40.0 
389 155697 41.0 
483 193227 42.0 
490 196165 44.0 
544 217923 45.0 
571 228785 47.0 
583 233365 48.0 
599 239755 49.0 
633 253548 50.0 
652 261155 51.0 
678 271414 52.0 
683 273409 53.0 
685 274370 57.0 
799 319805 59.0 
799 319946 60.0 
803 321399 61.0 
829 331843 62.0 
832 333047 66.0 
857 343195 67.0 
924 369679 71.0 
1018 407289 72.0 
1056 422461 73.0 
1098 439489 75.0 
1208 483203 76.0 
1250 500025 77.0 
1263 505249 79.0 
1274 509725 80.0 
1291 516717 81.0 
1297 519083 86.0 
1395 558139 87.0 
1469 587863 88.0 
1578 631551 92.0 
1615 646065 98.0 
1729 691953 99.0 
1764 705995 100.0 
==== END RUN ====
0 1 3.0 
0 7 5.0 
0 152 6.0 
1 466 8.0 
3 1211 9.0 
3 1537 10.0 
19 7668 11.0 
19 7862 12.0 
23 9273 14.0 
31 12542 18.0 
95 38221 21.0 
101 40529 22.0 
140 56033 23.0 
159 63907 24.0 
165 66372 25.0 
247 99048 27.0 
293 117542 28.0 
307 122899 29.0 
328 131307 32.0 
380 152385 41.0 
439 175953 42.0 
485 194063 43.0 
516 206581 46.0 
579 231605 49.0 
624 249757 50.0 
691 276407 51.0 
695 278331 53.0 
703 281556 54.0 
760 304211 55.0 
804 321864 56.0 
839 335950 58.0 
862 345195 59.0 
907 362979 64.0 
1007 403039 65.0 
1016 406689 67.0 
1027 410971 69.0 
1094 437879 71.0 
1154 461879 73.0 
1155 462277 74.0 
1211 484521 76.0 
1235 494299 77.0 
1335 534073 79.0 
1395 558309 81.0 
1444 577795 82.0 
1448 579225 89.0 
1536 614469 91.0 
1586 634780 93.0 
1641 656759 94.0 
1657 662835 98.0 
1728 691471 100.0 
==== END RUN ====
0 1 1.0 
0 5 2.0 
0 7 4.0 
0 15 5.0 
0 44 6.0 
0 278 12.0 
6 2492 13.0 
23 9509 18.0 
55 22238 20.0 
63 25221 21.0 
68 27356 23.0 
166 66657 24.0 
180 72152 26.0 
213 85485 28.0 
220 88035 29.0 
253 101333 30.0 
279 111869 32.0 
288 115384 33.0 
305 122257 34.0 
309 123687 37.0 
358 143472 40.0 
387 155199 43.0 
444 177961 44.0 
474 189777 45.0 
479 191822 48.0 
533 213491 52.0 
620 248211 53.0 
662 265037 56.0 
669 267809 57.0 
700 280303 59.0 
733 293547 60.0 
734 293906 63.0 
744 297939 65.0 
864 345928 67.0 
910 364061 68.0 
965 386079 69.0 
975 390099 77.0 
1017 407023 80.0 
1045 418365 81.0 
1115 446173 82.0 
1160 464359 83.0 
1166 466497 85.0 
1234 493935 86.0 
1257 503147 89.0 
1377 551147 91.0 
1393 557385 92.0 
1459 583959 93.0 
1540 616029 94.0 
1585 634141 97.0 
1602 641173 98.0 
1666 666773 99.0 
1697 678863 100.0 
==== END RUN ====
0 1 2.0 
0 5 3.0 
0 7 4.0 
0 44 6.0 
0 113 8.0 
1 454 9.0 
6 2758 10.0 
6 2761 11.0 
19 7697 12.0 
30 12241 13.0 
43 17291 15.0 
65 26207 16.0 
89 35978 21.0 
130 52305 22.0 
147 58990 23.0 
179 71854 25.0 
218 87585 26.0 
220 88258 28.0 
231 92582 32.0 
294 117713 33.0 
310 124181 34.0 
342 137124 35.0 
370 148284 36.0 
391 156613 37.0 
392 157064 40.0 
418 167545 44.0 
434 173968 46.0 
459 183629 50.0 
583 233412 52.0 
591 236635 57.0 
664 265908 59.0 
701 280798 60.0 
735 294283 62.0 
760 304386 63.0 
775 310315 66.0 
778 311289 67.0 
847 339167 69.0 
887 355141 70.0 
895 358383 71.0 
937 375067 72.0 
939 375885 73.0 
953 381545 77.0 
975 390029 82.0 
1064 425789 84.0 
1130 452081 85.0 
1151 460754 88.0 
1173 469365 89.0 
1198 479521 91.0 
1330 532269 92.0 
1334 533755 95.0 
1419 567673 96.0 
1467 587009 97.0 
1533 613589 100.0 
==== END RUN ====
0 1 1.0 
0 3 2.0 
0 9 4.0 
0 17 5.0 
0 224 6.0 
1 657 7.0 
2 827 8.0 
2 965 9.0 
5 2093 11.0 
12 4851 16.0 
53 21573 17.0 
67 27051 19.0 
94 37696 20.0 
140 56128 22.0 
161 64773 23.0 
194 77848 26.0 
219 87952 30.0 
297 119141 32.0 
341 136732 33.0 
385 154055 35.0 
387 155059 41.0 
437 175160 42.0 
450 180245 47.0 
539 215667 52.0 
577 231161 53.0 
586 234515 54.0 
586 234765 55.0 
601 240711 61.0 
663 265464 63.0 
776 310672 65.0 
813 325449 67.0 
821 328729 71.0 
850 340107 79.0 
939 375815 81.0 
1086 434773 82.0 
1110 444325 85.0 
1132 452913 86.0 
1178 471577 89.0 
1317 527157 93.0 
1375 550361 94.0 
1466 586567 98.0 
1565 626167 100.0 
==== END RUN ====
0 1 1.0 
0 3 5.0 
0 71 6.0 
0 180 7.0 
1 774 8.0 
2 886 9.0 
6 2454 12.0 
7 2918 13.0 
29 11885 18.0 
105 42246 20.0 
118 47271 23.0 
185 74011 25.0 
208 83320 26.0 
264 105833 28.0 
275 110166 29.0 
306 122673 30.0 
328 131575 36.0 
406 162611 37.0 
484 193896 38.0 
490 196348 41.0 
532 212901 46.0 
678 271365 47.0 
680 272187 48.0 
706 282748 50.0 
719 287936 51.0 
743 297209 56.0 
853 341448 59.0 
875 350320 60.0 
923 369459 66.0 
1049 419671 68.0 
1122 449067 69.0 
1153 461465 70.0 
1179 471771 71.0 
1181 472782 74.0 
1203 481489 77.0 
1217 487177 81.0 
1309 523649 82.0 
1331 532757 83.0 
1383 553527 86.0 
1388 555205 88.0 
1478 591241 91.0 
1505 602089 95.0 
1527 611089 97.0 
1587 635023 98.0 
1626 650405 100.0 
==== END RUN ====
0 1 2.0 
0 5 6.0 
0 142 7.0 
0 312 16.0 
29 11853 18.0 
87 34849 19.0 
120 48057 21.0 
154 61669 23.0 
204 81946 24.0 
210 84001 25.0 
243 97392 26.0 
253 101589 27.0 
270 108152 28.0 
287 115036 29.0 
312 125072 30.0 
315 126304 33.0 
326 130685 34.0 
370 148348 35.0 
391 156676 38.0 
424 169719 40.0 
434 173733 41.0 
514 205806 46.0 
573 229361 47.0 
584 233854 48.0 
619 247765 52.0 
662 265039 55.0 
751 300543 56.0 
760 304324 57.0 
774 309984 59.0 
807 322895 70.0 
890 356385 72.0 
956 382663 73.0 
986 394409 77.0 
1053 421594 84.0 
1164 465909 85.0 
1230 492041 86.0 
1248 499527 87.0 
1251 500577 89.0 
1326 530757 90.0 
1344 537959 91.0 
1450 580361 92.0 
1465 586039 94.0 
1512 604859 98.0 
1518 607598 99.0 
1540 616363 100.0 
==== END RUN ====
0 1 1.0 
0 3 2.0 
0 18 4.0 
0 25 7.0 
0 33 12.0 
11 4648 13.0 
29 11816 14.0 
35 14001 15.0 
36 14537 17.0 
81 32518 19.0 
114 45891 20.0 
127 51013 21.0 
153 61586 23.0 
188 75560 25.0 
192 76869 26.0 
230 92156 27.0 
246 98511 29.0 
313 125227 30.0 
326 130662 33.0 
377 151029 34.0 
387 154973 35.0 
422 168863 37.0 
429 171679 38.0 
450 180236 41.0 
511 204736 43.0 
572 228975 44.0 
605 242303 47.0 
667 267086 48.0 
714 285823 49.0 
724 289998 51.0 
732 293099 53.0 
738 295578 56.0 
778 311475 57.0 
790 316271 58.0 
801 320753 61.0 
811 324740 62.0 
823 329459 63.0 
832 332971 66.0 
860 344019 67.0 
916 366637 70.0 
929 371649 72.0 
985 394145 79.0 
1043 417469 80.0 
1075 430369 81.0 
1119 447771 84.0 
1177 470885 86.0 
1185 474337 87.0 
1244 497787 88.0 
1276 510769 89.0 
1309 523901 92.0 
1318 527579 95.0 
1402 561051 96.0 
1455 582047 97.0 
1550 620249 100.0 
==== END RUN ====
0 1 5.0 
0 38 6.0 
0 169 9.0 
10 4297 11.0 
13 5401 12.0 
19 7631 16.0 
29 11744 20.0 
74 29790 21.0 
111 44663 23.0 
149 59679 25.0 
158 63295 27.0 
207 82948 28.0 
244 97740 30.0 
283 113399 31.0 
293 117576 32.0 
334 133761 34.0 
339 135870 35.0 
362 144905 38.0 
463 185522 39.0 
470 188191 41.0 
482 192945 42.0 
513 205456 45.0 
565 226353 46.0 
580 232192 47.0 
609 243767 52.0 
638 255549 54.0 
679 271915 56.0 
731 292611 59.0 
742 296815 60.0 
745 298185 61.0 
783 313481 63.0 
864 345807 64.0 
898 359591 66.0 
955 382045 67.0 
993 397403 69.0 
1044 417920 75.0 
1154 461995 76.0 
1161 464748 77.0 
1187 474991 80.0 
1187 475057 84.0 
1253 501509 85.0 
1345 538353 89.0 
1485 594353 90.0 
1504 601953 91.0 
1598 639439 92.0 
1610 644379 93.0 
1621 648407 95.0 
1740 696383 96.0 
1754 701981 97.0 
1791 716709 98.0 
1907 763055 100.0 
==== END RUN ====
0 1 1.0 
0 3 2.0 
0 5 3.0 
0 27 5.0 
0 60 6.0 
0 136 9.0 
2 1157 10.0 
3 1524 12.0 
17 7124 14.0 
21 8517 16.0 
55 22161 17.0 
77 30801 18.0 
79 31865 20.0 
113 45564 21.0 
127 51155 22.0 
129 51848 23.0 
152 61104 24.0 
160 64063 25.0 
186 74538 27.0 
217 86889 29.0 
244 97937 30.0 
290 116125 32.0 
322 129007 33.0 
329 131875 34.0 
335 134019 35.0 
380 152223 36.0 
394 157929 38.0 
409 163938 39.0 
414 165876 41.0 
482 193088 44.0 
519 207890 47.0 
572 228965 49.0 
601 240525 51.0 
645 258398 56.0 
674 269739 58.0 
681 272771 62.0 
741 296485 64.0 
780 312281 68.0 
856 342561 69.0 
897 358871 70.0 
902 360919 72.0 
935 374317 73.0 
989 395895 74.0 
1067 427162 76.0 
1127 451105 77.0 
1157 462965 78.0 
1207 482831 79.0 
1217 486881 83.0 
1294 517837 85.0 
1343 537527 89.0 
1379 551715 92.0 
1518 607583 96.0 
1583 633237 97.0 
1660 664117 98.0 
1676 670469 100.0 
==== END RUN ====
0 1 2.0 
0 5 3.0 
0 13 6.0 
0 123 7.0 
0 281 10.0 
10 4025 13.0 
17 7174 14.0 
20 8182 16.0 
66 26626 19.0 
117 46905 20.0 
148 59477 21.0 
153 61589 22.0 
155 62021 23.0 
192 76919 24.0 
209 83974 25.0 
234 93920 27.0 
253 101283 29.0 
266 106728 30.0 
270 108053 33.0 
312 125170 35.0 
380 152332 36.0 
380 152388 37.0 
384 153873 39.0 
415 166168 41.0 
477 190915 44.0 
525 210270 45.0 
613 245383 46.0 
626 250581 47.0 
628 251434 48.0 
708 283409 50.0 
713 285383 53.0 
799 319663 54.0 
813 325225 58.0 
840 336223 60.0 
917 367085 61.0 
920 368379 62.0 
933 373520 64.0 
982 392949 65.0 
1042 417114 72.0 
1157 462941 74.0 
1247 498979 75.0 
1255 502089 76.0 
1264 505995 77.0 
1275 510029 78.0 
1316 526693 80.0 
1386 554615 81.0 
1390 556327 82.0 
1480 592037 84.0 
1529 611929 86.0 
1636 654745 88.0 
1663 665545 89.0 
1664 665807 91.0 
1743 697217 96.0 
1822 729125 98.0 
1881 752401 99.0 
1902 761167 100.0 
==== END RUN ====
0 1 5.0 
0 21 6.0 
0 116 7.0 
0 245 11.0 
3 1304 12.0 
13 5430 13.0 
35 14269 15.0 
36 14496 19.0 
69 27955 22.0 
79 31963 23.0 
124 49623 27.0 
260 104241 29.0 
279 111807 32.0 
324 129936 35.0 
334 133968 36.0 
336 134722 37.0 
340 136308 42.0 
440 176155 43.0 
468 187464 45.0 
489 195753 46.0 
530 212031 48.0 
554 221944 49.0 
568 227261 52.0 
664 265709 54.0 
668 267343 57.0 
687 274877 58.0 
833 333433 59.0 
839 335854 60.0 
876 350633 61.0 
913 365493 62.0 
926 370712 66.0 
1046 418643 68.0 
1094 437865 69.0 
1118 447465 71.0 
1143 457465 72.0 
1172 469029 73.0 
1179 471904 75.0 
1206 482539 79.0 
1303 521453 80.0 
1401 560587 83.0 
1431 572527 84.0 
1496 598547 87.0 
1592 636927 91.0 
1659 663863 96.0 
1754 701899 97.0 
1767 706915 100.0 
==== END RUN ====
0 1 1.0 
0 3 2.0 
0 15 4.0 
0 45 5.0 
0 74 6.0 
0 224 7.0 
0 283 13.0 
35 14183 15.0 
103 41265 17.0 
120 48317 18.0 
126 50449 20.0 
137 54947 23.0 
152 60801 27.0 
153 61560 34.0 
389 155605 36.0 
424 169719 39.0 
443 177211 42.0 
521 208759 44.0 
545 218378 49.0 
650 260159 51.0 
665 266315 53.0 
688 275537 54.0 
689 275753 55.0 
708 283389 56.0 
751 300613 57.0 
760 304345 60.0 
847 339009 65.0 
877 351140 66.0 
894 357943 67.0 
902 361102 71.0 
932 373149 72.0 
989 395915 75.0 
1093 437592 76.0 
1110 444111 84.0 
1223 489505 85.0 
1251 500583 86.0 
1260 504217 87.0 
1261 504453 88.0 
1281 512457 90.0 
1303 521281 94.0 
1378 551341 99.0 
1456 582779 100.0 
==== END RUN ====
0 1 2.0 
0 3 3.0 
0 13 5.0 
0 65 7.0 
0 127 8.0 
2 949 9.0 
3 1536 13.0 
24 9946 14.0 
61 24589 15.0 
66 26539 16.0 
76 30616 17.0 
80 32361 18.0 
84 33882 19.0 
101 40583 20.0 
101 40763 22.0 
127 51060 23.0 
136 54737 26.0 
173 69431 27.0 
192 76977 28.0 
236 94634 30.0 
241 96513 33.0 
290 116071 34.0 
291 116716 37.0 
365 146111 38.0 
378 151597 39.0 
380 152167 40.0 
387 154961 41.0 
398 159600 42.0 
436 174509 47.0 
481 192419 48.0 
485 194107 53.0 
598 239335 54.0 
600 240323 57.0 
722 289075 62.0 
727 290855 63.0 
748 299403 65.0 
847 338937 68.0 
881 352629 69.0 
916 366417 70.0 
965 386391 73.0 
1062 424957 74.0 
1105 442301 77.0 
1146 458693 78.0 
1243 497503 80.0 
1245 498307 82.0 
1300 520370 83.0 
1381 552773 84.0 
1385 554335 85.0 
1434 573933 86.0 
1460 584370 87.0 
1582 633147 88.0 
1695 678093 90.0 
1700 680349 93.0 
1772 708903 94.0 
1780 712373 96.0 
1860 744373 97.0 
1888 755519 99.0 
2001 800543 100.0 
==== END RUN ====
0 1 1.0 
0 3 3.0 
0 19 5.0 
0 46 6.0 
0 198 8.0 
1 654 10.0 
11 4646 11.0 
23 9260 14.0 
31 12743 16.0 
70 28377 18.0 
79 31785 19.0 
79 31988 20.0 
82 33015 21.0 
123 49368 23.0 
133 53541 24.0 
205 82217 27.0 
242 97089 28.0 
296 118551 29.0 
302 120843 33.0 
411 164563 34.0 
423 169518 38.0 
460 184143 39.0 
515 206055 40.0 
520 208232 41.0 
567 226949 42.0 
583 233551 45.0 
640 256193 49.0 
676 270607 50.0 
751 300455 51.0 
759 303836 54.0 
764 305993 59.0 
818 327249 61.0 
834 333990 62.0 
855 342195 63.0 
914 365868 66.0 
969 387769 68.0 
1008 403429 69.0 
1056 422649 71.0 
1115 446083 73.0 
1131 452673 75.0 
1138 455594 76.0 
1184 473873 81.0 
1226 490457 82.0 
1276 510645 83.0 
1285 514307 84.0 
1334 533675 87.0 
1403 561223 88.0 
1535 614275 92.0 
1572 629163 96.0 
1706 682409 100.0 
==== END RUN ====
0 1 1.0 
0 5 3.0 
0 18 4.0 
0 19 6.0 
0 27 7.0 
0 99 11.0 
10 4299 12.0 
18 7354 13.0 
35 14278 15.0 
63 25571 17.0 
90 36037 20.0 
135 54246 22.0 
139 55999 23.0 
172 69009 26.0 
197 79038 27.0 
244 97942 28.0 
248 99599 30.0 
260 104238 37.0 
326 130761 41.0 
432 173093 43.0 
461 184425 44.0 
466 186667 46.0 
521 208773 50.0 
546 218754 51.0 
567 227164 53.0 
569 227861 54.0 
677 270813 58.0 
701 280659 61.0 
767 306855 63.0 
807 323013 64.0 
848 339576 65.0 
848 339578 67.0 
960 384209 69.0 
962 385061 70.0 
1048 419481 72.0 
1085 434099 73.0 
1114 445887 75.0 
1133 453331 77.0 
1155 462356 78.0 
1174 469978 80.0 
1226 490571 82.0 
1239 495977 83.0 
1295 518313 84.0 
1333 533411 87.0 
1398 559535 88.0 
1435 574215 90.0 
1473 589481 95.0 
1548 619493 100.0 
==== END RUN ====
0 1 2.0 
0 5 3.0 
0 17 5.0 
0 19 6.0 
1 494 11.0 
11 4516 12.0 
20 8168 15.0 
56 22417 16.0 
66 26659 20.0 
171 68467 21.0 
198 79431 25.0 
238 95473 27.0 
279 111792 30.0 
317 126873 31.0 
354 141897 33.0 
397 158901 34.0 
414 165849 35.0 
427 171085 39.0 
440 176395 42.0 
469 187703 43.0 
517 206981 44.0 
525 210163 45.0 
528 211402 46.0 
608 243581 47.0 
632 252963 48.0 
658 263267 50.0 
661 264487 53.0 
668 267523 55.0 
677 271149 57.0 
678 271331 64.0 
929 371926 65.0 
930 372185 67.0 
939 375904 68.0 
978 391473 70.0 
990 396023 71.0 
1066 426718 72.0 
1083 433487 73.0 
1108 443341 74.0 
1165 466193 77.0 
1221 488463 78.0 
1223 489531 81.0 
1276 510699 82.0 
1279 511747 85.0 
1303 521529 86.0 
1306 522425 87.0 
1384 553915 88.0 
1399 559691 92.0 
1412 565180 93.0 
1520 608163 94.0 
1598 639311 95.0 
1619 647994 98.0 
1676 670779 99.0 
1703 681217 100.0 
==== END RUN ====
0 1 2.0 
0 7 4.0 
0 13 8.0 
0 328 9.0 
1 606 10.0 
5 2070 11.0 
13 5518 12.0 
18 7490 13.0 
19 7935 15.0 
40 16276 20.0 
128 51340 22.0 
135 54175 23.0 
179 71858 29.0 
333 133327 32.0 
351 140583 33.0 
366 146515 35.0 
402 160943 38.0 
405 162352 41.0 
472 188965 43.0 
477 190961 47.0 
504 201816 48.0 
599 239677 49.0 
622 249141 50.0 
629 251911 51.0 
629 251970 52.0 
651 260800 53.0 
658 263317 54.0 
667 267183 55.0 
724 289927 57.0 
769 307952 61.0 
864 345841 63.0 
916 366607 64.0 
939 375715 68.0 
1030 412275 69.0 
1115 446275 72.0 
1144 457713 74.0 
1161 464655 79.0 
1268 507381 80.0 
1339 535982 82.0 
1387 555123 85.0 
1456 582731 86.0 
1462 585131 89.0 
1532 612947 90.0 
1589 635639 95.0 
1686 674493 100.0 
==== END RUN ====
0 1 1.0 
0 3 3.0 
0 55 4.0 
0 69 5.0 
0 200 8.0 
1 765 9.0 
7 2882 10.0 
19 7963 11.0 
35 14090 15.0 
60 24223 17.0 
112 44958 20.0 
142 57046 21.0 
155 62257 22.0 
180 72364 23.0 
202 80923 24.0 
212 85192 28.0 
228 91225 31.0 
240 96381 33.0 
318 127287 34.0 
346 138537 35.0 
406 162503 36.0 
438 175478 39.0 
505 202176 41.0 
513 205462 43.0 
545 218169 46.0 
631 252489 47.0 
638 255253 57.0 
769 307846 59.0 
810 324101 60.0 
879 351881 63.0 
892 357070 65.0 
968 387369 66.0 
1036 414701 68.0 
1064 425878 69.0 
1125 450071 72.0 
1216 486521 73.0 
1240 496215 75.0 
1273 509600 79.0 
1319 527631 80.0 
1364 545723 81.0 
1414 565655 84.0 
1435 574323 86.0 
1473 589556 88.0 
1475 590347 89.0 
1488 595515 93.0 
1511 604725 95.0 
1547 618849 96.0 
1548 619407 98.0 
1576 630749 100.0 
==== END RUN ====
0 1 1.0 
0 7 4.0 
0 46 6.0 
0 136 7.0 
1 466 9.0 
1 536 10.0 
2 891 12.0 
12 5029 14.0 
19 7778 15.0 
33 13455 16.0 
37 14839 17.0 
80 32055 18.0 
103 41485 19.0 
136 54661 21.0 
210 84107 23.0 
234 93800 24.0 
246 98411 27.0 
256 102649 28.0 
329 131705 29.0 
355 142365 32.0 
441 176511 34.0 
467 186970 35.0 
492 197096 37.0 
540 216246 38.0 
592 236958 39.0 
599 239733 44.0 
665 266396 46.0 
724 289861 49.0 
727 291149 50.0 
758 303460 51.0 
777 310883 52.0 
808 323518 53.0 
847 338973 55.0 
886 354744 56.0 
930 372306 59.0 
1008 403588 60.0 
1112 445176 63.0 
1120 448243 65.0 
1124 449959 66.0 
1127 451131 69.0 
1211 484671 70.0 
1275 510269 72.0 
1322 528885 73.0 
1386 554417 74.0 
1445 578326 77.0 
1537 615097 78.0 
1548 619375 83.0 
1565 626329 84.0 
1629 651929 85.0 
1667 666937 87.0 
1754 701949 88.0 
1755 702167 89.0 
1858 743559 90.0 
1882 753157 93.0 
1970 788357 94.0 
2012 805173 95.0 
2035 814279 96.0 
2061 824775 97.0 
2092 837055 100.0 
==== END RUN ====
0 1 2.0 
0 9 3.0 
0 11 5.0 
0 54 7.0 
0 370 12.0 
11 4407 13.0 
25 10167 14.0 
40 16033 25.0 
154 61972 27.0 
204 81791 29.0 
235 94083 31.0 
248 99289 33.0 
289 115960 34.0 
325 130031 35.0 
348 139313 36.0 
356 142509 37.0 
367 146845 39.0 
400 160139 41.0 
442 176847 43.0 
498 199311 44.0 
522 209109 49.0 
670 268015 50.0 
721 288706 51.0 
745 298055 52.0 
766 306589 53.0 
795 318243 54.0 
816 326599 56.0 
865 346301 60.0 
933 373305 65.0 
1004 401701 66.0 
1033 413469 68.0 
1039 415691 70.0 
1049 419657 72.0 
1086 434409 75.0 
1193 477345 78.0 
1206 482703 85.0 
1242 497103 86.0 
1316 526760 87.0 
1318 527523 93.0 
1450 580353 94.0 
1478 591279 97.0 
1498 599357 98.0 
1622 649101 100.0 
==== END RUN ====
0 1 1.0 
0 5 3.0 
0 24 4.0 
0 49 6.0 
0 61 14.0 
40 16023 16.0 
96 38519 17.0 
116 46455 21.0 
195 78306 26.0 
235 94213 27.0 
266 106539 28.0 
339 135988 31.0 
351 140419 34.0 
462 184811 35.0 
476 190571 36.0 
498 199438 38.0 
526 210725 39.0 
548 219343 40.0 
554 221822 41.0 
626 250711 43.0 
630 252331 45.0 
651 260549 46.0 
687 274811 47.0 
691 276623 56.0 
888 355509 59.0 
975 390260 60.0 
1002 401190 63.0 
1068 427501 64.0 
1088 435439 65.0 
1178 471305 66.0 
1189 475843 67.0 
1191 476758 68.0 
1281 512675 70.0 
1350 540035 73.0 
1386 554657 74.0 
1439 575709 77.0 
1519 607783 78.0 
1580 632097 79.0 
1590 636309 80.0 
1606 642733 85.0 
1630 652171 86.0 
1676 670735 89.0 
1717 686849 92.0 
1735 694141 96.0 
1758 703577 97.0 
1780 712253 100.0 
==== END RUN ====
0 1 1.0 
0 5 2.0 
0 11 7.0 
1 549 9.0 
1 625 10.0 
1 722 11.0 
6 2779 14.0 
9 3972 17.0 
17 7085 18.0 
69 27886 22.0 
160 64244 24.0 
176 70557 26.0 
244 97665 30.0 
293 117423 31.0 
295 118125 33.0 
353 141512 34.0 
393 157521 35.0 
404 161825 36.0 
446 178632 38.0 
474 189966 42.0 
542 216821 44.0 
555 222043 45.0 
609 243802 47.0 
641 256764 48.0 
680 272073 50.0 
715 286143 54.0 
715 286181 55.0 
765 306368 57.0 
786 314709 58.0 
852 341150 59.0 
857 343126 63.0 
888 355566 67.0 
993 397488 68.0 
1026 410750 70.0 
1029 411835 71.0 
1080 432063 72.0 
1093 437575 73.0 
1099 439883 77.0 
1151 460711 80.0 
1220 488332 81.0 
1280 512115 82.0 
1306 522751 84.0 
1375 550291 86.0 
1414 565815 87.0 
1515 606374 89.0 
1531 612745 95.0 
1606 642419 96.0 
1674 669975 97.0 
1735 694383 98.0 
1782 713019 100.0 
==== END RUN ====
0 1 1.0 
0 3 2.0 
0 5 3.0 
0 22 5.0 
0 177 6.0 
0 385 7.0 
1 512 8.0 
4 1734 10.0 
5 2287 11.0 
5 2340 14.0 
13 5467 18.0 
98 39534 19.0 
132 52980 20.0 
142 57025 22.0 
156 62517 23.0 
200 80055 26.0 
209 83998 27.0 
219 87924 28.0 
248 99203 30.0 
282 113185 31.0 
308 123493 35.0 
343 137437 38.0 
405 162115 39.0 
424 169836 41.0 
456 182501 43.0 
469 187759 48.0 
515 206306 49.0 
638 255375 50.0 
665 266353 51.0 
720 288372 52.0 
738 295446 53.0 
755 302193 55.0 
798 319557 56.0 
832 332819 57.0 
936 374627 58.0 
970 388119 59.0 
1016 406772 61.0 
1061 424523 63.0 
1102 440843 64.0 
1109 443884 66.0 
1131 452485 67.0 
1134 453912 70.0 
1185 474281 71.0 
1271 508681 72.0 
1309 523939 75.0 
1320 528283 76.0 
1349 539987 77.0 
1382 552849 79.0 
1409 563889 81.0 
1492 597073 83.0 
1534 613931 84.0 
1567 626959 85.0 
1569 627617 88.0 
1629 651683 90.0 
1660 664355 91.0 
1661 664405 94.0 
1786 714639 95.0 
1846 738565 97.0 
1887 754807 99.0 
1964 785881 100.0 
==== END RUN ====
0 1 3.0 
0 15 6.0 
0 27 8.0 
0 111 9.0 
0 318 11.0 
4 1633 12.0 
12 4923 13.0 
15 6398 15.0 
18 7398 18.0 
50 20300 19.0 
74 29956 22.0 
167 66939 23.0 
179 71822 26.0 
236 94576 27.0 
237 95195 29.0 
311 124491 31.0 
336 134626 34.0 
376 150411 35.0 
382 153043 37.0 
392 156901 38.0 
452 181120 39.0 
472 189151 40.0 
487 194931 41.0 
499 199955 43.0 
501 200649 46.0 
543 217395 50.0 
556 222624 54.0 
620 248085 58.0 
669 267995 59.0 
715 286203 62.0 
766 306649 65.0 
831 332794 68.0 
850 340393 69.0 
877 350915 70.0 
946 378595 72.0 
1004 401733 73.0 
1018 407479 75.0 
1025 410295 76.0 
1026 410732 77.0 
1043 417215 79.0 
1056 422439 80.0 
1059 423938 84.0 
1142 457186 85.0 
1183 473580 87.0 
1288 515231 88.0 
1289 515689 90.0 
1304 521955 92.0 
1378 551571 94.0 
1448 579569 95.0 
1458 583571 97.0 
1528 611591 100.0 
==== END RUN ====
