0 1 2.0 
0 7 3.0 
0 74 4.0 
0 76 5.0 
0 156 6.0 
0 183 7.0 
0 388 10.0 
1 805 14.0 
4 3275 15.0 
6 4839 16.0 
25 20131 17.0 
27 21733 19.0 
30 24133 20.0 
437 349731 21.0 
==== END RUN ====
0 1 1.0 
0 11 2.0 
0 15 4.0 
0 50 5.0 
0 61 8.0 
0 439 10.0 
13 10518 11.0 
17 13703 13.0 
23 18639 14.0 
26 20917 15.0 
==== END RUN ====
0 1 1.0 
0 3 3.0 
0 33 6.0 
0 99 8.0 
0 233 11.0 
1 1039 14.0 
6 4855 17.0 
24 19343 19.0 
51 40953 20.0 
53 42553 21.0 
==== END RUN ====
0 1 1.0 
0 5 2.0 
0 15 4.0 
0 70 6.0 
0 206 7.0 
0 264 8.0 
0 602 9.0 
7 5673 10.0 
9 7275 11.0 
20 16087 13.0 
23 18509 15.0 
39 31327 16.0 
==== END RUN ====
0 1 2.0 
0 3 3.0 
0 11 4.0 
0 37 6.0 
0 392 7.0 
1 1521 9.0 
2 1647 11.0 
5 4071 13.0 
5 4232 17.0 
7 6193 18.0 
13 10547 19.0 
18 14549 20.0 
36 28961 22.0 
72 57781 24.0 
==== END RUN ====
0 1 2.0 
0 3 3.0 
0 31 4.0 
0 52 5.0 
0 79 6.0 
0 155 7.0 
0 345 8.0 
0 602 9.0 
1 1203 10.0 
3 2907 12.0 
6 5526 15.0 
6 5541 17.0 
22 17741 19.0 
==== END RUN ====
0 1 1.0 
0 7 6.0 
0 118 7.0 
0 316 8.0 
1 825 9.0 
1 916 11.0 
2 1979 12.0 
9 7414 13.0 
38 30511 14.0 
67 53719 16.0 
102 81733 17.0 
==== END RUN ====
0 1 1.0 
0 5 2.0 
0 26 3.0 
0 31 5.0 
0 100 8.0 
0 449 10.0 
2 2164 12.0 
51 40881 13.0 
84 67303 14.0 
94 75883 15.0 
140 112125 16.0 
181 144929 17.0 
==== END RUN ====
0 1 2.0 
0 3 5.0 
0 33 8.0 
1 969 11.0 
9 7265 12.0 
28 22497 13.0 
==== END RUN ====
0 1 3.0 
0 9 6.0 
0 21 7.0 
0 37 8.0 
2 1635 12.0 
4 3408 13.0 
7 5705 19.0 
8 6717 24.0 
47 37793 27.0 
327 261795 28.0 
==== END RUN ====
0 1 1.0 
0 3 2.0 
0 5 4.0 
0 21 6.0 
0 165 7.0 
0 245 8.0 
0 797 12.0 
7 5976 13.0 
11 8990 16.0 
21 16933 23.0 
26 20987 25.0 
30 24187 31.0 
48 38585 34.0 
54 43479 35.0 
==== END RUN ====
0 1 4.0 
0 21 8.0 
2 1770 12.0 
4 3399 14.0 
6 5266 16.0 
19 15333 19.0 
23 18531 21.0 
63 50409 23.0 
70 56185 24.0 
==== END RUN ====
0 1 1.0 
0 5 2.0 
0 9 4.0 
0 50 5.0 
0 142 8.0 
1 918 9.0 
1 1334 10.0 
2 1857 14.0 
9 7277 16.0 
32 25733 18.0 
59 47331 19.0 
90 72129 21.0 
==== END RUN ====
0 1 1.0 
0 11 2.0 
0 23 7.0 
0 75 13.0 
3 2648 14.0 
7 5707 15.0 
10 8105 17.0 
38 30539 18.0 
45 36147 20.0 
51 40949 21.0 
==== END RUN ====
0 1 2.0 
0 7 4.0 
0 15 5.0 
0 101 6.0 
0 136 8.0 
0 249 10.0 
1 1025 15.0 
2 1601 16.0 
7 5735 17.0 
8 6531 18.0 
10 8133 19.0 
15 12135 20.0 
29 23365 21.0 
38 30575 26.0 
==== END RUN ====
0 1 1.0 
0 3 2.0 
0 9 7.0 
0 221 10.0 
0 394 11.0 
1 908 12.0 
8 6850 13.0 
18 14511 15.0 
==== END RUN ====
0 1 1.0 
0 5 2.0 
0 9 3.0 
0 11 4.0 
0 43 6.0 
0 214 7.0 
1 1368 9.0 
14 11261 11.0 
15 12291 13.0 
16 12957 14.0 
21 16938 17.0 
28 22493 18.0 
34 27345 19.0 
74 59353 20.0 
==== END RUN ====
0 1 4.0 
0 42 5.0 
0 47 8.0 
1 871 9.0 
1 891 12.0 
1 1541 14.0 
2 1617 15.0 
4 3393 18.0 
4 3813 19.0 
6 5242 25.0 
13 10601 26.0 
1738 1390605 29.0 
==== END RUN ====
0 1 3.0 
0 19 5.0 
0 142 6.0 
0 194 7.0 
0 233 9.0 
2 2148 11.0 
9 7291 13.0 
16 12895 16.0 
20 16095 17.0 
127 101695 18.0 
==== END RUN ====
0 1 1.0 
0 3 2.0 
0 11 4.0 
0 137 5.0 
0 291 7.0 
0 711 8.0 
3 2760 10.0 
3 2859 11.0 
4 3327 12.0 
4 3821 13.0 
5 4390 16.0 
5 4433 21.0 
6 5502 25.0 
22 17807 26.0 
==== END RUN ====
0 1 1.0 
0 5 3.0 
0 33 7.0 
0 107 8.0 
0 298 9.0 
0 511 11.0 
5 4641 16.0 
14 11329 18.0 
40 32151 19.0 
55 44153 20.0 
60 48165 22.0 
62 49765 23.0 
==== END RUN ====
0 1 3.0 
0 36 4.0 
0 48 5.0 
0 116 6.0 
0 279 7.0 
0 543 9.0 
1 1444 12.0 
8 6471 14.0 
22 17677 15.0 
30 24121 18.0 
52 41745 23.0 
60 48189 25.0 
92 73803 28.0 
135 108229 29.0 
==== END RUN ====
0 1 5.0 
0 25 7.0 
0 481 8.0 
0 699 12.0 
1 803 13.0 
2 1651 15.0 
8 6552 16.0 
13 10531 17.0 
==== END RUN ====
0 1 1.0 
0 5 3.0 
0 33 5.0 
0 141 6.0 
0 321 8.0 
0 344 10.0 
1 1515 12.0 
24 19663 13.0 
25 20479 18.0 
27 21699 19.0 
40 32153 23.0 
==== END RUN ====
0 1 2.0 
0 7 3.0 
0 47 10.0 
0 341 11.0 
9 7651 13.0 
19 15307 14.0 
41 32913 17.0 
==== END RUN ====
0 1 2.0 
0 15 3.0 
0 23 4.0 
0 48 5.0 
0 71 7.0 
0 254 8.0 
1 1011 10.0 
1 1440 12.0 
1 1458 13.0 
3 2887 15.0 
4 3417 16.0 
7 5780 18.0 
12 9739 21.0 
28 22569 23.0 
30 24173 25.0 
==== END RUN ====
0 1 1.0 
0 5 4.0 
0 9 5.0 
0 35 6.0 
0 166 8.0 
0 577 9.0 
1 857 10.0 
1 1312 11.0 
1 1568 12.0 
2 1889 13.0 
3 2831 15.0 
4 3301 18.0 
4 3375 19.0 
9 7357 20.0 
21 16963 21.0 
25 20161 22.0 
27 21767 23.0 
148 118565 24.0 
==== END RUN ====
0 1 1.0 
0 3 2.0 
0 5 4.0 
0 49 9.0 
3 2847 12.0 
4 3798 13.0 
4 3940 16.0 
41 32931 19.0 
46 36929 20.0 
70 56161 22.0 
88 70583 23.0 
89 71377 25.0 
==== END RUN ====
0 1 2.0 
0 3 6.0 
0 31 9.0 
0 451 10.0 
0 594 11.0 
1 913 12.0 
1 1351 14.0 
17 13705 15.0 
18 14511 16.0 
==== END RUN ====
0 1 3.0 
0 67 6.0 
0 187 8.0 
0 690 9.0 
1 1291 10.0 
2 1693 13.0 
2 2368 14.0 
4 3326 15.0 
5 4019 16.0 
7 5866 17.0 
40 32137 22.0 
43 34541 24.0 
79 63395 27.0 
==== END RUN ====
0 1 1.0 
0 3 4.0 
0 119 7.0 
0 186 14.0 
35 28387 16.0 
45 36129 21.0 
==== END RUN ====
0 1 1.0 
0 7 2.0 
0 15 5.0 
0 244 8.0 
0 421 11.0 
2 1685 14.0 
2 2138 15.0 
4 3253 16.0 
4 3317 17.0 
5 4023 18.0 
7 5729 21.0 
46 36975 23.0 
==== END RUN ====
0 1 1.0 
0 3 2.0 
0 5 4.0 
0 33 5.0 
0 49 8.0 
0 718 10.0 
1 881 12.0 
3 3182 13.0 
4 3317 17.0 
24 19341 19.0 
29 23337 20.0 
37 29743 23.0 
42 34224 24.0 
50 40141 26.0 
==== END RUN ====
0 1 4.0 
0 11 5.0 
0 82 9.0 
1 1050 12.0 
6 4863 14.0 
6 4962 15.0 
7 5635 16.0 
8 7099 17.0 
9 7660 19.0 
11 8943 20.0 
13 10563 22.0 
17 13761 23.0 
31 24985 26.0 
63 50613 29.0 
125 100209 30.0 
==== END RUN ====
0 1 2.0 
0 11 3.0 
0 23 4.0 
0 45 6.0 
0 117 7.0 
1 938 8.0 
1 1120 10.0 
17 13687 11.0 
18 14485 13.0 
681 544881 16.0 
==== END RUN ====
0 1 1.0 
0 3 4.0 
0 7 5.0 
0 201 6.0 
0 312 7.0 
0 345 9.0 
4 3577 12.0 
4 3764 13.0 
5 4436 15.0 
16 12905 17.0 
18 14509 19.0 
178 142505 20.0 
==== END RUN ====
0 1 1.0 
0 5 2.0 
0 9 6.0 
0 361 10.0 
1 801 11.0 
1 957 12.0 
1 999 14.0 
3 2411 17.0 
10 8137 18.0 
35 28151 21.0 
46 36975 22.0 
819 655371 23.0 
==== END RUN ====
0 1 1.0 
0 9 3.0 
0 15 4.0 
0 37 6.0 
0 160 10.0 
0 201 11.0 
0 306 12.0 
2 1691 13.0 
3 2505 16.0 
10 8129 19.0 
48 38555 21.0 
==== END RUN ====
0 1 3.0 
0 17 4.0 
0 23 5.0 
0 31 9.0 
0 503 11.0 
2 1767 14.0 
2 1933 17.0 
4 3831 18.0 
8 6902 19.0 
17 13753 20.0 
==== END RUN ====
0 1 3.0 
0 5 8.0 
0 375 10.0 
2 2330 11.0 
2 2338 12.0 
4 3589 13.0 
4 3781 14.0 
7 5899 16.0 
15 12131 17.0 
63 50529 18.0 
==== END RUN ====
0 1 3.0 
0 50 4.0 
0 57 6.0 
0 209 7.0 
0 326 10.0 
2 1781 13.0 
2 2020 14.0 
3 2773 15.0 
4 3446 16.0 
11 8929 17.0 
14 11564 18.0 
25 20145 21.0 
35 28173 24.0 
==== END RUN ====
0 1 1.0 
0 3 2.0 
0 15 3.0 
0 19 6.0 
0 67 7.0 
0 710 9.0 
1 1150 10.0 
16 12883 13.0 
21 16887 18.0 
==== END RUN ====
0 1 3.0 
0 7 4.0 
0 23 6.0 
0 413 7.0 
0 441 8.0 
0 767 9.0 
0 771 10.0 
1 963 11.0 
1 1088 12.0 
1 1100 15.0 
12 9709 16.0 
42 33729 17.0 
60 48682 23.0 
71 56985 24.0 
72 57785 25.0 
==== END RUN ====
0 1 6.0 
0 19 9.0 
2 1659 12.0 
2 2075 13.0 
4 3259 15.0 
5 4027 17.0 
10 8137 18.0 
11 8939 21.0 
23 18571 22.0 
26 20973 25.0 
26 20975 27.0 
47 37821 28.0 
==== END RUN ====
0 1 1.0 
0 9 3.0 
0 42 5.0 
0 53 7.0 
0 626 8.0 
1 843 11.0 
10 8085 12.0 
24 19299 13.0 
25 20097 17.0 
41 32937 18.0 
==== END RUN ====
0 1 7.0 
0 43 9.0 
0 214 10.0 
1 877 12.0 
3 2471 14.0 
4 3437 15.0 
10 8125 16.0 
15 12121 17.0 
15 12125 19.0 
37 29755 20.0 
37 29757 21.0 
46 36959 24.0 
68 54599 25.0 
73 58595 28.0 
==== END RUN ====
0 1 2.0 
0 9 3.0 
0 33 6.0 
0 45 10.0 
0 179 12.0 
3 2481 14.0 
7 5659 16.0 
16 13473 17.0 
24 19337 18.0 
==== END RUN ====
0 1 1.0 
0 5 4.0 
0 45 7.0 
0 184 9.0 
0 237 10.0 
0 625 11.0 
2 1964 12.0 
9 7293 14.0 
34 27315 15.0 
==== END RUN ====
0 1 1.0 
0 3 4.0 
0 39 6.0 
0 78 9.0 
1 1501 17.0 
20 16137 19.0 
48 38559 22.0 
74 59355 23.0 
==== END RUN ====
0 1 1.0 
0 7 3.0 
0 13 4.0 
0 51 5.0 
0 82 6.0 
0 87 8.0 
0 141 11.0 
3 2463 12.0 
3 2702 13.0 
3 2717 24.0 
19 15395 26.0 
31 25011 27.0 
58 46621 28.0 
96 77027 29.0 
==== END RUN ====
