0 1 1.0 
0 9 4.0 
0 39 7.0 
2 204 8.0 
4 442 10.0 
10 1071 11.0 
14 1424 13.0 
26 2661 17.0 
38 3847 18.0 
44 4418 23.0 
61 6140 27.0 
99 9912 28.0 
106 10626 29.0 
110 11070 31.0 
120 12019 32.0 
126 12645 33.0 
138 13865 34.0 
149 14939 35.0 
149 14961 38.0 
158 15898 39.0 
167 16713 43.0 
173 17364 47.0 
197 19769 48.0 
204 20481 52.0 
220 22004 59.0 
255 25540 61.0 
280 28093 62.0 
291 29184 65.0 
292 29298 66.0 
311 31167 68.0 
315 31574 70.0 
333 33386 76.0 
350 35036 77.0 
361 36158 80.0 
361 36190 81.0 
374 37474 82.0 
393 39334 83.0 
394 39478 85.0 
404 40488 87.0 
418 41892 88.0 
425 42569 90.0 
434 43422 91.0 
438 43870 92.0 
445 44515 95.0 
461 46104 98.0 
467 46783 99.0 
478 47846 100.0 
==== END RUN ====
0 1 2.0 
0 29 5.0 
0 37 7.0 
0 80 10.0 
7 732 13.0 
19 1901 14.0 
31 3198 15.0 
35 3530 16.0 
38 3822 17.0 
46 4649 19.0 
50 5022 21.0 
61 6108 22.0 
61 6130 24.0 
73 7345 28.0 
118 11887 29.0 
121 12118 32.0 
122 12260 33.0 
136 13604 35.0 
136 13660 36.0 
164 16443 42.0 
183 18384 43.0 
205 20524 44.0 
206 20617 45.0 
208 20856 46.0 
222 22243 47.0 
226 22613 48.0 
227 22750 50.0 
229 22916 51.0 
232 23204 52.0 
236 23631 53.0 
260 26067 55.0 
264 26423 57.0 
278 27818 59.0 
281 28119 62.0 
296 29669 63.0 
304 30426 64.0 
320 32066 66.0 
329 32935 69.0 
338 33815 71.0 
358 35838 76.0 
380 38061 77.0 
390 39091 78.0 
392 39244 80.0 
394 39480 85.0 
435 43563 90.0 
466 46630 91.0 
467 46777 92.0 
476 47679 93.0 
479 47947 94.0 
480 48006 96.0 
497 49745 98.0 
500 50006 99.0 
508 50837 100.0 
==== END RUN ====
0 1 0.0 
0 3 5.0 
0 79 6.0 
3 350 9.0 
4 415 12.0 
34 3493 15.0 
40 4074 16.0 
48 4826 19.0 
68 6842 21.0 
70 7060 22.0 
74 7474 23.0 
93 9314 25.0 
98 9838 26.0 
102 10284 27.0 
105 10569 28.0 
110 11015 32.0 
128 12871 33.0 
134 13418 35.0 
141 14179 37.0 
158 15879 38.0 
163 16383 39.0 
168 16812 41.0 
172 17266 42.0 
177 17752 43.0 
179 17972 44.0 
186 18602 45.0 
198 19888 47.0 
204 20478 48.0 
220 22013 49.0 
222 22279 56.0 
247 24763 57.0 
259 25952 59.0 
276 27689 63.0 
279 27922 64.0 
291 29139 66.0 
305 30526 67.0 
316 31624 68.0 
321 32101 71.0 
337 33777 76.0 
352 35233 77.0 
371 37107 78.0 
372 37249 79.0 
376 37620 82.0 
395 39507 83.0 
396 39643 89.0 
445 44545 91.0 
453 45344 92.0 
453 45347 94.0 
467 46787 95.0 
475 47590 98.0 
480 48089 99.0 
489 48929 100.0 
==== END RUN ====
0 1 0.0 
0 5 5.0 
0 25 7.0 
7 766 10.0 
10 1051 11.0 
15 1537 13.0 
32 3285 14.0 
36 3637 15.0 
39 3990 17.0 
40 4042 21.0 
53 5322 23.0 
66 6613 24.0 
88 8849 26.0 
97 9761 28.0 
104 10461 29.0 
106 10632 30.0 
112 11271 31.0 
127 12731 32.0 
134 13498 33.0 
141 14157 34.0 
146 14667 35.0 
150 15011 38.0 
155 15543 39.0 
163 16363 40.0 
167 16729 41.0 
180 18009 44.0 
193 19347 46.0 
195 19523 48.0 
204 20481 51.0 
210 21060 52.0 
231 23176 54.0 
243 24338 55.0 
269 26947 56.0 
274 27435 60.0 
281 28114 61.0 
302 30265 62.0 
308 30893 66.0 
330 33025 67.0 
337 33720 68.0 
348 34873 69.0 
348 34880 71.0 
351 35122 72.0 
361 36144 74.0 
377 37756 75.0 
378 37876 79.0 
396 39647 81.0 
408 40881 83.0 
409 40941 85.0 
422 42213 86.0 
422 42218 87.0 
442 44267 89.0 
444 44412 91.0 
456 45664 92.0 
457 45753 94.0 
472 47224 95.0 
487 48757 96.0 
497 49735 98.0 
506 50671 100.0 
==== END RUN ====
0 1 1.0 
0 4 2.0 
0 13 4.0 
0 35 8.0 
3 305 9.0 
9 981 10.0 
10 1015 13.0 
16 1667 15.0 
46 4630 17.0 
54 5473 23.0 
74 7404 25.0 
84 8436 27.0 
97 9713 29.0 
113 11362 30.0 
121 12104 31.0 
122 12220 34.0 
142 14229 35.0 
146 14615 36.0 
150 15073 37.0 
154 15441 39.0 
166 16684 41.0 
174 17417 43.0 
189 18981 46.0 
205 20520 48.0 
206 20681 51.0 
221 22166 54.0 
250 25084 55.0 
251 25129 56.0 
253 25306 57.0 
264 26439 59.0 
268 26831 60.0 
275 27577 61.0 
278 27880 63.0 
305 30516 64.0 
308 30900 69.0 
316 31667 71.0 
351 35148 72.0 
353 35326 75.0 
363 36318 79.0 
377 37740 80.0 
383 38343 82.0 
386 38611 83.0 
392 39237 84.0 
392 39251 85.0 
404 40456 87.0 
406 40637 88.0 
425 42517 90.0 
431 43165 95.0 
451 45102 96.0 
454 45465 97.0 
471 47177 100.0 
==== END RUN ====
0 1 0.0 
0 2 3.0 
0 23 4.0 
0 57 6.0 
0 89 10.0 
12 1243 14.0 
25 2507 15.0 
28 2899 16.0 
43 4389 17.0 
44 4401 19.0 
52 5232 21.0 
58 5823 22.0 
66 6644 26.0 
92 9206 27.0 
94 9476 28.0 
112 11277 33.0 
121 12178 34.0 
142 14249 36.0 
148 14861 37.0 
156 15636 41.0 
161 16103 42.0 
169 16938 44.0 
203 20303 45.0 
205 20501 48.0 
213 21325 50.0 
221 22152 52.0 
241 24182 54.0 
251 25129 56.0 
262 26232 57.0 
264 26457 58.0 
277 27781 59.0 
278 27822 62.0 
288 28842 63.0 
296 29648 64.0 
306 30619 68.0 
331 33138 69.0 
345 34598 71.0 
363 36334 72.0 
371 37102 74.0 
375 37583 75.0 
378 37843 76.0 
380 38003 77.0 
395 39561 78.0 
400 40035 79.0 
403 40366 80.0 
409 40921 81.0 
413 41398 87.0 
455 45509 89.0 
461 46116 94.0 
477 47794 95.0 
488 48858 96.0 
489 48964 98.0 
497 49744 99.0 
512 51252 100.0 
==== END RUN ====
0 1 0.0 
0 2 1.0 
0 4 3.0 
0 11 4.0 
0 49 6.0 
1 143 7.0 
4 433 10.0 
5 533 14.0 
26 2699 15.0 
40 4012 17.0 
44 4499 23.0 
93 9319 28.0 
110 11036 29.0 
122 12239 30.0 
127 12771 31.0 
132 13274 33.0 
135 13568 34.0 
144 14466 36.0 
149 14977 38.0 
150 15003 40.0 
169 16967 41.0 
178 17890 43.0 
188 18865 44.0 
188 18900 47.0 
199 19998 51.0 
236 23625 52.0 
240 24020 54.0 
247 24785 57.0 
269 26933 58.0 
286 28614 59.0 
289 28915 66.0 
310 31044 68.0 
325 32517 70.0 
335 33567 72.0 
340 34014 74.0 
358 35822 75.0 
358 35854 79.0 
388 38867 80.0 
391 39138 81.0 
399 39990 83.0 
408 40854 85.0 
411 41158 86.0 
424 42483 88.0 
429 42909 93.0 
469 46952 96.0 
470 47054 97.0 
487 48702 100.0 
==== END RUN ====
0 1 2.0 
0 8 6.0 
1 109 7.0 
3 337 8.0 
7 729 10.0 
9 914 12.0 
13 1391 13.0 
25 2540 14.0 
26 2647 15.0 
33 3356 19.0 
59 5937 20.0 
66 6633 21.0 
70 7084 22.0 
75 7600 23.0 
79 7926 24.0 
90 9004 26.0 
104 10405 30.0 
120 12039 31.0 
130 13096 34.0 
135 13573 35.0 
144 14424 36.0 
154 15437 37.0 
159 15965 38.0 
160 16056 41.0 
189 18935 42.0 
197 19794 44.0 
198 19881 46.0 
207 20753 47.0 
235 23530 50.0 
252 25279 51.0 
255 25545 52.0 
256 25617 53.0 
260 26052 56.0 
285 28592 58.0 
287 28798 59.0 
290 29046 62.0 
314 31480 64.0 
330 33081 65.0 
343 34396 67.0 
345 34539 68.0 
346 34658 69.0 
359 35978 70.0 
367 36714 72.0 
378 37877 73.0 
391 39124 75.0 
399 39932 77.0 
409 40901 79.0 
425 42563 80.0 
435 43554 81.0 
443 44332 83.0 
461 46111 84.0 
462 46288 88.0 
473 47308 90.0 
488 48868 93.0 
509 50932 96.0 
519 51990 98.0 
529 52928 100.0 
==== END RUN ====
0 1 0.0 
0 2 2.0 
0 14 7.0 
3 345 8.0 
5 586 12.0 
11 1139 13.0 
27 2701 14.0 
30 3090 16.0 
46 4625 19.0 
65 6588 21.0 
67 6782 23.0 
83 8338 24.0 
83 8347 25.0 
85 8524 28.0 
86 8659 31.0 
129 12961 35.0 
146 14698 36.0 
162 16220 37.0 
162 16258 40.0 
167 16729 41.0 
179 17901 42.0 
179 17945 43.0 
185 18573 45.0 
199 19967 49.0 
215 21520 50.0 
223 22305 53.0 
236 23648 56.0 
247 24722 57.0 
249 24941 59.0 
261 26149 63.0 
280 28098 66.0 
299 29990 67.0 
319 31903 68.0 
319 31924 69.0 
332 33209 74.0 
343 34331 75.0 
377 37774 76.0 
386 38611 77.0 
391 39195 80.0 
410 41011 81.0 
419 41939 83.0 
424 42444 84.0 
436 43645 85.0 
442 44225 88.0 
460 46083 93.0 
482 48235 96.0 
498 49819 97.0 
500 50036 99.0 
509 50942 100.0 
==== END RUN ====
0 1 0.0 
0 4 1.0 
0 9 4.0 
0 28 5.0 
0 44 6.0 
1 173 10.0 
4 424 15.0 
34 3410 16.0 
46 4662 18.0 
49 4935 21.0 
64 6405 23.0 
73 7391 26.0 
95 9559 27.0 
103 10362 28.0 
108 10836 30.0 
119 11975 31.0 
121 12186 33.0 
127 12703 34.0 
139 13924 37.0 
151 15112 41.0 
174 17438 43.0 
184 18455 44.0 
191 19116 46.0 
209 20995 51.0 
239 23909 52.0 
243 24398 53.0 
245 24534 55.0 
252 25240 56.0 
260 26018 58.0 
274 27446 59.0 
291 29124 65.0 
306 30663 66.0 
322 32275 68.0 
344 34422 72.0 
369 36997 74.0 
373 37399 77.0 
392 39210 79.0 
397 39723 80.0 
415 41593 85.0 
419 41995 89.0 
431 43169 93.0 
485 48520 94.0 
487 48776 95.0 
488 48853 96.0 
496 49698 97.0 
499 49963 99.0 
511 51163 100.0 
==== END RUN ====
0 1 0.0 
0 2 7.0 
0 49 8.0 
2 254 11.0 
13 1333 12.0 
23 2309 14.0 
35 3584 15.0 
36 3614 16.0 
47 4738 19.0 
48 4868 20.0 
57 5714 21.0 
69 6940 22.0 
74 7494 24.0 
95 9510 25.0 
97 9800 29.0 
108 10830 32.0 
112 11225 33.0 
128 12874 34.0 
132 13260 45.0 
189 18927 46.0 
192 19219 47.0 
202 20222 53.0 
240 24010 55.0 
244 24423 57.0 
261 26199 59.0 
270 27019 60.0 
279 27985 61.0 
288 28889 62.0 
291 29137 65.0 
313 31366 68.0 
317 31789 70.0 
340 34056 75.0 
350 35086 76.0 
370 37079 80.0 
378 37833 82.0 
395 39519 83.0 
395 39581 88.0 
423 42388 90.0 
433 43359 91.0 
438 43877 93.0 
439 43948 94.0 
454 45442 95.0 
457 45790 98.0 
468 46862 99.0 
486 48660 100.0 
==== END RUN ====
0 1 1.0 
0 2 2.0 
0 5 3.0 
0 8 5.0 
2 246 6.0 
3 357 7.0 
4 442 9.0 
11 1186 10.0 
12 1206 14.0 
30 3052 16.0 
33 3325 18.0 
47 4770 20.0 
68 6899 23.0 
79 7946 25.0 
86 8649 27.0 
98 9807 28.0 
100 10042 31.0 
126 12693 37.0 
155 15513 44.0 
198 19840 45.0 
201 20111 46.0 
208 20886 48.0 
214 21488 49.0 
222 22285 50.0 
224 22407 51.0 
230 23085 52.0 
232 23298 53.0 
236 23625 54.0 
247 24767 56.0 
266 26608 59.0 
278 27826 60.0 
282 28250 64.0 
304 30465 66.0 
313 31323 69.0 
320 32056 71.0 
322 32213 76.0 
357 35723 78.0 
377 37732 81.0 
381 38148 84.0 
400 40007 85.0 
412 41281 86.0 
414 41482 90.0 
431 43103 91.0 
443 44318 92.0 
444 44466 93.0 
452 45210 98.0 
486 48644 100.0 
==== END RUN ====
0 1 3.0 
0 14 4.0 
0 43 7.0 
6 679 9.0 
7 701 12.0 
20 2076 13.0 
30 3057 15.0 
34 3497 16.0 
44 4427 28.0 
104 10415 30.0 
112 11209 32.0 
119 11967 33.0 
130 13002 34.0 
133 13303 35.0 
136 13632 36.0 
138 13829 40.0 
159 15929 43.0 
161 16101 45.0 
173 17344 46.0 
190 19011 49.0 
203 20363 50.0 
210 21041 53.0 
227 22767 54.0 
234 23417 58.0 
259 25980 61.0 
269 26959 62.0 
286 28603 63.0 
287 28766 65.0 
297 29779 66.0 
301 30109 68.0 
318 31828 69.0 
322 32270 70.0 
333 33348 76.0 
362 36210 79.0 
380 38050 82.0 
388 38895 83.0 
393 39334 84.0 
395 39517 87.0 
404 40473 91.0 
406 40660 99.0 
454 45458 100.0 
==== END RUN ====
0 1 0.0 
0 2 1.0 
0 6 2.0 
0 7 3.0 
0 10 6.0 
0 69 8.0 
0 95 9.0 
13 1340 10.0 
16 1679 11.0 
20 2063 15.0 
25 2576 16.0 
48 4884 18.0 
49 4984 19.0 
61 6125 22.0 
63 6329 23.0 
78 7899 24.0 
82 8218 25.0 
83 8360 26.0 
84 8492 27.0 
96 9665 29.0 
104 10456 30.0 
111 11170 32.0 
125 12593 34.0 
130 13086 35.0 
135 13541 38.0 
146 14638 39.0 
167 16712 40.0 
168 16810 44.0 
184 18467 50.0 
212 21257 51.0 
221 22198 54.0 
247 24792 58.0 
272 27241 61.0 
282 28219 66.0 
293 29330 67.0 
315 31573 68.0 
316 31635 70.0 
318 31814 71.0 
324 32463 72.0 
327 32798 73.0 
340 34045 74.0 
352 35244 76.0 
360 36056 78.0 
365 36538 80.0 
386 38629 83.0 
396 39617 85.0 
404 40463 86.0 
417 41723 87.0 
425 42513 88.0 
430 43057 89.0 
432 43203 90.0 
436 43663 93.0 
455 45519 94.0 
467 46721 100.0 
==== END RUN ====
0 1 0.0 
0 2 4.0 
0 84 7.0 
2 219 14.0 
21 2118 24.0 
79 7990 26.0 
96 9652 27.0 
105 10582 28.0 
109 10966 31.0 
119 11983 33.0 
124 12461 34.0 
136 13692 35.0 
149 14976 37.0 
169 16910 38.0 
174 17463 46.0 
197 19736 50.0 
230 23014 51.0 
239 23961 52.0 
242 24204 53.0 
248 24806 57.0 
251 25135 60.0 
287 28766 62.0 
304 30450 63.0 
311 31192 65.0 
317 31735 70.0 
335 33527 71.0 
351 35141 72.0 
353 35397 76.0 
357 35771 77.0 
378 37886 79.0 
388 38832 81.0 
398 39816 83.0 
416 41625 85.0 
440 44009 88.0 
444 44448 90.0 
450 45066 92.0 
471 47198 93.0 
488 48816 94.0 
490 49087 96.0 
521 52138 98.0 
522 52226 100.0 
==== END RUN ====
0 1 1.0 
0 4 2.0 
0 8 6.0 
2 203 8.0 
4 478 11.0 
12 1211 14.0 
14 1430 17.0 
40 4020 20.0 
58 5816 21.0 
71 7124 22.0 
74 7418 23.0 
78 7862 24.0 
79 7944 25.0 
83 8313 26.0 
90 9032 29.0 
103 10374 33.0 
128 12899 34.0 
133 13377 35.0 
136 13690 36.0 
151 15194 37.0 
156 15695 39.0 
170 17073 40.0 
177 17741 41.0 
178 17854 44.0 
180 18001 47.0 
209 20904 48.0 
209 20918 50.0 
217 21753 51.0 
240 24041 52.0 
244 24455 53.0 
247 24711 54.0 
256 25636 55.0 
260 26022 56.0 
264 26425 57.0 
266 26609 58.0 
266 26614 59.0 
266 26692 60.0 
280 28003 62.0 
283 28387 64.0 
308 30827 66.0 
329 32985 68.0 
340 34078 70.0 
342 34223 74.0 
354 35472 76.0 
370 37096 77.0 
372 37229 81.0 
396 39609 84.0 
417 41757 86.0 
436 43683 89.0 
464 46463 90.0 
469 46929 91.0 
483 48398 92.0 
486 48606 93.0 
496 49634 94.0 
502 50210 95.0 
503 50395 98.0 
522 52252 99.0 
533 53368 100.0 
==== END RUN ====
0 1 0.0 
0 2 1.0 
0 8 3.0 
0 55 6.0 
0 90 8.0 
5 506 11.0 
15 1577 12.0 
27 2753 14.0 
27 2800 15.0 
32 3222 16.0 
34 3473 19.0 
43 4346 24.0 
68 6899 31.0 
111 11153 34.0 
133 13381 35.0 
150 15018 36.0 
153 15356 37.0 
158 15842 39.0 
166 16623 40.0 
175 17533 41.0 
181 18124 45.0 
187 18798 46.0 
195 19549 49.0 
196 19688 50.0 
205 20592 52.0 
221 22110 53.0 
229 22965 54.0 
238 23854 56.0 
247 24742 57.0 
248 24892 58.0 
249 24978 59.0 
264 26408 60.0 
270 27025 62.0 
283 28394 66.0 
299 29934 67.0 
300 30079 68.0 
304 30442 69.0 
319 31985 75.0 
337 33736 76.0 
352 35286 77.0 
369 36954 79.0 
386 38693 81.0 
393 39349 82.0 
398 39812 87.0 
421 42156 88.0 
429 42941 89.0 
432 43208 96.0 
451 45164 98.0 
473 47319 99.0 
477 47734 100.0 
==== END RUN ====
0 1 0.0 
0 2 1.0 
0 7 5.0 
1 116 6.0 
1 160 7.0 
1 184 8.0 
3 397 9.0 
8 883 11.0 
11 1163 12.0 
13 1310 13.0 
27 2739 15.0 
36 3632 16.0 
37 3709 21.0 
73 7342 23.0 
74 7466 24.0 
85 8565 26.0 
88 8802 33.0 
112 11276 34.0 
136 13695 35.0 
147 14706 37.0 
160 16070 40.0 
181 18135 41.0 
189 18947 46.0 
211 21174 47.0 
218 21867 48.0 
228 22831 49.0 
232 23261 50.0 
234 23406 52.0 
246 24652 54.0 
252 25297 55.0 
263 26301 58.0 
271 27167 60.0 
287 28791 63.0 
310 31083 64.0 
312 31218 68.0 
323 32312 72.0 
350 35068 73.0 
352 35288 81.0 
390 39083 83.0 
396 39690 84.0 
399 39993 86.0 
403 40375 87.0 
406 40606 89.0 
422 42279 90.0 
429 42932 93.0 
453 45339 94.0 
453 45395 96.0 
454 45422 97.0 
476 47688 98.0 
483 48313 100.0 
==== END RUN ====
0 1 0.0 
0 2 2.0 
0 3 3.0 
0 13 6.0 
0 84 8.0 
5 549 9.0 
8 892 10.0 
18 1883 11.0 
22 2241 12.0 
22 2298 16.0 
35 3586 17.0 
42 4220 19.0 
42 4232 22.0 
73 7338 23.0 
75 7575 24.0 
76 7629 26.0 
91 9143 27.0 
94 9404 28.0 
100 10089 30.0 
107 10769 32.0 
120 12032 33.0 
124 12466 34.0 
129 12929 36.0 
144 14433 37.0 
161 16172 40.0 
180 18063 41.0 
184 18484 45.0 
196 19681 47.0 
202 20283 49.0 
218 21816 50.0 
220 22018 51.0 
227 22747 52.0 
228 22872 56.0 
265 26514 58.0 
270 27080 59.0 
271 27103 60.0 
272 27241 61.0 
292 29210 63.0 
292 29238 64.0 
296 29619 66.0 
303 30381 68.0 
309 30980 69.0 
320 32080 70.0 
326 32695 71.0 
336 33611 72.0 
345 34540 74.0 
360 36038 75.0 
376 37639 76.0 
385 38536 77.0 
386 38666 78.0 
394 39415 79.0 
403 40384 81.0 
407 40712 85.0 
418 41826 89.0 
434 43469 90.0 
444 44461 91.0 
460 46039 92.0 
461 46106 93.0 
481 48115 94.0 
488 48838 95.0 
496 49637 96.0 
504 50468 97.0 
505 50536 99.0 
512 51246 100.0 
==== END RUN ====
0 1 0.0 
0 4 3.0 
0 22 4.0 
0 64 5.0 
1 197 7.0 
3 311 8.0 
4 412 9.0 
12 1246 12.0 
24 2408 15.0 
37 3769 18.0 
55 5575 23.0 
78 7838 28.0 
103 10367 29.0 
113 11346 30.0 
129 12914 32.0 
139 13924 33.0 
144 14459 34.0 
148 14898 35.0 
154 15479 37.0 
155 15576 38.0 
162 16292 39.0 
177 17766 40.0 
189 18962 41.0 
191 19116 42.0 
196 19609 44.0 
202 20288 45.0 
227 22771 52.0 
256 25671 55.0 
273 27374 63.0 
315 31595 67.0 
330 33015 70.0 
362 36244 72.0 
367 36759 73.0 
379 37907 74.0 
379 37981 78.0 
394 39431 81.0 
421 42161 83.0 
424 42457 85.0 
437 43718 86.0 
442 44226 87.0 
445 44592 88.0 
455 45552 90.0 
461 46192 95.0 
479 47981 96.0 
486 48612 98.0 
511 51185 100.0 
==== END RUN ====
0 1 0.0 
0 4 1.0 
0 8 2.0 
0 14 3.0 
0 19 5.0 
0 67 6.0 
2 210 8.0 
3 339 9.0 
9 926 11.0 
26 2626 13.0 
26 2628 15.0 
40 4072 16.0 
44 4444 18.0 
50 5061 19.0 
58 5844 22.0 
69 6963 23.0 
83 8316 24.0 
85 8524 27.0 
97 9790 28.0 
111 11151 29.0 
118 11845 30.0 
129 12974 32.0 
132 13273 33.0 
140 14037 34.0 
146 14674 35.0 
150 15033 36.0 
152 15219 40.0 
166 16668 42.0 
179 17978 43.0 
184 18407 44.0 
198 19879 45.0 
211 21119 46.0 
221 22193 47.0 
231 23121 48.0 
236 23698 49.0 
242 24227 51.0 
245 24564 53.0 
256 25630 54.0 
259 25931 56.0 
277 27755 57.0 
280 28050 58.0 
289 28916 59.0 
295 29545 60.0 
299 29982 61.0 
313 31384 63.0 
318 31821 70.0 
335 33584 72.0 
354 35426 73.0 
360 36038 75.0 
374 37469 77.0 
391 39105 78.0 
391 39147 79.0 
391 39189 84.0 
422 42275 86.0 
426 42640 88.0 
441 44185 89.0 
448 44847 91.0 
486 48615 92.0 
487 48749 93.0 
493 49334 94.0 
507 50779 95.0 
514 51493 97.0 
519 51989 99.0 
520 52078 100.0 
==== END RUN ====
0 1 0.0 
0 3 1.0 
0 5 4.0 
0 22 5.0 
0 72 6.0 
1 179 10.0 
4 454 11.0 
6 684 12.0 
13 1301 13.0 
28 2852 22.0 
61 6147 23.0 
68 6846 26.0 
75 7556 30.0 
93 9320 32.0 
107 10776 33.0 
122 12245 34.0 
130 13064 36.0 
135 13571 37.0 
147 14772 38.0 
155 15560 41.0 
176 17642 43.0 
184 18495 45.0 
202 20211 46.0 
207 20717 48.0 
211 21111 49.0 
220 22081 51.0 
228 22872 52.0 
236 23636 53.0 
237 23787 54.0 
240 24006 56.0 
242 24277 57.0 
251 25195 58.0 
257 25723 60.0 
268 26873 63.0 
279 27993 65.0 
301 30138 66.0 
309 30902 72.0 
328 32892 75.0 
349 34967 79.0 
357 35739 80.0 
364 36450 81.0 
369 36903 82.0 
383 38375 83.0 
400 40001 86.0 
408 40844 87.0 
421 42165 90.0 
427 42799 91.0 
428 42879 93.0 
449 44938 94.0 
449 44963 97.0 
468 46858 99.0 
489 48911 100.0 
==== END RUN ====
0 1 0.0 
0 3 4.0 
0 15 5.0 
1 185 9.0 
2 226 12.0 
20 2050 14.0 
23 2399 16.0 
49 4991 23.0 
63 6367 25.0 
93 9331 26.0 
103 10318 28.0 
110 11070 29.0 
113 11336 31.0 
120 12023 32.0 
131 13177 33.0 
144 14454 34.0 
149 14918 38.0 
165 16511 39.0 
172 17202 43.0 
180 18023 44.0 
194 19476 47.0 
209 20925 48.0 
214 21443 49.0 
216 21680 50.0 
232 23274 53.0 
253 25396 54.0 
258 25816 55.0 
262 26263 57.0 
267 26787 58.0 
270 27036 59.0 
285 28571 60.0 
290 29062 62.0 
299 29906 64.0 
314 31490 65.0 
323 32385 66.0 
329 32940 67.0 
331 33120 69.0 
336 33606 70.0 
349 34948 71.0 
349 34960 72.0 
350 35048 75.0 
366 36637 77.0 
376 37676 78.0 
384 38491 80.0 
386 38640 85.0 
414 41438 86.0 
435 43589 87.0 
437 43793 88.0 
442 44207 89.0 
446 44604 94.0 
469 46921 95.0 
482 48251 96.0 
490 49081 97.0 
495 49589 98.0 
499 49962 99.0 
512 51263 100.0 
==== END RUN ====
0 1 6.0 
1 101 8.0 
4 469 9.0 
5 576 10.0 
12 1227 11.0 
21 2126 12.0 
21 2130 13.0 
27 2743 14.0 
34 3474 19.0 
46 4689 24.0 
91 9200 25.0 
96 9698 26.0 
99 9973 28.0 
100 10015 30.0 
105 10507 31.0 
106 10615 37.0 
144 14477 39.0 
155 15535 40.0 
157 15705 41.0 
163 16398 42.0 
172 17233 44.0 
176 17621 45.0 
186 18636 46.0 
195 19506 47.0 
202 20225 53.0 
235 23557 54.0 
251 25118 56.0 
261 26103 57.0 
264 26484 59.0 
278 27831 60.0 
283 28395 61.0 
293 29314 63.0 
299 29948 65.0 
307 30738 66.0 
326 32675 68.0 
333 33356 72.0 
345 34510 73.0 
356 35612 76.0 
360 36010 77.0 
366 36631 78.0 
373 37343 79.0 
375 37502 80.0 
392 39287 81.0 
397 39761 82.0 
402 40270 83.0 
407 40730 84.0 
412 41230 85.0 
417 41795 86.0 
419 41961 88.0 
444 44487 92.0 
451 45119 93.0 
460 46044 94.0 
472 47230 96.0 
483 48329 98.0 
485 48582 99.0 
501 50103 100.0 
==== END RUN ====
0 1 0.0 
0 3 2.0 
0 4 3.0 
0 11 4.0 
0 58 6.0 
1 165 7.0 
2 214 10.0 
5 540 13.0 
26 2623 16.0 
36 3615 18.0 
51 5196 22.0 
63 6324 25.0 
81 8172 27.0 
100 10090 28.0 
108 10837 33.0 
125 12511 36.0 
147 14737 39.0 
157 15792 44.0 
174 17467 45.0 
179 17993 47.0 
183 18319 49.0 
199 19951 50.0 
201 20165 51.0 
222 22237 55.0 
236 23663 59.0 
239 23996 60.0 
249 24917 61.0 
256 25674 62.0 
266 26621 66.0 
285 28520 69.0 
290 29086 73.0 
314 31414 76.0 
349 34946 78.0 
356 35604 80.0 
361 36188 81.0 
364 36494 83.0 
385 38544 87.0 
418 41859 88.0 
422 42277 90.0 
431 43104 91.0 
458 45883 99.0 
475 47589 100.0 
==== END RUN ====
0 1 0.0 
0 2 3.0 
0 44 4.0 
0 64 5.0 
1 148 6.0 
3 302 7.0 
4 442 9.0 
8 827 10.0 
11 1174 12.0 
14 1406 13.0 
25 2504 15.0 
34 3489 16.0 
42 4244 17.0 
52 5232 18.0 
54 5490 23.0 
69 6983 26.0 
100 10035 27.0 
102 10283 28.0 
106 10673 29.0 
112 11218 30.0 
115 11504 32.0 
127 12703 35.0 
156 15665 36.0 
160 16063 38.0 
167 16701 41.0 
175 17597 43.0 
184 18457 44.0 
187 18796 45.0 
188 18821 47.0 
208 20849 48.0 
224 22410 49.0 
226 22605 53.0 
238 23877 54.0 
246 24692 56.0 
260 26062 60.0 
274 27423 61.0 
275 27513 62.0 
294 29449 64.0 
311 31136 65.0 
320 32070 67.0 
321 32119 68.0 
323 32368 72.0 
358 35892 73.0 
369 36909 74.0 
373 37366 77.0 
399 39946 78.0 
400 40016 79.0 
401 40138 80.0 
403 40302 82.0 
404 40438 83.0 
418 41854 86.0 
420 42075 88.0 
434 43402 89.0 
441 44159 91.0 
461 46117 92.0 
469 46970 93.0 
484 48428 94.0 
491 49137 95.0 
493 49391 96.0 
496 49654 97.0 
501 50116 98.0 
508 50889 100.0 
==== END RUN ====
0 1 2.0 
0 3 3.0 
0 31 4.0 
0 51 7.0 
2 222 8.0 
4 494 11.0 
9 911 14.0 
17 1739 15.0 
39 3902 18.0 
51 5143 20.0 
56 5655 21.0 
62 6223 22.0 
78 7867 27.0 
100 10067 29.0 
111 11113 31.0 
124 12436 33.0 
135 13595 34.0 
150 15048 37.0 
177 17712 39.0 
177 17771 40.0 
186 18640 41.0 
189 19000 44.0 
195 19581 45.0 
219 21939 46.0 
221 22133 47.0 
229 22916 48.0 
236 23618 53.0 
260 26015 54.0 
261 26155 59.0 
292 29225 64.0 
311 31143 65.0 
321 32148 67.0 
342 34214 69.0 
344 34436 71.0 
345 34575 74.0 
363 36361 79.0 
383 38302 80.0 
401 40152 81.0 
421 42179 82.0 
422 42208 86.0 
441 44142 88.0 
449 44929 89.0 
449 44995 94.0 
485 48558 97.0 
500 50048 99.0 
509 50979 100.0 
==== END RUN ====
0 1 1.0 
0 2 6.0 
0 74 10.0 
6 700 11.0 
10 1076 17.0 
43 4377 23.0 
66 6601 24.0 
71 7185 25.0 
81 8116 26.0 
85 8556 28.0 
88 8873 29.0 
109 10949 30.0 
113 11327 31.0 
116 11647 34.0 
134 13427 36.0 
141 14102 38.0 
146 14631 40.0 
155 15501 41.0 
156 15633 49.0 
218 21887 51.0 
233 23326 53.0 
238 23887 58.0 
267 26751 60.0 
285 28570 61.0 
286 28700 62.0 
288 28892 65.0 
294 29439 71.0 
331 33197 74.0 
341 34109 75.0 
356 35617 84.0 
410 41096 85.0 
415 41562 92.0 
446 44620 95.0 
469 46994 96.0 
478 47843 99.0 
501 50134 100.0 
==== END RUN ====
0 1 0.0 
0 6 1.0 
0 22 2.0 
0 23 4.0 
0 37 6.0 
2 223 7.0 
2 244 9.0 
3 347 11.0 
22 2230 13.0 
24 2433 17.0 
51 5177 19.0 
62 6266 23.0 
84 8457 24.0 
87 8706 25.0 
90 9086 31.0 
103 10338 32.0 
118 11889 33.0 
137 13732 34.0 
137 13745 37.0 
157 15720 40.0 
160 16051 42.0 
172 17262 43.0 
175 17587 44.0 
179 17995 45.0 
187 18747 46.0 
191 19184 47.0 
195 19600 48.0 
200 20082 50.0 
224 22455 57.0 
247 24760 60.0 
272 27204 61.0 
282 28202 65.0 
287 28718 66.0 
298 29868 69.0 
323 32374 71.0 
327 32739 73.0 
344 34487 75.0 
346 34650 82.0 
388 38817 83.0 
388 38867 92.0 
426 42666 93.0 
434 43496 94.0 
447 44717 95.0 
459 45928 96.0 
460 46005 97.0 
465 46560 98.0 
475 47556 99.0 
487 48762 100.0 
==== END RUN ====
0 1 1.0 
0 11 6.0 
0 18 12.0 
17 1710 13.0 
41 4168 15.0 
43 4325 18.0 
63 6321 22.0 
86 8601 25.0 
90 9032 26.0 
101 10124 29.0 
103 10345 30.0 
106 10636 31.0 
113 11314 32.0 
132 13287 34.0 
150 15014 36.0 
156 15633 41.0 
183 18393 42.0 
189 18959 43.0 
209 20901 44.0 
214 21426 45.0 
222 22215 50.0 
224 22439 53.0 
262 26223 54.0 
270 27053 59.0 
293 29311 61.0 
297 29720 62.0 
301 30105 64.0 
331 33113 65.0 
333 33377 66.0 
334 33497 71.0 
359 35931 74.0 
391 39149 75.0 
397 39780 78.0 
405 40509 79.0 
412 41213 80.0 
426 42681 81.0 
427 42724 82.0 
441 44136 83.0 
453 45310 84.0 
458 45839 86.0 
468 46860 89.0 
474 47412 92.0 
477 47768 93.0 
493 49376 94.0 
498 49856 95.0 
507 50762 97.0 
509 50941 98.0 
517 51749 99.0 
534 53439 100.0 
==== END RUN ====
0 1 0.0 
0 2 1.0 
0 4 2.0 
0 20 12.0 
22 2241 13.0 
27 2792 14.0 
27 2798 18.0 
34 3423 22.0 
71 7132 23.0 
80 8036 27.0 
99 9931 28.0 
113 11319 29.0 
116 11671 31.0 
124 12405 33.0 
126 12656 34.0 
138 13822 35.0 
144 14426 36.0 
145 14520 37.0 
158 15812 39.0 
159 15979 41.0 
180 18056 44.0 
184 18460 45.0 
188 18838 46.0 
201 20187 48.0 
205 20526 49.0 
211 21146 50.0 
221 22158 53.0 
248 24887 55.0 
252 25240 56.0 
255 25599 58.0 
261 26183 69.0 
323 32392 70.0 
329 32913 71.0 
332 33226 72.0 
344 34415 74.0 
349 34922 75.0 
359 35947 78.0 
379 37963 82.0 
393 39333 84.0 
394 39409 88.0 
429 42925 90.0 
439 43902 91.0 
458 45848 92.0 
460 46084 93.0 
461 46199 94.0 
474 47468 97.0 
478 47867 100.0 
==== END RUN ====
0 1 1.0 
0 2 4.0 
0 17 8.0 
1 128 9.0 
10 1059 12.0 
20 2061 14.0 
37 3732 15.0 
37 3785 18.0 
43 4348 20.0 
57 5788 22.0 
74 7494 25.0 
86 8618 27.0 
90 9090 29.0 
101 10136 30.0 
105 10572 31.0 
109 10958 33.0 
128 12868 35.0 
133 13363 36.0 
142 14284 37.0 
146 14627 38.0 
152 15280 41.0 
178 17805 43.0 
188 18865 44.0 
198 19863 49.0 
222 22249 50.0 
225 22584 51.0 
236 23668 53.0 
241 24117 54.0 
244 24475 56.0 
255 25578 57.0 
270 27084 58.0 
271 27119 59.0 
276 27618 60.0 
292 29285 61.0 
301 30182 62.0 
302 30293 64.0 
308 30879 65.0 
310 31003 67.0 
315 31543 70.0 
349 34901 72.0 
355 35571 74.0 
376 37616 75.0 
377 37792 76.0 
384 38407 77.0 
386 38667 79.0 
411 41126 84.0 
432 43262 86.0 
460 46080 87.0 
471 47116 88.0 
477 47720 89.0 
479 47975 90.0 
487 48783 91.0 
497 49769 95.0 
503 50342 96.0 
521 52111 98.0 
525 52533 99.0 
532 53211 100.0 
==== END RUN ====
0 1 0.0 
0 3 2.0 
0 44 4.0 
1 157 5.0 
2 242 10.0 
13 1337 11.0 
14 1455 12.0 
22 2232 13.0 
32 3242 16.0 
38 3836 18.0 
41 4137 20.0 
44 4437 21.0 
61 6105 22.0 
66 6650 23.0 
74 7414 25.0 
82 8267 27.0 
93 9327 29.0 
104 10499 30.0 
107 10767 31.0 
108 10838 34.0 
111 11113 36.0 
143 14363 37.0 
152 15275 39.0 
161 16106 43.0 
178 17895 46.0 
190 19030 47.0 
196 19661 48.0 
197 19774 50.0 
218 21874 52.0 
224 22410 53.0 
241 24124 57.0 
252 25202 59.0 
253 25392 60.0 
265 26574 62.0 
276 27653 63.0 
277 27708 64.0 
312 31210 67.0 
319 31984 69.0 
336 33698 70.0 
337 33746 73.0 
344 34414 74.0 
348 34838 76.0 
363 36313 78.0 
367 36747 79.0 
376 37666 87.0 
407 40743 89.0 
438 43879 90.0 
448 44828 91.0 
451 45182 95.0 
464 46404 96.0 
476 47675 97.0 
488 48819 99.0 
488 48822 100.0 
==== END RUN ====
0 1 0.0 
0 2 1.0 
0 4 6.0 
2 227 8.0 
11 1117 11.0 
16 1630 12.0 
22 2276 13.0 
25 2564 17.0 
49 5000 19.0 
55 5570 21.0 
67 6720 23.0 
78 7848 24.0 
78 7895 25.0 
81 8136 28.0 
88 8849 30.0 
116 11616 31.0 
118 11887 33.0 
136 13618 38.0 
147 14736 40.0 
164 16466 42.0 
187 18770 44.0 
201 20121 45.0 
201 20187 48.0 
203 20327 49.0 
208 20898 50.0 
225 22590 52.0 
237 23777 54.0 
261 26179 55.0 
263 26301 57.0 
279 27960 61.0 
306 30656 63.0 
309 30983 64.0 
314 31471 66.0 
331 33198 72.0 
344 34495 75.0 
366 36673 77.0 
381 38152 79.0 
388 38836 80.0 
413 41317 82.0 
420 42036 84.0 
427 42743 85.0 
441 44107 86.0 
441 44131 92.0 
472 47287 94.0 
487 48753 97.0 
492 49267 98.0 
513 51348 99.0 
522 52254 100.0 
==== END RUN ====
0 1 0.0 
0 8 1.0 
0 9 2.0 
0 55 4.0 
0 72 6.0 
2 211 9.0 
6 636 16.0 
40 4006 17.0 
49 4954 18.0 
50 5094 26.0 
89 8913 31.0 
120 12085 34.0 
133 13378 37.0 
160 16002 40.0 
177 17721 43.0 
197 19749 44.0 
200 20092 45.0 
201 20107 51.0 
223 22359 53.0 
249 24945 57.0 
250 25001 59.0 
268 26889 60.0 
276 27633 61.0 
282 28288 62.0 
300 30019 63.0 
300 30069 64.0 
307 30769 65.0 
311 31121 67.0 
319 31960 68.0 
331 33117 70.0 
335 33559 73.0 
344 34489 76.0 
354 35486 77.0 
371 37198 78.0 
378 37867 79.0 
393 39364 80.0 
395 39558 85.0 
417 41729 87.0 
431 43101 89.0 
438 43885 90.0 
440 44039 91.0 
446 44616 92.0 
450 45095 95.0 
456 45645 98.0 
486 48643 100.0 
==== END RUN ====
0 1 0.0 
0 2 1.0 
0 6 2.0 
0 20 6.0 
0 32 7.0 
2 278 8.0 
3 338 9.0 
10 1002 10.0 
10 1099 11.0 
18 1886 13.0 
33 3342 16.0 
42 4287 18.0 
48 4868 19.0 
59 5996 20.0 
62 6300 21.0 
64 6406 23.0 
86 8631 24.0 
90 9017 25.0 
98 9900 26.0 
108 10834 29.0 
112 11260 30.0 
120 12024 32.0 
127 12797 39.0 
166 16634 40.0 
168 16874 41.0 
180 18021 42.0 
185 18571 43.0 
190 19094 44.0 
193 19301 45.0 
194 19406 46.0 
206 20606 49.0 
222 22229 54.0 
244 24440 55.0 
266 26617 56.0 
266 26648 57.0 
268 26851 59.0 
271 27163 62.0 
295 29514 63.0 
306 30612 66.0 
308 30833 67.0 
321 32113 70.0 
338 33891 71.0 
349 34909 73.0 
363 36312 74.0 
364 36417 75.0 
379 37929 76.0 
381 38114 77.0 
395 39534 79.0 
413 41305 80.0 
417 41724 81.0 
418 41855 83.0 
444 44482 85.0 
445 44568 96.0 
483 48393 100.0 
==== END RUN ====
0 1 0.0 
0 2 3.0 
0 22 4.0 
0 34 6.0 
0 99 7.0 
5 597 8.0 
8 812 9.0 
10 1079 10.0 
16 1641 13.0 
22 2268 15.0 
32 3224 16.0 
35 3537 17.0 
39 3964 18.0 
47 4782 20.0 
48 4884 22.0 
60 6062 28.0 
83 8397 29.0 
107 10745 30.0 
108 10882 31.0 
120 12023 35.0 
140 14085 38.0 
149 14989 39.0 
167 16757 41.0 
171 17181 42.0 
178 17851 44.0 
184 18455 46.0 
205 20570 48.0 
211 21195 49.0 
214 21419 51.0 
235 23589 52.0 
243 24323 53.0 
246 24607 54.0 
251 25197 56.0 
255 25522 57.0 
258 25801 65.0 
309 30930 68.0 
320 32013 74.0 
342 34262 75.0 
349 34928 76.0 
354 35426 77.0 
364 36453 78.0 
380 38015 79.0 
382 38219 81.0 
389 38923 85.0 
409 40916 88.0 
428 42856 89.0 
438 43840 91.0 
460 46052 93.0 
467 46771 95.0 
482 48259 96.0 
488 48851 99.0 
496 49622 100.0 
==== END RUN ====
0 1 2.0 
0 10 3.0 
0 28 4.0 
0 34 7.0 
2 242 10.0 
20 2081 12.0 
26 2612 14.0 
38 3849 18.0 
49 4905 19.0 
52 5276 22.0 
72 7296 23.0 
73 7323 24.0 
79 7924 25.0 
86 8618 26.0 
104 10493 29.0 
107 10719 32.0 
118 11888 34.0 
137 13783 37.0 
156 15647 38.0 
171 17103 40.0 
177 17753 41.0 
183 18319 46.0 
205 20557 51.0 
231 23115 52.0 
235 23596 53.0 
246 24695 54.0 
247 24766 58.0 
274 27428 59.0 
282 28210 60.0 
290 29086 61.0 
294 29470 62.0 
303 30364 64.0 
324 32425 65.0 
328 32897 70.0 
349 34946 71.0 
353 35323 72.0 
357 35751 73.0 
359 35947 76.0 
373 37365 77.0 
384 38449 80.0 
395 39512 82.0 
403 40350 83.0 
413 41339 85.0 
417 41716 87.0 
426 42641 89.0 
464 46438 90.0 
465 46561 91.0 
473 47352 94.0 
477 47741 95.0 
493 49345 97.0 
497 49752 98.0 
516 51612 100.0 
==== END RUN ====
0 1 0.0 
0 7 2.0 
0 14 3.0 
0 16 8.0 
8 817 9.0 
8 886 13.0 
17 1785 14.0 
31 3113 18.0 
42 4244 19.0 
60 6007 20.0 
68 6892 21.0 
69 6906 22.0 
75 7584 24.0 
85 8525 27.0 
107 10755 29.0 
124 12447 31.0 
139 13975 35.0 
140 14039 37.0 
150 15017 38.0 
184 18464 40.0 
185 18583 44.0 
203 20326 45.0 
207 20775 48.0 
232 23259 53.0 
264 26428 57.0 
283 28398 58.0 
287 28784 60.0 
302 30229 63.0 
309 30952 66.0 
333 33353 70.0 
342 34224 71.0 
355 35591 75.0 
385 38578 77.0 
391 39149 79.0 
405 40555 80.0 
416 41635 81.0 
417 41727 82.0 
433 43396 85.0 
433 43397 86.0 
446 44669 87.0 
451 45101 91.0 
471 47129 92.0 
489 48937 96.0 
500 50025 97.0 
510 51079 100.0 
==== END RUN ====
0 1 3.0 
0 71 8.0 
6 621 9.0 
6 688 10.0 
16 1618 12.0 
22 2226 13.0 
24 2454 19.0 
51 5199 22.0 
76 7612 25.0 
83 8345 28.0 
104 10488 30.0 
114 11488 32.0 
128 12887 33.0 
142 14293 34.0 
152 15282 35.0 
154 15424 36.0 
158 15891 37.0 
164 16435 39.0 
171 17113 41.0 
183 18335 42.0 
197 19752 46.0 
214 21419 47.0 
217 21710 48.0 
221 22174 49.0 
224 22477 50.0 
230 23080 51.0 
231 23134 52.0 
243 24302 53.0 
249 24931 54.0 
256 25693 58.0 
285 28543 59.0 
292 29217 62.0 
306 30634 69.0 
345 34554 70.0 
356 35681 72.0 
357 35740 75.0 
377 37758 84.0 
420 42083 86.0 
422 42263 87.0 
424 42447 90.0 
461 46101 95.0 
487 48715 97.0 
489 48929 100.0 
==== END RUN ====
0 1 1.0 
0 4 2.0 
0 8 3.0 
0 19 5.0 
0 37 11.0 
1 123 13.0 
16 1616 14.0 
24 2492 17.0 
44 4466 21.0 
73 7353 26.0 
94 9493 27.0 
100 10029 29.0 
110 11073 30.0 
111 11111 31.0 
125 12513 35.0 
147 14758 37.0 
158 15889 39.0 
168 16811 40.0 
171 17185 43.0 
171 17191 44.0 
187 18778 54.0 
236 23602 55.0 
244 24425 57.0 
245 24561 58.0 
262 26242 60.0 
271 27180 63.0 
274 27424 66.0 
274 27494 71.0 
316 31659 72.0 
322 32273 73.0 
336 33699 74.0 
339 33972 76.0 
341 34172 77.0 
351 35185 79.0 
359 35909 83.0 
367 36765 85.0 
383 38373 86.0 
391 39118 88.0 
395 39600 90.0 
412 41276 93.0 
430 43068 94.0 
443 44336 100.0 
==== END RUN ====
0 1 0.0 
0 2 4.0 
0 10 6.0 
0 61 7.0 
4 470 8.0 
10 1077 20.0 
59 5946 21.0 
66 6609 24.0 
83 8386 26.0 
95 9506 27.0 
105 10585 29.0 
107 10736 31.0 
110 11073 34.0 
135 13512 35.0 
136 13614 36.0 
152 15241 37.0 
155 15583 39.0 
167 16763 42.0 
175 17540 43.0 
178 17847 45.0 
189 18907 46.0 
203 20395 48.0 
206 20634 50.0 
238 23810 51.0 
238 23854 56.0 
272 27288 57.0 
280 28028 59.0 
296 29605 61.0 
298 29875 62.0 
316 31651 64.0 
320 32003 65.0 
329 32911 67.0 
334 33453 68.0 
343 34321 69.0 
343 34324 70.0 
350 35097 73.0 
364 36402 74.0 
371 37109 76.0 
373 37346 78.0 
380 38001 79.0 
383 38377 80.0 
387 38800 83.0 
415 41510 87.0 
426 42642 89.0 
434 43449 93.0 
444 44497 94.0 
460 46056 95.0 
484 48412 97.0 
486 48642 100.0 
==== END RUN ====
0 1 0.0 
0 2 1.0 
0 6 5.0 
0 11 6.0 
0 37 7.0 
5 527 8.0 
9 902 9.0 
9 966 11.0 
11 1196 15.0 
26 2628 16.0 
52 5254 17.0 
54 5417 18.0 
56 5674 22.0 
57 5773 23.0 
86 8639 26.0 
105 10567 27.0 
109 10962 28.0 
113 11398 29.0 
122 12278 30.0 
127 12729 31.0 
137 13708 33.0 
154 15404 34.0 
155 15518 36.0 
163 16375 37.0 
164 16469 39.0 
189 18912 42.0 
194 19443 47.0 
230 23007 49.0 
247 24721 50.0 
247 24722 52.0 
249 24999 55.0 
262 26262 56.0 
269 26960 59.0 
294 29464 60.0 
299 29981 61.0 
302 30223 65.0 
336 33641 66.0 
352 35239 67.0 
353 35340 70.0 
368 36837 71.0 
376 37615 72.0 
379 37978 73.0 
380 38017 77.0 
422 42221 78.0 
422 42223 83.0 
440 44052 84.0 
445 44585 85.0 
450 45052 87.0 
456 45644 89.0 
458 45897 90.0 
487 48751 93.0 
507 50742 97.0 
530 53028 98.0 
540 54016 100.0 
==== END RUN ====
0 1 1.0 
0 3 3.0 
0 4 6.0 
1 153 7.0 
1 157 9.0 
6 689 11.0 
23 2323 12.0 
24 2408 15.0 
27 2750 17.0 
42 4261 19.0 
53 5302 24.0 
61 6119 27.0 
88 8826 28.0 
102 10260 29.0 
108 10895 30.0 
124 12491 31.0 
127 12725 32.0 
139 13959 36.0 
152 15221 39.0 
166 16641 42.0 
174 17417 44.0 
182 18215 45.0 
220 22015 47.0 
223 22327 49.0 
237 23766 52.0 
242 24264 53.0 
247 24750 55.0 
259 25978 57.0 
268 26871 60.0 
278 27899 61.0 
292 29244 62.0 
297 29737 63.0 
303 30379 64.0 
313 31320 65.0 
320 32079 67.0 
328 32831 70.0 
352 35287 71.0 
360 36013 72.0 
362 36206 74.0 
362 36281 76.0 
372 37218 78.0 
387 38726 79.0 
394 39459 80.0 
402 40273 82.0 
412 41238 85.0 
436 43641 87.0 
459 45961 90.0 
461 46112 91.0 
465 46582 92.0 
477 47791 94.0 
496 49667 95.0 
513 51327 99.0 
521 52123 100.0 
==== END RUN ====
0 1 1.0 
0 4 6.0 
0 6 9.0 
7 767 10.0 
9 916 11.0 
12 1209 12.0 
13 1359 14.0 
37 3716 16.0 
37 3730 17.0 
43 4382 18.0 
55 5528 19.0 
64 6407 21.0 
64 6463 23.0 
79 7920 25.0 
91 9190 26.0 
95 9577 29.0 
109 10965 30.0 
111 11139 35.0 
116 11668 36.0 
138 13857 37.0 
141 14105 39.0 
170 17029 40.0 
177 17736 41.0 
177 17765 47.0 
202 20300 48.0 
213 21342 49.0 
216 21675 50.0 
224 22418 53.0 
243 24357 54.0 
248 24898 57.0 
270 27079 59.0 
273 27382 61.0 
285 28501 62.0 
302 30293 63.0 
302 30299 64.0 
318 31865 70.0 
335 33584 71.0 
367 36707 72.0 
375 37529 73.0 
387 38770 76.0 
391 39188 77.0 
404 40452 83.0 
420 42048 84.0 
430 43071 85.0 
438 43900 86.0 
440 44053 87.0 
450 45090 88.0 
453 45348 90.0 
460 46038 93.0 
495 49531 97.0 
524 52467 99.0 
537 53784 100.0 
==== END RUN ====
0 1 1.0 
0 3 2.0 
0 7 4.0 
0 12 5.0 
0 34 6.0 
1 149 8.0 
1 180 10.0 
17 1707 11.0 
24 2439 14.0 
36 3689 19.0 
65 6572 21.0 
68 6881 24.0 
82 8213 25.0 
92 9229 26.0 
93 9364 27.0 
94 9455 28.0 
106 10664 29.0 
110 11090 30.0 
120 12029 31.0 
127 12789 33.0 
142 14233 34.0 
143 14368 36.0 
146 14666 38.0 
161 16157 39.0 
167 16800 42.0 
186 18682 44.0 
195 19537 45.0 
204 20417 49.0 
226 22659 50.0 
228 22849 51.0 
236 23641 54.0 
247 24745 58.0 
257 25758 60.0 
290 29077 62.0 
306 30606 65.0 
312 31214 68.0 
334 33406 69.0 
342 34289 70.0 
349 34915 71.0 
353 35317 74.0 
366 36650 76.0 
369 36910 77.0 
380 38035 78.0 
386 38649 79.0 
395 39573 81.0 
399 39988 82.0 
411 41161 85.0 
425 42586 88.0 
446 44602 89.0 
449 44980 91.0 
455 45528 92.0 
457 45725 93.0 
466 46661 97.0 
502 50272 98.0 
503 50379 99.0 
518 51834 100.0 
==== END RUN ====
0 1 3.0 
0 25 7.0 
0 82 10.0 
2 244 12.0 
4 490 13.0 
6 668 14.0 
25 2585 15.0 
46 4648 18.0 
56 5667 21.0 
74 7407 24.0 
81 8104 25.0 
90 9093 27.0 
91 9148 31.0 
127 12749 34.0 
146 14619 35.0 
147 14783 38.0 
161 16187 40.0 
167 16725 41.0 
170 17060 42.0 
172 17267 43.0 
194 19494 44.0 
199 19987 45.0 
201 20107 47.0 
207 20747 50.0 
214 21434 51.0 
226 22601 53.0 
230 23031 56.0 
240 24100 61.0 
285 28587 62.0 
287 28724 65.0 
295 29558 69.0 
307 30777 70.0 
315 31585 72.0 
336 33620 74.0 
354 35461 76.0 
364 36473 78.0 
377 37705 79.0 
377 37742 80.0 
387 38757 86.0 
416 41689 89.0 
437 43734 90.0 
437 43797 91.0 
457 45769 94.0 
480 48019 95.0 
482 48263 97.0 
490 49069 99.0 
497 49752 100.0 
==== END RUN ====
0 1 0.0 
0 5 3.0 
0 25 6.0 
1 103 7.0 
4 426 8.0 
5 597 9.0 
8 815 11.0 
10 1089 12.0 
21 2119 13.0 
23 2395 14.0 
24 2409 17.0 
26 2637 21.0 
66 6655 26.0 
90 9005 29.0 
99 9906 30.0 
106 10648 31.0 
118 11898 32.0 
125 12567 33.0 
137 13743 34.0 
137 13787 36.0 
141 14186 37.0 
147 14792 40.0 
150 15058 41.0 
173 17358 42.0 
184 18482 43.0 
188 18839 46.0 
197 19779 47.0 
203 20389 49.0 
220 22028 50.0 
226 22605 51.0 
228 22847 57.0 
249 24928 59.0 
269 26954 60.0 
272 27253 63.0 
280 28080 65.0 
310 31012 67.0 
318 31841 71.0 
320 32040 72.0 
337 33793 77.0 
355 35545 79.0 
357 35764 81.0 
394 39451 86.0 
402 40219 89.0 
413 41379 90.0 
431 43125 92.0 
436 43616 93.0 
441 44180 94.0 
454 45410 96.0 
459 45921 98.0 
471 47165 100.0 
==== END RUN ====
0 1 1.0 
0 8 3.0 
0 21 4.0 
0 35 5.0 
0 63 6.0 
1 161 7.0 
2 300 8.0 
4 406 9.0 
5 543 13.0 
37 3770 15.0 
42 4263 19.0 
47 4742 22.0 
67 6712 27.0 
99 9997 30.0 
115 11572 32.0 
148 14831 34.0 
150 15090 35.0 
153 15313 36.0 
161 16133 42.0 
188 18835 43.0 
197 19732 44.0 
199 19905 45.0 
201 20199 47.0 
219 21946 48.0 
222 22205 53.0 
258 25829 55.0 
263 26377 58.0 
267 26783 62.0 
302 30212 63.0 
312 31217 65.0 
332 33207 66.0 
337 33786 68.0 
338 33837 71.0 
342 34298 72.0 
351 35153 74.0 
354 35467 75.0 
375 37547 76.0 
385 38592 79.0 
407 40729 83.0 
413 41382 85.0 
439 43906 87.0 
442 44276 88.0 
452 45211 91.0 
472 47266 92.0 
489 48960 95.0 
496 49694 99.0 
518 51856 100.0 
==== END RUN ====
0 1 0.0 
0 2 1.0 
0 5 2.0 
0 17 4.0 
0 67 12.0 
10 1065 13.0 
30 3003 14.0 
36 3605 16.0 
36 3651 17.0 
53 5321 19.0 
62 6282 20.0 
62 6286 22.0 
64 6491 23.0 
69 6938 25.0 
100 10008 26.0 
101 10186 29.0 
111 11177 32.0 
112 11269 33.0 
119 11954 36.0 
153 15344 38.0 
162 16249 40.0 
169 16975 41.0 
175 17577 42.0 
182 18258 43.0 
185 18543 44.0 
194 19474 45.0 
196 19678 48.0 
213 21371 49.0 
214 21410 51.0 
223 22326 52.0 
232 23276 53.0 
246 24673 55.0 
265 26539 56.0 
268 26845 57.0 
271 27119 59.0 
275 27555 61.0 
283 28338 62.0 
289 28952 64.0 
301 30180 66.0 
311 31125 67.0 
317 31760 68.0 
331 33108 69.0 
332 33288 70.0 
334 33467 72.0 
343 34339 73.0 
344 34419 75.0 
350 35017 76.0 
358 35844 90.0 
428 42864 93.0 
452 45217 97.0 
471 47178 99.0 
479 47980 100.0 
==== END RUN ====
