0 1 2.0 
0 15 5.0 
0 119 6.0 
0 266 7.0 
0 364 9.0 
1 1591 11.0 
2 1960 12.0 
8 6596 13.0 
15 12569 16.0 
31 25445 23.0 
85 68484 24.0 
99 79417 26.0 
146 117055 27.0 
150 120081 28.0 
156 124915 30.0 
162 129880 31.0 
180 144159 33.0 
204 163393 34.0 
232 186282 35.0 
236 189106 36.0 
240 192570 44.0 
302 242278 45.0 
315 252185 46.0 
327 262323 48.0 
353 282487 51.0 
360 288191 54.0 
370 296705 59.0 
435 348437 60.0 
457 366309 61.0 
480 384017 63.0 
512 410059 65.0 
560 448588 66.0 
578 462921 68.0 
617 494031 69.0 
623 498947 71.0 
635 508707 72.0 
664 531779 73.0 
676 541577 76.0 
683 547040 79.0 
714 571437 83.0 
714 571779 84.0 
776 621513 87.0 
806 644945 88.0 
810 648029 91.0 
863 690653 92.0 
865 692375 93.0 
870 696691 96.0 
919 735711 100.0 
==== END RUN ====
0 1 1.0 
0 3 2.0 
0 7 5.0 
0 21 6.0 
0 37 7.0 
1 1468 8.0 
4 3217 14.0 
27 21804 15.0 
44 35273 16.0 
49 39814 21.0 
52 42356 25.0 
153 122734 27.0 
184 147967 29.0 
190 152405 34.0 
235 188792 36.0 
268 215126 37.0 
283 226733 39.0 
288 230721 41.0 
306 244829 42.0 
319 255331 44.0 
383 306531 45.0 
413 330731 50.0 
465 372794 53.0 
486 389201 54.0 
526 421404 55.0 
552 441941 56.0 
590 472325 57.0 
617 494164 58.0 
622 497615 59.0 
657 526113 61.0 
664 531793 62.0 
690 552219 63.0 
715 572566 64.0 
716 573598 68.0 
720 576209 69.0 
727 582287 70.0 
746 597421 74.0 
789 631974 76.0 
806 645235 80.0 
813 650833 81.0 
867 693887 82.0 
899 719971 83.0 
900 720697 85.0 
932 746253 86.0 
969 775873 89.0 
987 789891 93.0 
1080 864671 94.0 
1086 869425 95.0 
1094 875345 97.0 
1097 878317 98.0 
1105 884719 99.0 
1121 896891 100.0 
==== END RUN ====
0 1 1.0 
0 3 2.0 
0 5 3.0 
0 7 4.0 
0 31 6.0 
0 254 10.0 
3 2496 11.0 
7 6088 14.0 
31 24805 16.0 
46 37117 17.0 
55 44649 19.0 
80 64182 21.0 
89 71805 22.0 
112 89665 25.0 
133 107024 30.0 
156 124909 34.0 
244 195876 35.0 
253 203107 36.0 
270 216470 38.0 
295 236273 44.0 
360 288402 45.0 
367 293909 53.0 
406 325171 55.0 
462 369859 56.0 
475 380726 57.0 
477 382045 58.0 
496 397391 63.0 
560 448367 66.0 
573 458595 67.0 
578 463128 69.0 
626 501574 71.0 
698 559120 72.0 
708 566953 74.0 
720 576633 75.0 
733 587196 76.0 
745 596597 80.0 
815 652645 81.0 
820 656601 82.0 
824 659647 83.0 
846 676909 85.0 
855 684197 86.0 
866 693223 88.0 
890 712569 89.0 
939 751667 90.0 
960 768463 97.0 
969 775641 98.0 
976 781517 100.0 
==== END RUN ====
0 1 1.0 
0 3 2.0 
0 7 3.0 
0 13 4.0 
0 45 6.0 
0 49 7.0 
0 166 8.0 
0 275 11.0 
5 4644 13.0 
19 15845 14.0 
24 19412 16.0 
55 44551 20.0 
74 59841 22.0 
112 90237 26.0 
144 115995 29.0 
192 153871 30.0 
193 154905 31.0 
219 175528 32.0 
229 183685 35.0 
244 195267 36.0 
266 213567 38.0 
279 223483 39.0 
283 226805 41.0 
306 244853 43.0 
331 265205 45.0 
347 278381 46.0 
369 295361 47.0 
374 299977 51.0 
388 310745 54.0 
397 318399 56.0 
429 343311 57.0 
466 373127 58.0 
482 386369 62.0 
483 386966 64.0 
531 425481 65.0 
571 456951 66.0 
588 470411 67.0 
595 476283 68.0 
613 490767 74.0 
669 535765 77.0 
689 551593 78.0 
711 569365 80.0 
722 578219 84.0 
773 618767 85.0 
783 626691 87.0 
800 640295 89.0 
834 667341 92.0 
834 667497 96.0 
896 717231 98.0 
968 774775 99.0 
978 782741 100.0 
==== END RUN ====
0 1 1.0 
0 7 3.0 
0 47 7.0 
0 577 8.0 
2 2046 9.0 
4 3679 10.0 
6 5365 12.0 
8 6864 13.0 
13 10693 14.0 
16 12962 15.0 
24 19585 16.0 
29 23229 17.0 
29 23601 18.0 
54 43297 21.0 
88 71064 24.0 
141 113412 26.0 
143 114779 27.0 
151 121291 30.0 
207 166167 31.0 
207 166219 32.0 
216 173328 36.0 
287 229707 37.0 
294 235371 41.0 
323 259078 44.0 
358 287056 46.0 
379 303635 47.0 
410 328353 48.0 
411 329421 49.0 
425 340317 50.0 
440 352371 51.0 
440 352740 54.0 
463 371170 55.0 
464 371265 57.0 
480 384514 60.0 
500 400357 61.0 
522 418071 67.0 
623 498777 70.0 
661 529343 73.0 
703 563165 75.0 
720 576541 78.0 
764 611729 79.0 
766 613580 82.0 
808 646897 84.0 
811 649147 85.0 
878 702655 86.0 
889 711875 88.0 
928 743105 90.0 
949 759829 92.0 
962 770323 94.0 
975 780185 95.0 
1006 805093 97.0 
1006 805559 99.0 
1058 846879 100.0 
==== END RUN ====
0 1 1.0 
0 3 2.0 
0 5 3.0 
0 23 4.0 
0 55 5.0 
0 132 7.0 
0 604 8.0 
0 672 11.0 
11 9292 12.0 
18 14663 13.0 
18 15077 15.0 
28 23005 16.0 
62 50193 20.0 
65 52497 26.0 
151 120829 31.0 
208 166611 32.0 
233 186825 35.0 
274 219291 38.0 
277 221813 39.0 
296 237141 40.0 
301 241434 42.0 
321 257420 43.0 
352 281773 45.0 
364 291527 49.0 
378 302793 51.0 
381 305071 53.0 
415 332462 55.0 
433 346715 57.0 
466 373007 59.0 
488 390779 60.0 
502 402128 61.0 
521 417331 62.0 
533 426497 65.0 
543 434685 66.0 
556 445548 67.0 
562 450155 71.0 
632 505629 74.0 
656 525159 78.0 
709 567689 79.0 
710 568579 81.0 
779 623845 84.0 
793 635145 85.0 
812 649857 86.0 
842 673737 88.0 
873 698957 90.0 
879 703938 92.0 
907 725821 93.0 
918 734707 94.0 
930 744627 95.0 
981 785525 96.0 
990 792763 98.0 
1006 805535 99.0 
1051 840921 100.0 
==== END RUN ====
0 1 1.0 
0 3 2.0 
0 7 3.0 
0 74 4.0 
0 122 7.0 
1 1189 8.0 
2 1728 14.0 
18 15017 16.0 
35 28790 17.0 
39 31759 18.0 
40 32303 19.0 
61 48929 20.0 
72 57794 21.0 
72 58181 24.0 
119 95850 26.0 
123 98863 29.0 
145 116541 30.0 
155 124784 32.0 
162 130040 35.0 
194 155815 36.0 
215 172193 39.0 
215 172319 41.0 
250 200091 42.0 
275 220671 43.0 
294 235515 45.0 
336 269549 46.0 
343 274940 47.0 
357 285983 51.0 
361 288861 54.0 
365 292347 58.0 
418 334799 59.0 
418 335145 60.0 
452 361811 62.0 
472 378265 66.0 
514 411627 69.0 
551 441335 70.0 
554 443780 72.0 
566 453525 74.0 
584 467731 75.0 
602 482023 76.0 
664 531273 82.0 
695 556784 83.0 
728 582523 84.0 
734 587884 85.0 
738 590637 91.0 
789 631907 92.0 
794 635931 93.0 
824 659613 95.0 
836 669057 97.0 
893 714537 99.0 
967 774003 100.0 
==== END RUN ====
0 1 1.0 
0 3 3.0 
0 9 8.0 
0 298 10.0 
1 1143 12.0 
5 4502 13.0 
11 8891 18.0 
49 39765 19.0 
67 54109 20.0 
85 68451 21.0 
94 75880 23.0 
119 95439 25.0 
127 101868 26.0 
129 103895 27.0 
161 129374 28.0 
169 135713 29.0 
178 142503 30.0 
199 159217 32.0 
200 160497 35.0 
240 192215 36.0 
240 192594 43.0 
335 268295 44.0 
341 273153 45.0 
347 278059 50.0 
390 312697 51.0 
404 323555 53.0 
436 349250 54.0 
445 356309 55.0 
448 358437 56.0 
471 377328 57.0 
489 391798 59.0 
493 394821 60.0 
504 403201 62.0 
529 423327 64.0 
551 441466 65.0 
563 450583 66.0 
563 450946 68.0 
583 467083 71.0 
589 471822 72.0 
605 484535 73.0 
612 489625 75.0 
613 490619 76.0 
623 499041 83.0 
681 544817 86.0 
726 581173 88.0 
727 581919 89.0 
745 596475 93.0 
772 618201 94.0 
784 628000 95.0 
826 661579 96.0 
872 698361 99.0 
881 705565 100.0 
==== END RUN ====
0 1 1.0 
0 5 3.0 
0 38 4.0 
0 56 6.0 
0 170 7.0 
0 620 8.0 
0 652 10.0 
2 2088 11.0 
7 5890 13.0 
21 16971 14.0 
40 32689 15.0 
42 33746 18.0 
61 49358 19.0 
62 50254 22.0 
84 67991 25.0 
131 105561 26.0 
138 110696 27.0 
140 112520 28.0 
153 122693 30.0 
180 144593 31.0 
191 152897 32.0 
191 153267 33.0 
198 159013 34.0 
222 177935 36.0 
254 203720 39.0 
268 214715 46.0 
292 234267 47.0 
299 239646 48.0 
327 262244 51.0 
370 296403 52.0 
371 297437 53.0 
433 346878 55.0 
451 361468 58.0 
495 396486 59.0 
508 406922 60.0 
519 415215 62.0 
527 421841 63.0 
551 441153 65.0 
568 455188 71.0 
664 531781 73.0 
693 554509 74.0 
729 583771 80.0 
734 587515 82.0 
808 646603 84.0 
833 667191 91.0 
879 703841 92.0 
904 723859 97.0 
917 733723 98.0 
939 751803 100.0 
==== END RUN ====
0 1 1.0 
0 3 3.0 
0 5 5.0 
0 23 7.0 
0 197 10.0 
5 4111 12.0 
5 4692 15.0 
52 41834 16.0 
69 55879 17.0 
75 60137 18.0 
84 67706 19.0 
101 80837 21.0 
101 81042 22.0 
102 82158 23.0 
132 106052 25.0 
155 124463 26.0 
158 126563 27.0 
185 148740 28.0 
190 152309 29.0 
197 157951 30.0 
213 171198 31.0 
229 183455 35.0 
248 198599 39.0 
309 247239 42.0 
349 279616 44.0 
357 285907 45.0 
363 290998 46.0 
385 308548 48.0 
400 320756 51.0 
461 368907 53.0 
464 371615 54.0 
497 398325 55.0 
507 406021 56.0 
523 418803 59.0 
554 443954 60.0 
578 463131 63.0 
615 492023 64.0 
640 512497 65.0 
656 525358 66.0 
675 540527 70.0 
740 592097 71.0 
780 624503 77.0 
845 676601 78.0 
853 682471 79.0 
857 686211 83.0 
859 687743 86.0 
908 726675 87.0 
918 734551 88.0 
927 741913 89.0 
953 763085 91.0 
1020 816735 92.0 
1022 818149 93.0 
1048 838621 97.0 
1082 866341 99.0 
1113 890661 100.0 
==== END RUN ====
0 1 3.0 
0 3 4.0 
0 5 6.0 
0 29 7.0 
0 125 8.0 
0 613 11.0 
2 1982 15.0 
19 15504 16.0 
30 24141 18.0 
51 41445 20.0 
59 47551 23.0 
91 73329 24.0 
98 79052 25.0 
117 93641 29.0 
130 104579 31.0 
138 110912 36.0 
217 174031 37.0 
225 180400 38.0 
233 186781 42.0 
266 212939 43.0 
278 222699 47.0 
284 227745 50.0 
304 243864 53.0 
344 275688 54.0 
365 292710 55.0 
368 294721 56.0 
379 303881 58.0 
421 337557 62.0 
465 372445 65.0 
474 379631 66.0 
475 380739 68.0 
546 437347 69.0 
547 438149 70.0 
575 460501 72.0 
595 476563 73.0 
620 496395 76.0 
635 508221 77.0 
643 515055 78.0 
690 552617 80.0 
693 554453 81.0 
706 565059 83.0 
733 586673 87.0 
791 633533 88.0 
822 658147 92.0 
884 707249 93.0 
928 743141 94.0 
940 752505 95.0 
957 766341 96.0 
976 781551 99.0 
978 783059 100.0 
==== END RUN ====
0 1 1.0 
0 5 5.0 
0 56 6.0 
0 61 8.0 
0 65 9.0 
3 2498 10.0 
3 2788 15.0 
22 18218 16.0 
40 32761 20.0 
93 74646 21.0 
105 84163 22.0 
121 96817 26.0 
133 106778 29.0 
221 177017 30.0 
223 178469 31.0 
234 187267 33.0 
269 215785 35.0 
271 217296 36.0 
308 246916 40.0 
345 276694 41.0 
357 286305 43.0 
390 312759 44.0 
410 328667 47.0 
423 338685 51.0 
482 385815 52.0 
513 410577 53.0 
542 434023 54.0 
562 450073 56.0 
581 465578 59.0 
620 496433 60.0 
628 502857 61.0 
673 538979 63.0 
709 567830 65.0 
751 601295 66.0 
775 620696 68.0 
794 635749 69.0 
822 657663 70.0 
846 677597 71.0 
856 685359 72.0 
892 713999 75.0 
931 745377 79.0 
955 764680 80.0 
957 766285 82.0 
991 793183 83.0 
995 796677 86.0 
1005 804315 89.0 
1039 831225 91.0 
1100 880565 92.0 
1120 896511 95.0 
1148 919135 99.0 
1183 946657 100.0 
==== END RUN ====
0 1 1.0 
0 3 5.0 
0 29 12.0 
11 9343 13.0 
14 11698 14.0 
31 25466 16.0 
40 32360 17.0 
70 56647 18.0 
73 59049 19.0 
88 70864 22.0 
130 104475 23.0 
138 110934 26.0 
161 129450 29.0 
184 147817 31.0 
231 185447 32.0 
251 201106 34.0 
256 205358 36.0 
259 207327 37.0 
263 210946 38.0 
301 241274 40.0 
310 248772 41.0 
347 278332 45.0 
377 301933 46.0 
379 303389 47.0 
407 326049 48.0 
431 345007 54.0 
466 373119 58.0 
486 389069 59.0 
566 453447 62.0 
629 503792 66.0 
658 526869 70.0 
678 542429 75.0 
739 591755 77.0 
757 605709 78.0 
775 620631 81.0 
800 640643 83.0 
817 653921 84.0 
855 684345 86.0 
876 701495 89.0 
880 704699 90.0 
920 736489 91.0 
921 737187 94.0 
953 762829 95.0 
998 798519 96.0 
1024 819539 97.0 
1061 849011 98.0 
1096 877263 99.0 
1118 895047 100.0 
==== END RUN ====
0 1 2.0 
0 15 3.0 
0 19 5.0 
0 55 7.0 
0 179 10.0 
1 975 13.0 
16 13497 14.0 
41 33391 15.0 
45 36316 16.0 
60 48137 18.0 
73 59155 19.0 
74 59492 21.0 
83 67137 22.0 
109 87628 24.0 
152 121765 29.0 
187 149787 30.0 
193 154816 33.0 
201 160957 37.0 
278 222529 39.0 
303 242683 40.0 
311 249584 43.0 
321 257023 44.0 
337 270197 46.0 
344 275976 47.0 
347 278078 53.0 
375 300529 54.0 
407 325655 55.0 
431 345413 57.0 
448 358955 59.0 
476 381552 60.0 
490 392413 61.0 
516 413417 62.0 
518 414969 66.0 
598 479198 69.0 
618 494725 74.0 
676 541015 78.0 
677 542310 79.0 
734 587439 80.0 
734 587533 81.0 
772 617901 82.0 
781 625003 83.0 
795 636479 84.0 
833 666621 85.0 
838 671101 89.0 
866 693475 91.0 
898 719033 92.0 
913 730653 96.0 
916 733331 97.0 
967 773655 98.0 
981 785539 100.0 
==== END RUN ====
0 1 2.0 
0 3 4.0 
0 5 6.0 
0 97 8.0 
0 342 10.0 
1 1247 11.0 
3 3070 13.0 
21 17399 14.0 
22 17885 15.0 
32 26371 16.0 
51 41381 21.0 
58 46661 25.0 
114 91595 27.0 
136 109366 28.0 
145 116730 30.0 
151 121428 31.0 
152 122013 33.0 
181 145168 36.0 
233 187124 37.0 
236 189502 39.0 
238 190425 41.0 
283 226807 46.0 
326 261561 48.0 
361 289371 49.0 
380 304031 51.0 
413 330948 54.0 
427 342357 55.0 
438 351128 56.0 
460 368043 58.0 
468 375101 60.0 
494 395467 62.0 
518 414861 63.0 
537 430107 64.0 
552 442144 67.0 
593 475096 68.0 
606 484999 69.0 
614 491609 72.0 
649 519944 73.0 
659 527379 74.0 
691 553379 75.0 
696 557391 79.0 
731 585381 80.0 
750 600381 81.0 
782 626322 88.0 
851 681155 89.0 
865 692167 90.0 
896 717509 93.0 
932 746307 97.0 
945 756439 98.0 
952 762041 100.0 
==== END RUN ====
0 1 3.0 
0 38 4.0 
0 76 6.0 
0 78 7.0 
0 243 8.0 
1 1175 9.0 
1 1267 11.0 
6 4976 14.0 
28 22728 15.0 
62 50120 16.0 
66 52957 17.0 
69 55366 18.0 
70 56439 19.0 
88 70513 22.0 
139 111469 24.0 
148 118481 27.0 
166 133162 29.0 
174 139325 30.0 
196 157191 32.0 
216 173293 34.0 
238 191153 35.0 
261 209249 36.0 
309 247692 37.0 
316 253263 38.0 
331 265214 40.0 
336 269491 41.0 
351 281129 44.0 
366 293125 46.0 
426 341163 48.0 
463 370938 49.0 
471 377454 51.0 
473 379107 52.0 
524 419687 55.0 
533 426757 56.0 
560 448515 58.0 
588 471185 60.0 
632 506240 62.0 
659 527269 64.0 
661 529083 65.0 
687 550152 66.0 
704 563788 72.0 
731 585341 74.0 
758 606573 76.0 
768 614461 78.0 
804 643827 79.0 
831 665429 82.0 
915 732197 85.0 
930 744687 87.0 
986 789497 89.0 
1030 824017 90.0 
1095 876403 91.0 
1132 905683 92.0 
1132 906211 93.0 
1160 928113 94.0 
1177 942063 95.0 
1183 946769 96.0 
1218 975196 97.0 
1255 1004311 99.0 
1309 1047273 100.0 
==== END RUN ====
0 1 1.0 
0 3 4.0 
0 19 8.0 
0 445 9.0 
1 973 12.0 
9 7855 14.0 
16 13529 15.0 
29 23329 17.0 
35 28597 18.0 
66 53539 19.0 
80 64496 20.0 
80 64749 21.0 
86 68933 22.0 
87 69779 24.0 
100 80768 26.0 
147 117773 28.0 
150 120399 29.0 
189 151763 30.0 
191 153159 33.0 
232 185689 34.0 
283 227129 35.0 
285 228653 37.0 
286 229416 38.0 
304 243453 39.0 
306 245149 40.0 
318 255031 44.0 
356 284935 45.0 
368 294891 48.0 
405 324369 49.0 
410 328478 50.0 
412 329755 53.0 
437 350122 57.0 
452 362400 59.0 
469 375759 60.0 
517 413781 62.0 
531 425481 64.0 
532 425809 67.0 
533 426703 68.0 
561 449049 69.0 
603 483094 71.0 
626 501546 72.0 
671 537095 73.0 
671 537413 74.0 
671 537415 79.0 
726 581115 82.0 
769 615958 84.0 
810 648365 85.0 
827 662013 86.0 
827 662358 88.0 
840 672742 90.0 
870 696573 91.0 
889 711347 92.0 
902 722205 94.0 
945 756782 95.0 
993 795131 97.0 
1038 831061 98.0 
1051 841555 100.0 
==== END RUN ====
0 1 3.0 
0 3 4.0 
0 23 6.0 
0 66 7.0 
0 70 8.0 
0 462 9.0 
1 1223 10.0 
4 3998 11.0 
12 9991 12.0 
14 11974 15.0 
27 21951 17.0 
42 33743 18.0 
50 40059 19.0 
74 59279 20.0 
79 63480 21.0 
95 76590 22.0 
103 82706 25.0 
121 97228 26.0 
142 114047 27.0 
150 120167 30.0 
159 127905 31.0 
175 140310 32.0 
230 184332 35.0 
264 211724 41.0 
329 263485 42.0 
340 272529 44.0 
368 294794 45.0 
394 315557 46.0 
404 323961 47.0 
413 331008 48.0 
421 337109 54.0 
474 379721 55.0 
477 381951 59.0 
536 429565 62.0 
572 458226 63.0 
573 459154 64.0 
644 515711 69.0 
663 531045 72.0 
711 569333 74.0 
723 579184 75.0 
756 605397 76.0 
773 618571 77.0 
825 660547 82.0 
826 661557 85.0 
853 683085 87.0 
855 684794 91.0 
926 741299 92.0 
932 746355 95.0 
971 777109 97.0 
981 785587 100.0 
==== END RUN ====
0 1 3.0 
0 11 4.0 
0 44 5.0 
0 87 9.0 
0 672 10.0 
1 861 11.0 
2 1950 12.0 
8 7164 14.0 
17 13713 15.0 
19 15694 16.0 
31 24825 19.0 
52 42143 20.0 
71 57393 22.0 
107 86264 23.0 
123 99176 25.0 
155 124250 26.0 
159 127983 28.0 
186 149212 29.0 
232 186319 31.0 
248 198667 32.0 
263 210770 33.0 
267 214378 34.0 
272 218223 35.0 
284 227742 38.0 
314 251908 41.0 
363 290942 43.0 
409 327840 51.0 
442 354179 54.0 
518 414601 55.0 
519 415850 56.0 
547 437943 57.0 
582 466172 60.0 
590 472600 61.0 
611 488949 63.0 
630 504311 65.0 
640 512711 67.0 
705 564541 68.0 
720 576505 69.0 
735 588475 70.0 
754 603961 72.0 
760 608539 74.0 
784 627761 75.0 
813 650905 76.0 
861 688925 79.0 
927 741749 80.0 
937 750211 82.0 
957 765639 83.0 
959 767241 84.0 
1039 831873 85.0 
1049 839873 87.0 
1067 853697 88.0 
1074 859251 95.0 
1122 897985 98.0 
1217 973629 100.0 
==== END RUN ====
0 1 1.0 
0 5 2.0 
0 21 13.0 
4 3781 18.0 
52 41818 20.0 
59 47656 21.0 
67 54227 22.0 
73 58714 23.0 
81 65355 24.0 
108 86898 25.0 
122 98264 26.0 
126 101130 28.0 
130 104377 29.0 
138 111167 32.0 
166 133300 34.0 
194 155429 37.0 
216 173053 38.0 
249 199241 42.0 
261 209296 43.0 
286 229600 47.0 
342 274014 51.0 
374 299700 52.0 
410 328775 56.0 
412 329919 57.0 
437 350204 63.0 
482 385701 64.0 
495 396251 65.0 
553 443192 66.0 
555 444485 67.0 
557 445995 68.0 
564 451265 69.0 
595 476063 75.0 
652 522029 77.0 
664 531215 78.0 
664 531693 80.0 
666 532849 81.0 
686 549103 82.0 
687 549917 83.0 
693 554401 84.0 
738 591159 86.0 
757 605693 87.0 
780 624782 88.0 
808 646461 91.0 
853 682557 93.0 
877 701635 97.0 
895 716794 99.0 
929 743545 100.0 
==== END RUN ====
0 1 4.0 
0 47 6.0 
0 334 8.0 
1 801 10.0 
4 3868 11.0 
4 3894 12.0 
9 7799 15.0 
37 29609 16.0 
55 44665 17.0 
72 57675 19.0 
76 60897 20.0 
116 93530 22.0 
125 100198 24.0 
129 103247 25.0 
179 143673 26.0 
184 147305 27.0 
189 151623 28.0 
201 161544 30.0 
208 166999 32.0 
243 194965 35.0 
252 202292 38.0 
286 229464 40.0 
298 239150 42.0 
349 279974 48.0 
372 297969 50.0 
480 384531 51.0 
481 385191 52.0 
487 390265 53.0 
495 396794 54.0 
539 431945 57.0 
554 443405 58.0 
555 444538 62.0 
677 541693 68.0 
717 574178 69.0 
735 588793 71.0 
761 609492 72.0 
765 612575 74.0 
767 614163 75.0 
799 639993 77.0 
847 678165 78.0 
877 702227 79.0 
885 708247 80.0 
928 743159 81.0 
936 749439 83.0 
960 768661 84.0 
993 795191 86.0 
1004 803491 87.0 
1037 830289 91.0 
1083 867099 92.0 
1101 881083 93.0 
1131 904851 95.0 
1150 920427 96.0 
1200 960771 97.0 
1247 998181 99.0 
1255 1004561 100.0 
==== END RUN ====
0 1 3.0 
0 15 5.0 
0 23 6.0 
0 155 10.0 
1 807 13.0 
2 2363 15.0 
19 15279 17.0 
38 30725 20.0 
92 73782 22.0 
114 91617 23.0 
136 109310 24.0 
150 120749 26.0 
162 130108 27.0 
187 150123 28.0 
204 163686 30.0 
248 198471 32.0 
261 209547 35.0 
281 225338 36.0 
298 238774 37.0 
310 248241 40.0 
335 268441 45.0 
387 310280 46.0 
399 319467 47.0 
418 334967 49.0 
438 350878 50.0 
442 354225 51.0 
454 363664 53.0 
462 369719 55.0 
466 373123 57.0 
479 383507 61.0 
521 417099 62.0 
525 420475 63.0 
545 436800 64.0 
567 454246 65.0 
592 474214 68.0 
599 479741 69.0 
624 499910 70.0 
634 507755 71.0 
661 529441 73.0 
717 574264 75.0 
728 583168 76.0 
742 594165 77.0 
754 603583 80.0 
802 641617 81.0 
820 656655 83.0 
854 683301 84.0 
915 732593 85.0 
925 740143 86.0 
955 764291 87.0 
959 767954 88.0 
979 783873 90.0 
1030 824705 91.0 
1071 857597 92.0 
1101 881027 98.0 
1150 920735 100.0 
==== END RUN ====
0 1 1.0 
0 5 2.0 
0 9 3.0 
0 23 7.0 
0 137 10.0 
0 526 11.0 
1 965 12.0 
5 4553 13.0 
8 6719 14.0 
14 11379 21.0 
79 63559 22.0 
82 66195 24.0 
122 97930 25.0 
136 109236 28.0 
141 113276 29.0 
186 149011 32.0 
214 171882 35.0 
229 183437 39.0 
291 233529 43.0 
307 246393 45.0 
362 290116 47.0 
400 320710 48.0 
405 324081 49.0 
425 340367 51.0 
461 369131 52.0 
482 386160 54.0 
494 395373 58.0 
534 427513 59.0 
569 455943 61.0 
575 460315 67.0 
609 487978 69.0 
622 498073 73.0 
659 527439 74.0 
679 543867 75.0 
710 568609 78.0 
798 638629 83.0 
817 654045 86.0 
865 692704 87.0 
900 720771 88.0 
902 722271 89.0 
941 753159 90.0 
954 763487 93.0 
980 784515 95.0 
997 798313 96.0 
1038 831113 98.0 
1087 870103 100.0 
==== END RUN ====
0 1 3.0 
0 27 4.0 
0 29 7.0 
0 295 9.0 
1 1279 10.0 
4 3532 11.0 
9 7425 12.0 
11 9590 14.0 
15 12212 16.0 
27 21649 17.0 
37 29755 18.0 
47 37869 20.0 
67 54259 23.0 
89 71817 24.0 
98 78768 26.0 
138 111028 27.0 
158 126507 29.0 
163 130772 31.0 
176 141041 34.0 
215 172504 35.0 
222 178364 39.0 
293 234665 41.0 
299 239531 42.0 
318 254973 43.0 
358 286681 45.0 
359 287720 47.0 
424 339513 49.0 
432 346382 50.0 
476 381460 51.0 
478 382932 52.0 
500 400417 56.0 
502 402341 58.0 
540 432528 61.0 
557 445881 62.0 
594 475761 63.0 
604 483877 66.0 
631 505275 67.0 
641 513469 73.0 
672 538267 75.0 
708 566909 76.0 
716 573249 78.0 
783 626801 82.0 
802 641797 83.0 
803 643009 86.0 
804 643245 88.0 
806 645578 89.0 
848 679185 90.0 
889 711921 93.0 
954 763921 94.0 
958 767121 95.0 
959 767687 97.0 
1000 800761 99.0 
1101 881575 100.0 
==== END RUN ====
0 1 1.0 
0 3 3.0 
0 11 5.0 
0 15 6.0 
0 389 7.0 
0 766 8.0 
1 1543 9.0 
5 4140 10.0 
7 6344 12.0 
13 11058 14.0 
19 15358 19.0 
79 63426 20.0 
79 63849 22.0 
152 121805 23.0 
152 121925 27.0 
180 144618 29.0 
186 148979 30.0 
215 172435 35.0 
274 219313 36.0 
293 234659 37.0 
294 235313 39.0 
352 281915 43.0 
393 314671 45.0 
416 333519 46.0 
441 353417 47.0 
450 360519 49.0 
547 438286 52.0 
580 464407 53.0 
592 473691 55.0 
615 492547 56.0 
617 494063 62.0 
658 526901 67.0 
691 553388 69.0 
738 590559 70.0 
751 601547 72.0 
767 613957 74.0 
824 659888 75.0 
837 670271 76.0 
853 682477 78.0 
862 689733 81.0 
917 734309 82.0 
923 738963 84.0 
956 764941 87.0 
1038 830563 89.0 
1106 885307 91.0 
1138 911113 93.0 
1165 932729 95.0 
1200 960735 98.0 
1216 973445 100.0 
==== END RUN ====
0 1 3.0 
0 42 5.0 
0 306 7.0 
0 405 8.0 
1 1555 12.0 
10 8638 15.0 
35 28219 16.0 
44 35469 17.0 
49 39289 18.0 
61 49289 19.0 
70 56771 22.0 
73 58591 25.0 
109 87541 28.0 
135 108712 34.0 
204 163443 35.0 
207 166051 36.0 
240 192597 38.0 
240 192757 39.0 
254 203749 43.0 
295 236554 44.0 
302 241925 45.0 
316 253436 47.0 
329 263461 50.0 
350 280778 55.0 
382 305713 56.0 
426 341229 57.0 
438 351199 58.0 
449 359647 62.0 
531 425299 63.0 
552 441861 64.0 
575 460648 67.0 
579 463887 68.0 
624 499395 69.0 
644 515617 71.0 
646 517149 73.0 
690 552505 80.0 
770 616629 81.0 
796 636919 83.0 
815 652129 84.0 
843 675069 85.0 
882 705753 87.0 
933 747134 88.0 
937 750297 89.0 
948 759144 92.0 
968 775101 94.0 
972 777697 96.0 
1012 810177 98.0 
1037 829601 100.0 
==== END RUN ====
0 1 1.0 
0 3 8.0 
0 209 10.0 
3 2572 14.0 
3 2932 15.0 
31 25051 16.0 
50 40760 17.0 
59 47354 19.0 
81 64881 20.0 
83 66656 23.0 
84 67812 24.0 
103 82807 25.0 
136 108987 29.0 
187 150258 30.0 
199 159958 31.0 
213 170621 36.0 
252 202381 41.0 
277 222051 43.0 
357 285941 44.0 
368 294519 45.0 
373 298619 47.0 
428 343064 49.0 
466 373069 51.0 
503 402751 53.0 
512 409977 56.0 
523 418947 61.0 
614 491655 63.0 
678 543162 69.0 
732 586109 70.0 
771 617434 72.0 
784 627994 75.0 
795 636567 76.0 
796 637345 78.0 
847 677711 79.0 
889 711251 80.0 
899 719751 81.0 
903 722603 83.0 
973 779065 86.0 
1005 804665 88.0 
1022 817697 90.0 
1036 829263 94.0 
1087 870279 96.0 
1108 887197 97.0 
1157 926359 98.0 
1182 945767 99.0 
1232 986193 100.0 
==== END RUN ====
0 1 4.0 
0 23 5.0 
0 35 7.0 
0 260 8.0 
0 503 9.0 
1 1424 10.0 
9 7850 11.0 
11 8910 13.0 
15 12595 15.0 
18 15039 16.0 
35 28459 17.0 
47 37901 20.0 
58 46547 23.0 
127 102000 29.0 
157 125661 30.0 
167 133936 31.0 
169 135828 33.0 
195 156145 35.0 
203 163083 36.0 
222 177741 37.0 
243 195062 38.0 
289 231469 39.0 
290 232354 40.0 
313 250657 42.0 
320 256430 43.0 
336 269041 44.0 
339 271713 45.0 
350 280622 47.0 
365 292707 54.0 
411 329077 57.0 
464 371349 59.0 
481 385159 61.0 
557 446121 63.0 
558 446931 68.0 
594 475525 69.0 
631 505155 71.0 
641 513534 73.0 
665 532760 75.0 
668 534597 79.0 
734 587959 82.0 
792 633653 83.0 
794 635455 86.0 
803 643158 87.0 
825 660359 91.0 
864 691966 94.0 
908 726531 96.0 
929 743225 100.0 
==== END RUN ====
0 1 1.0 
0 3 2.0 
0 5 3.0 
0 9 4.0 
0 33 5.0 
0 103 6.0 
0 121 7.0 
0 222 8.0 
1 1010 9.0 
1 1459 11.0 
2 2166 12.0 
8 7165 13.0 
9 7413 14.0 
30 24355 15.0 
38 30831 17.0 
85 68109 18.0 
88 71001 20.0 
98 78627 21.0 
99 79659 24.0 
127 102281 26.0 
157 125761 29.0 
159 127922 31.0 
212 170388 34.0 
241 193001 36.0 
242 194001 37.0 
257 206345 39.0 
264 211673 40.0 
298 239022 43.0 
307 246144 44.0 
320 256345 48.0 
382 306265 50.0 
396 317534 54.0 
434 347203 55.0 
437 349695 56.0 
440 352764 57.0 
441 353329 58.0 
468 374801 59.0 
487 389659 61.0 
491 393269 65.0 
552 441767 66.0 
586 469528 67.0 
620 496533 69.0 
659 527847 70.0 
688 550931 71.0 
693 554983 73.0 
724 579846 75.0 
756 605085 78.0 
767 614111 80.0 
801 641005 81.0 
817 654279 85.0 
847 678365 86.0 
876 701101 87.0 
891 713539 93.0 
966 773171 95.0 
977 781719 97.0 
999 799547 99.0 
1020 816105 100.0 
==== END RUN ====
0 1 2.0 
0 7 4.0 
0 27 6.0 
0 317 9.0 
1 1474 10.0 
6 5426 11.0 
15 12120 14.0 
19 15563 17.0 
34 27957 19.0 
62 50336 20.0 
88 70987 21.0 
91 72945 22.0 
118 94575 26.0 
168 134836 31.0 
212 169932 32.0 
225 180525 33.0 
237 190178 34.0 
258 206577 35.0 
287 230306 39.0 
294 235929 41.0 
335 268621 42.0 
343 275173 44.0 
359 287645 46.0 
367 294171 47.0 
390 312598 48.0 
410 328666 50.0 
414 331764 52.0 
437 349745 53.0 
447 358286 57.0 
475 380123 58.0 
485 388453 60.0 
515 412481 61.0 
565 452099 62.0 
571 457496 68.0 
574 459864 69.0 
659 527473 70.0 
670 536732 72.0 
717 573617 74.0 
738 590713 77.0 
760 608621 82.0 
878 703025 87.0 
924 739903 92.0 
966 773157 93.0 
989 791659 94.0 
991 793503 97.0 
1054 843889 100.0 
==== END RUN ====
0 1 1.0 
0 3 3.0 
0 9 4.0 
0 25 5.0 
0 49 7.0 
0 91 9.0 
2 1782 11.0 
3 2882 14.0 
28 22898 15.0 
33 27128 16.0 
54 43928 18.0 
73 58708 20.0 
79 63526 21.0 
81 65382 22.0 
83 67094 24.0 
123 98421 26.0 
146 117174 30.0 
184 147922 31.0 
198 158921 34.0 
278 222561 35.0 
278 222625 37.0 
308 246671 40.0 
359 287733 41.0 
367 293935 42.0 
372 297631 45.0 
425 340540 48.0 
444 355527 49.0 
454 363859 51.0 
457 365737 57.0 
480 384001 59.0 
493 394851 68.0 
543 434493 70.0 
587 470175 72.0 
603 483013 75.0 
617 493633 78.0 
649 519585 81.0 
651 521518 89.0 
712 570205 90.0 
761 609588 91.0 
777 621907 92.0 
792 634073 93.0 
795 636629 94.0 
795 636784 95.0 
830 664347 97.0 
850 680725 98.0 
904 723867 100.0 
==== END RUN ====
0 1 5.0 
0 91 7.0 
0 137 10.0 
1 1143 12.0 
6 5520 13.0 
13 11177 15.0 
16 13476 17.0 
35 28101 19.0 
73 59013 22.0 
121 97537 24.0 
126 100827 26.0 
154 123353 30.0 
171 136857 31.0 
184 147823 32.0 
209 167419 34.0 
211 168977 36.0 
239 191799 39.0 
281 225545 40.0 
294 235611 42.0 
306 245003 45.0 
330 264623 46.0 
358 287055 48.0 
380 304125 53.0 
434 347257 54.0 
445 356626 55.0 
472 378166 59.0 
523 418539 63.0 
565 452489 64.0 
643 514972 66.0 
671 537061 67.0 
682 546063 68.0 
692 553645 71.0 
766 613375 72.0 
791 633381 73.0 
802 642175 74.0 
837 670359 75.0 
842 673865 77.0 
850 680143 78.0 
886 709453 82.0 
957 765983 83.0 
965 772619 84.0 
987 789657 87.0 
1003 802581 89.0 
1055 844399 90.0 
1061 849501 92.0 
1079 863319 95.0 
1159 927929 96.0 
1171 937175 98.0 
1210 968791 99.0 
1247 997901 100.0 
==== END RUN ====
0 1 1.0 
0 5 2.0 
0 15 4.0 
0 63 6.0 
0 313 9.0 
0 639 10.0 
0 667 11.0 
3 3015 14.0 
31 25551 15.0 
36 29304 16.0 
46 37248 17.0 
47 37741 18.0 
82 65831 20.0 
90 72111 21.0 
98 79042 22.0 
106 85530 23.0 
129 103955 24.0 
131 105090 27.0 
155 124539 29.0 
165 132343 30.0 
180 144149 34.0 
216 173061 40.0 
278 222835 41.0 
287 229727 44.0 
329 263815 45.0 
341 273345 46.0 
364 291745 49.0 
410 328590 50.0 
411 329303 53.0 
458 366837 56.0 
509 407409 58.0 
548 438549 61.0 
572 458139 63.0 
573 459160 65.0 
618 494871 67.0 
645 516751 68.0 
663 531041 70.0 
704 563413 72.0 
763 610547 73.0 
768 614521 75.0 
820 656157 78.0 
823 658709 82.0 
827 662245 83.0 
852 682017 87.0 
929 743841 89.0 
968 775001 94.0 
988 790613 95.0 
1028 822915 97.0 
1042 834367 100.0 
==== END RUN ====
0 1 1.0 
0 3 3.0 
0 17 6.0 
0 33 7.0 
1 920 9.0 
4 3505 12.0 
9 7967 13.0 
14 11586 14.0 
16 12999 15.0 
35 28093 16.0 
43 35166 17.0 
64 51996 18.0 
70 56131 19.0 
78 62804 22.0 
120 96771 23.0 
148 118693 28.0 
195 156514 29.0 
205 164412 30.0 
218 174519 33.0 
230 184755 35.0 
233 186960 36.0 
255 204065 37.0 
265 212037 38.0 
274 219499 39.0 
276 221324 43.0 
336 269091 44.0 
339 271946 48.0 
359 287223 50.0 
361 289336 51.0 
392 313911 60.0 
438 350859 63.0 
506 405237 64.0 
519 415261 68.0 
556 445347 69.0 
559 447331 70.0 
582 466368 72.0 
593 474573 73.0 
609 487791 75.0 
617 494348 76.0 
633 506753 77.0 
672 538183 79.0 
688 550507 80.0 
696 557530 81.0 
731 585495 82.0 
749 599817 83.0 
755 604153 85.0 
756 605423 86.0 
775 620621 93.0 
948 759149 94.0 
964 771541 99.0 
979 783561 100.0 
==== END RUN ====
0 1 2.0 
0 5 4.0 
0 37 5.0 
0 438 6.0 
0 555 10.0 
6 5050 11.0 
12 9786 12.0 
18 14741 13.0 
25 20145 14.0 
27 22331 15.0 
29 23617 16.0 
49 39421 17.0 
62 50284 19.0 
69 55563 21.0 
84 67552 23.0 
88 71144 25.0 
106 85581 26.0 
121 96897 27.0 
151 121056 29.0 
157 126279 31.0 
188 150585 32.0 
201 160925 35.0 
215 172352 37.0 
230 184484 40.0 
307 245970 42.0 
349 279922 43.0 
357 285615 45.0 
386 309143 46.0 
414 331589 47.0 
425 340755 48.0 
428 343006 50.0 
440 352666 51.0 
470 376445 54.0 
474 379635 55.0 
503 402655 62.0 
588 470589 63.0 
594 475579 64.0 
599 479699 66.0 
665 532745 67.0 
688 550972 68.0 
693 555074 69.0 
694 555677 70.0 
738 591007 72.0 
739 591215 74.0 
803 642477 75.0 
811 649043 76.0 
814 651807 77.0 
828 662543 80.0 
850 680589 83.0 
862 689949 84.0 
887 710225 86.0 
892 713753 88.0 
897 718359 89.0 
940 752271 90.0 
946 757479 91.0 
949 759727 94.0 
1015 812751 95.0 
1062 850367 96.0 
1095 876361 97.0 
1133 907103 98.0 
1162 929665 100.0 
==== END RUN ====
0 1 3.0 
0 5 6.0 
0 115 7.0 
0 172 8.0 
0 225 13.0 
7 5926 16.0 
19 15458 17.0 
51 41570 21.0 
94 75480 25.0 
131 105273 26.0 
142 114072 27.0 
155 124219 28.0 
183 146908 29.0 
187 149866 31.0 
202 162155 32.0 
213 170625 34.0 
243 194489 36.0 
266 213500 39.0 
281 225113 40.0 
297 237969 41.0 
311 249451 45.0 
371 297371 46.0 
372 298044 47.0 
408 326882 48.0 
420 336679 50.0 
444 355739 53.0 
469 375361 54.0 
476 381423 56.0 
494 395445 57.0 
509 407749 59.0 
511 409151 61.0 
520 416728 62.0 
553 442883 65.0 
581 465107 66.0 
601 481437 67.0 
632 505625 68.0 
636 508905 70.0 
686 549181 71.0 
697 557867 72.0 
707 565953 74.0 
707 566312 75.0 
734 587765 77.0 
769 615333 78.0 
772 617707 84.0 
801 641582 85.0 
852 682384 86.0 
877 701651 89.0 
901 721205 90.0 
927 742009 91.0 
949 759653 92.0 
1015 812739 94.0 
1026 821033 98.0 
1084 867575 99.0 
1110 888435 100.0 
==== END RUN ====
0 1 2.0 
0 7 3.0 
0 29 4.0 
0 103 5.0 
0 111 7.0 
0 319 10.0 
0 565 12.0 
13 10848 14.0 
35 28652 16.0 
52 41891 17.0 
76 61409 19.0 
100 80513 20.0 
103 82975 24.0 
137 109827 26.0 
180 144732 32.0 
267 214128 33.0 
272 217813 35.0 
281 225344 36.0 
302 242277 39.0 
306 245537 42.0 
329 263754 44.0 
352 281749 47.0 
397 317731 48.0 
447 357953 49.0 
447 357999 50.0 
472 378177 57.0 
519 415493 58.0 
535 428363 59.0 
539 431309 60.0 
559 447637 62.0 
561 449446 65.0 
574 459835 66.0 
601 481545 67.0 
602 482081 69.0 
645 516495 70.0 
660 528229 72.0 
694 555781 86.0 
817 653915 87.0 
825 660712 88.0 
851 680825 92.0 
931 745225 94.0 
951 761537 95.0 
984 787963 96.0 
1015 812767 100.0 
==== END RUN ====
0 1 1.0 
0 3 6.0 
0 82 9.0 
1 1303 10.0 
10 8514 11.0 
15 12795 12.0 
18 15107 14.0 
24 19813 15.0 
42 34308 16.0 
46 37077 17.0 
50 40599 21.0 
89 71585 23.0 
92 73669 24.0 
115 92632 26.0 
129 103504 30.0 
170 136657 31.0 
175 140565 32.0 
190 152616 33.0 
208 167103 35.0 
240 192291 38.0 
258 206802 39.0 
311 249169 42.0 
338 270811 44.0 
403 323193 45.0 
412 330216 47.0 
421 337325 48.0 
459 367854 51.0 
491 392957 56.0 
537 429935 57.0 
592 474397 60.0 
608 487017 62.0 
643 515027 65.0 
670 536664 68.0 
734 587828 70.0 
736 589482 72.0 
764 611783 73.0 
810 648183 76.0 
845 676747 79.0 
847 677633 81.0 
905 724700 84.0 
922 738071 85.0 
943 754693 88.0 
988 791138 90.0 
994 795413 91.0 
1059 847783 92.0 
1082 866099 94.0 
1109 887825 99.0 
1161 929493 100.0 
==== END RUN ====
0 1 1.0 
0 3 3.0 
0 35 6.0 
0 298 7.0 
0 577 8.0 
1 1106 9.0 
3 2983 11.0 
4 3255 15.0 
28 22867 16.0 
38 31027 18.0 
49 39470 20.0 
86 68825 24.0 
96 76871 25.0 
134 107790 26.0 
152 121918 29.0 
161 129027 30.0 
178 142879 31.0 
205 164711 33.0 
216 172887 34.0 
239 191389 35.0 
249 199861 36.0 
260 208219 38.0 
260 208249 39.0 
281 225051 40.0 
292 233951 41.0 
312 250256 42.0 
322 257833 43.0 
343 274579 44.0 
354 283588 46.0 
365 292431 47.0 
398 318725 48.0 
408 326705 51.0 
481 385177 52.0 
488 390409 53.0 
517 413859 55.0 
522 418105 56.0 
532 425991 58.0 
540 432141 59.0 
558 446853 60.0 
577 462077 61.0 
596 477177 62.0 
652 522156 64.0 
652 522351 66.0 
657 525689 67.0 
681 545139 68.0 
723 578431 71.0 
742 593839 72.0 
749 599785 75.0 
835 668651 77.0 
848 678507 80.0 
911 729191 81.0 
922 737969 82.0 
963 771061 86.0 
993 795192 87.0 
1034 827829 89.0 
1105 884305 91.0 
1153 922711 96.0 
1183 947113 98.0 
1240 992101 100.0 
==== END RUN ====
0 1 6.0 
0 53 10.0 
3 2717 11.0 
4 3623 15.0 
6 5335 18.0 
53 42791 21.0 
56 44975 24.0 
100 80302 25.0 
128 102902 26.0 
136 109479 27.0 
161 128933 29.0 
169 135505 31.0 
186 149434 35.0 
245 196777 37.0 
247 198094 38.0 
282 225823 39.0 
285 228225 40.0 
295 236065 41.0 
347 277993 43.0 
375 300378 44.0 
405 324053 46.0 
413 330479 47.0 
417 334166 50.0 
447 357757 51.0 
468 374515 52.0 
472 378053 53.0 
494 395750 54.0 
511 409069 55.0 
511 409181 56.0 
527 422124 57.0 
528 422843 58.0 
543 434745 59.0 
545 436615 60.0 
571 457151 63.0 
619 495795 66.0 
657 525959 69.0 
696 557491 71.0 
739 591291 74.0 
741 593061 75.0 
762 610230 76.0 
775 620149 78.0 
795 636367 80.0 
807 646324 83.0 
811 649373 84.0 
814 651303 88.0 
865 692211 89.0 
905 724011 90.0 
910 728061 93.0 
941 753001 95.0 
983 786601 96.0 
1024 819501 99.0 
1036 829321 100.0 
==== END RUN ====
0 1 3.0 
0 11 7.0 
0 103 8.0 
1 925 9.0 
1 1172 10.0 
6 4805 11.0 
8 7003 12.0 
15 12135 13.0 
21 17150 16.0 
31 25518 21.0 
75 60759 24.0 
110 88457 25.0 
114 92000 27.0 
117 93840 29.0 
163 130725 33.0 
171 137396 35.0 
236 188833 36.0 
244 195891 38.0 
250 200257 39.0 
256 205147 41.0 
263 210681 43.0 
303 242601 45.0 
310 248436 46.0 
336 268873 47.0 
343 275010 48.0 
377 301994 49.0 
380 304335 50.0 
385 308574 52.0 
390 312311 55.0 
441 352845 58.0 
462 370356 65.0 
538 430453 71.0 
558 446481 72.0 
586 468877 74.0 
624 499695 75.0 
631 505229 76.0 
644 515299 79.0 
671 537464 82.0 
692 554273 83.0 
702 562300 84.0 
709 567405 86.0 
727 581855 87.0 
758 607013 92.0 
783 626695 94.0 
817 654353 98.0 
904 723857 100.0 
==== END RUN ====
0 1 1.0 
0 3 5.0 
0 23 6.0 
0 194 11.0 
0 199 13.0 
9 7317 15.0 
33 26933 20.0 
63 50726 21.0 
70 56299 22.0 
91 73039 24.0 
95 76468 27.0 
137 109879 29.0 
152 122226 30.0 
165 132679 31.0 
171 137355 33.0 
184 147473 36.0 
237 189917 37.0 
292 233773 40.0 
372 297899 42.0 
380 304623 44.0 
386 309163 46.0 
403 322885 47.0 
420 336169 51.0 
472 378009 52.0 
502 402382 53.0 
509 407932 54.0 
529 423305 56.0 
540 432459 58.0 
569 455403 61.0 
598 478891 62.0 
611 489497 65.0 
625 500759 67.0 
656 525467 68.0 
700 560423 70.0 
716 573187 71.0 
727 582115 72.0 
734 587763 73.0 
747 598179 74.0 
783 627064 76.0 
788 630547 77.0 
805 644653 78.0 
807 646047 82.0 
816 653005 84.0 
926 740829 86.0 
953 762565 90.0 
983 787071 92.0 
985 788037 93.0 
1006 805473 94.0 
1058 847153 96.0 
1066 852801 98.0 
1073 858995 100.0 
==== END RUN ====
0 1 1.0 
0 3 2.0 
0 5 4.0 
0 33 5.0 
0 285 6.0 
0 439 7.0 
0 621 8.0 
0 640 9.0 
0 699 10.0 
2 1936 11.0 
6 5494 14.0 
24 19847 15.0 
32 25719 17.0 
33 26692 18.0 
50 40660 19.0 
76 61261 20.0 
83 66751 21.0 
87 69655 22.0 
113 90449 24.0 
116 92915 25.0 
125 100259 30.0 
163 131095 35.0 
194 155381 37.0 
249 199473 41.0 
268 214840 46.0 
318 254675 51.0 
434 347620 52.0 
461 369251 53.0 
476 381580 54.0 
478 382435 56.0 
507 406266 58.0 
547 437767 59.0 
568 455106 60.0 
586 469257 63.0 
609 487979 64.0 
613 490723 67.0 
660 528299 71.0 
682 545983 73.0 
724 579293 76.0 
746 597373 78.0 
789 631972 79.0 
834 667533 80.0 
844 675757 81.0 
866 693559 82.0 
885 708726 85.0 
955 764171 87.0 
968 775081 88.0 
990 792683 89.0 
993 794679 90.0 
1025 820267 92.0 
1100 880097 93.0 
1116 893527 95.0 
1161 929487 97.0 
1164 931269 100.0 
==== END RUN ====
0 1 1.0 
0 3 6.0 
0 85 11.0 
5 4527 12.0 
7 6232 13.0 
13 10787 16.0 
39 31763 18.0 
79 63793 19.0 
81 65364 21.0 
105 84267 24.0 
137 109838 25.0 
140 112580 26.0 
149 119333 27.0 
173 138571 30.0 
202 162049 31.0 
215 172416 32.0 
248 198795 33.0 
250 200329 34.0 
252 201863 35.0 
252 201946 36.0 
276 221017 37.0 
279 223560 38.0 
280 224683 39.0 
284 227329 45.0 
397 318396 48.0 
406 325197 50.0 
427 342348 51.0 
428 342467 53.0 
459 367922 54.0 
493 395120 56.0 
555 444453 57.0 
570 456449 58.0 
588 470861 59.0 
620 496123 64.0 
689 551545 67.0 
746 597041 68.0 
753 602973 72.0 
810 648123 74.0 
837 670189 77.0 
886 709507 79.0 
890 712689 80.0 
899 719369 81.0 
907 725823 82.0 
914 731801 83.0 
937 750251 87.0 
1014 811881 89.0 
1024 819988 90.0 
1047 838273 91.0 
1059 847495 95.0 
1073 858419 97.0 
1080 864679 98.0 
1100 880677 99.0 
1115 892103 100.0 
==== END RUN ====
0 1 1.0 
0 5 2.0 
0 9 3.0 
0 11 4.0 
0 21 7.0 
0 233 8.0 
1 1010 9.0 
2 1671 10.0 
2 1888 11.0 
3 3198 12.0 
22 18270 13.0 
23 19122 14.0 
24 19696 15.0 
31 25156 23.0 
113 90737 24.0 
117 94258 27.0 
171 137028 28.0 
177 142355 32.0 
192 154136 34.0 
235 188165 36.0 
243 195146 38.0 
294 235770 39.0 
301 241249 42.0 
314 251435 44.0 
343 274959 45.0 
354 283616 49.0 
456 365193 51.0 
481 385498 54.0 
522 417997 59.0 
574 459593 61.0 
575 460520 64.0 
623 498417 65.0 
632 506154 66.0 
672 538369 67.0 
693 554891 68.0 
699 559725 72.0 
706 565455 73.0 
710 568479 74.0 
748 598923 78.0 
749 599894 79.0 
753 602457 84.0 
785 628727 85.0 
793 634995 88.0 
799 639999 90.0 
842 674257 91.0 
865 692227 92.0 
868 694471 97.0 
898 719151 98.0 
901 721247 100.0 
==== END RUN ====
0 1 4.0 
0 13 8.0 
0 315 9.0 
0 509 10.0 
1 1324 11.0 
3 2800 12.0 
8 6857 13.0 
10 8161 14.0 
10 8430 15.0 
21 17351 17.0 
42 33659 20.0 
56 44899 21.0 
68 54433 22.0 
89 71428 23.0 
103 83018 27.0 
118 95076 28.0 
154 123341 29.0 
157 125987 32.0 
211 169247 33.0 
217 173916 35.0 
237 190118 36.0 
274 219510 37.0 
286 229033 38.0 
319 255763 39.0 
321 257423 41.0 
327 262351 42.0 
329 263717 45.0 
346 277348 46.0 
390 312595 50.0 
413 330927 51.0 
454 363527 52.0 
459 367988 53.0 
460 368585 54.0 
480 384693 57.0 
510 408465 61.0 
550 440103 65.0 
560 448644 69.0 
578 463165 73.0 
622 498185 74.0 
632 506065 76.0 
693 554537 77.0 
700 560179 79.0 
718 574945 80.0 
736 588805 81.0 
748 598949 82.0 
764 611944 83.0 
841 672853 87.0 
870 696649 88.0 
929 743387 90.0 
930 744707 91.0 
960 768509 94.0 
969 775921 95.0 
981 785503 96.0 
984 787929 100.0 
==== END RUN ====
0 1 2.0 
0 23 5.0 
0 95 6.0 
0 186 7.0 
0 263 9.0 
1 1594 11.0 
2 1779 15.0 
15 12045 17.0 
57 46383 21.0 
85 68532 22.0 
112 89629 23.0 
117 93737 24.0 
119 95409 25.0 
130 104768 26.0 
138 111123 30.0 
191 153381 31.0 
193 155041 32.0 
200 160607 34.0 
226 181063 37.0 
275 220063 38.0 
284 227675 39.0 
319 255592 41.0 
330 264468 44.0 
337 270024 47.0 
349 279995 50.0 
400 320796 51.0 
432 346299 52.0 
443 355186 53.0 
445 356349 54.0 
449 359924 56.0 
453 362443 57.0 
473 379058 63.0 
528 422635 64.0 
556 445355 71.0 
670 536571 73.0 
694 555840 77.0 
738 591017 80.0 
763 610439 81.0 
779 623577 83.0 
781 625071 84.0 
793 634893 85.0 
802 641903 88.0 
816 652853 89.0 
877 701731 90.0 
877 701971 91.0 
895 716609 93.0 
909 727747 98.0 
954 763991 100.0 
==== END RUN ====
0 1 1.0 
0 5 5.0 
0 89 6.0 
0 227 10.0 
2 1796 14.0 
6 4968 16.0 
22 17853 17.0 
35 28493 18.0 
55 44398 26.0 
121 97445 28.0 
175 140518 30.0 
183 146607 33.0 
216 173121 34.0 
249 199797 36.0 
256 205211 38.0 
271 217385 41.0 
325 260527 42.0 
329 263567 43.0 
344 275676 44.0 
354 283725 47.0 
411 329264 49.0 
440 352722 50.0 
446 356983 51.0 
472 377987 53.0 
521 417231 59.0 
580 464081 60.0 
583 467053 63.0 
610 488626 69.0 
733 586669 70.0 
739 591737 72.0 
759 607725 74.0 
759 607956 75.0 
803 642535 76.0 
829 663821 78.0 
932 746257 79.0 
947 758069 81.0 
971 777572 83.0 
987 790309 86.0 
1029 823797 87.0 
1060 848649 88.0 
1063 850933 89.0 
1074 859986 90.0 
1089 871639 91.0 
1096 877517 93.0 
1164 931853 95.0 
1200 960777 96.0 
1243 994471 99.0 
1305 1044773 100.0 
==== END RUN ====
0 1 2.0 
0 23 4.0 
0 27 8.0 
0 747 9.0 
1 1418 10.0 
4 3503 11.0 
5 4181 14.0 
18 15122 20.0 
62 49905 23.0 
119 95551 25.0 
140 112668 26.0 
143 114949 28.0 
147 118205 35.0 
235 188263 36.0 
235 188432 37.0 
264 211759 38.0 
273 218437 40.0 
278 222693 41.0 
345 276737 42.0 
350 280163 44.0 
365 292209 46.0 
376 301187 49.0 
383 306907 50.0 
389 311947 51.0 
415 332628 53.0 
435 348309 54.0 
436 349324 56.0 
449 359411 59.0 
501 401451 60.0 
526 421595 61.0 
533 426877 62.0 
562 449667 64.0 
589 471816 65.0 
592 473751 67.0 
631 504897 68.0 
631 505533 69.0 
632 506351 73.0 
728 583130 75.0 
740 592651 76.0 
746 597403 77.0 
752 601839 78.0 
761 609413 79.0 
800 640079 80.0 
801 641269 81.0 
842 673653 82.0 
888 710529 83.0 
910 728635 85.0 
927 742249 87.0 
932 746213 91.0 
988 790909 92.0 
1035 828513 93.0 
1048 838559 97.0 
1056 845007 98.0 
1094 875277 100.0 
==== END RUN ====
0 1 1.0 
0 18 2.0 
0 21 3.0 
0 23 4.0 
0 66 5.0 
0 220 10.0 
1 1091 11.0 
1 1236 12.0 
7 5775 14.0 
16 12974 15.0 
27 21833 16.0 
46 37578 18.0 
52 41795 23.0 
53 42829 24.0 
122 97715 25.0 
143 114913 26.0 
174 139452 27.0 
180 144119 30.0 
221 176909 31.0 
221 177241 32.0 
226 180849 33.0 
261 209082 35.0 
265 212181 36.0 
276 221011 38.0 
301 241251 47.0 
417 334267 50.0 
459 367569 51.0 
470 376207 54.0 
529 423994 55.0 
530 424451 61.0 
574 459261 65.0 
630 504582 66.0 
660 528007 67.0 
690 552107 68.0 
692 554123 69.0 
713 570739 70.0 
751 601454 72.0 
778 622941 73.0 
809 647455 74.0 
833 667132 77.0 
875 700017 79.0 
926 741439 81.0 
969 775673 82.0 
1031 824859 83.0 
1054 843513 85.0 
1064 851273 86.0 
1118 895025 89.0 
1153 923095 92.0 
1248 999007 93.0 
1276 1021467 95.0 
1298 1038735 97.0 
1360 1088205 100.0 
==== END RUN ====
