0 1 1.0 
0 3 2.0 
0 5 3.0 
0 20 4.0 
0 39 6.0 
0 99 9.0 
1 205 11.0 
13 2692 13.0 
40 8011 15.0 
50 10097 19.0 
205 41093 21.0 
228 45716 24.0 
329 65957 26.0 
355 71167 27.0 
386 77384 30.0 
402 80501 31.0 
510 102123 33.0 
522 104474 34.0 
555 111035 35.0 
601 120271 36.0 
649 129873 38.0 
763 152687 42.0 
895 179095 44.0 
934 186877 45.0 
943 188727 46.0 
987 197540 47.0 
1005 201077 48.0 
1023 204752 57.0 
1198 239785 66.0 
1305 261001 67.0 
1396 279293 68.0 
1440 288175 72.0 
1662 332545 74.0 
1668 333745 77.0 
1773 354755 80.0 
1814 362955 81.0 
1947 389561 82.0 
1997 399543 83.0 
2000 400163 84.0 
2091 418365 85.0 
2091 418377 90.0 
2264 452981 91.0 
2521 504347 96.0 
2627 525513 100.0 
==== END RUN ====
0 1 2.0 
0 3 3.0 
0 12 5.0 
0 68 6.0 
0 130 7.0 
1 211 8.0 
2 533 9.0 
5 1115 11.0 
27 5574 12.0 
34 6951 14.0 
62 12548 24.0 
308 61631 26.0 
377 75425 27.0 
392 78533 30.0 
417 83558 34.0 
517 103411 36.0 
522 104559 37.0 
544 108888 39.0 
689 137892 40.0 
728 145697 41.0 
748 149719 42.0 
916 183311 46.0 
1104 220861 47.0 
1109 221964 48.0 
1182 236504 49.0 
1234 246947 50.0 
1332 266429 53.0 
1412 282533 56.0 
1472 294509 57.0 
1563 312713 62.0 
1656 331309 64.0 
1689 337819 65.0 
1790 358079 66.0 
1804 360863 67.0 
1883 376669 71.0 
1963 392760 72.0 
2173 434645 73.0 
2193 438745 74.0 
2226 445345 75.0 
2313 462669 77.0 
2339 467861 78.0 
2445 489157 81.0 
2514 502957 83.0 
2707 541567 84.0 
2788 557796 85.0 
2915 583171 86.0 
2970 594173 87.0 
==== END RUN ====
0 1 2.0 
0 10 4.0 
0 64 6.0 
1 255 7.0 
1 287 8.0 
5 1149 9.0 
8 1757 10.0 
11 2244 11.0 
21 4363 13.0 
59 11924 16.0 
123 24734 17.0 
138 27792 19.0 
175 35033 20.0 
268 53708 21.0 
321 64337 23.0 
328 65712 26.0 
397 79437 28.0 
467 93545 29.0 
503 100657 30.0 
523 104751 32.0 
604 120920 33.0 
609 121931 36.0 
620 124065 37.0 
729 145821 38.0 
761 152372 42.0 
906 181211 43.0 
926 185364 45.0 
959 191865 47.0 
1029 205877 48.0 
1089 217944 50.0 
1172 234513 52.0 
1257 251539 54.0 
1297 259409 55.0 
1324 264849 57.0 
1332 266445 58.0 
1468 293713 59.0 
1571 314341 62.0 
1616 323345 63.0 
1629 325919 66.0 
1639 327907 67.0 
1696 339343 72.0 
1715 343133 73.0 
1749 349929 76.0 
1868 373741 77.0 
1927 385523 78.0 
2030 406153 80.0 
2156 431217 81.0 
2156 431357 82.0 
2234 446901 83.0 
2299 459967 87.0 
2369 473967 88.0 
2467 493567 89.0 
2611 522395 91.0 
2615 523179 94.0 
2719 543979 95.0 
2786 557369 97.0 
2801 560253 99.0 
2819 563905 100.0 
==== END RUN ====
0 1 1.0 
0 3 4.0 
0 70 6.0 
0 132 7.0 
0 169 8.0 
4 994 9.0 
5 1062 10.0 
13 2657 11.0 
15 3044 13.0 
17 3434 14.0 
83 16778 15.0 
111 22309 16.0 
118 23617 17.0 
203 40773 20.0 
249 49973 21.0 
297 59590 22.0 
333 66617 23.0 
367 73543 25.0 
409 81958 26.0 
472 94575 27.0 
508 101762 28.0 
509 101805 30.0 
518 103708 32.0 
565 113108 33.0 
587 117505 34.0 
646 129370 37.0 
709 141937 40.0 
711 142342 41.0 
711 142355 42.0 
766 153219 45.0 
800 160132 46.0 
843 168721 52.0 
954 190970 53.0 
1016 203307 57.0 
1140 228155 58.0 
1153 230770 59.0 
1254 250913 60.0 
1285 257037 63.0 
1353 270755 64.0 
1472 294521 65.0 
1674 334869 66.0 
1707 341531 71.0 
1735 347131 72.0 
1754 350931 74.0 
1837 367431 76.0 
1860 372151 78.0 
1955 391095 80.0 
2018 403775 82.0 
2021 404393 84.0 
2079 415939 87.0 
2096 419365 88.0 
2179 435899 90.0 
2276 455381 92.0 
2311 462317 93.0 
2380 476137 96.0 
2433 486661 99.0 
2464 492943 100.0 
==== END RUN ====
0 1 1.0 
0 5 11.0 
2 523 12.0 
10 2174 14.0 
16 3378 16.0 
72 14506 17.0 
100 20195 18.0 
180 36015 20.0 
224 44916 23.0 
275 55059 24.0 
321 64237 27.0 
366 73386 28.0 
400 80076 29.0 
430 86101 32.0 
431 86314 33.0 
455 91156 36.0 
563 112728 38.0 
673 134669 40.0 
730 146090 42.0 
795 159129 43.0 
824 164853 44.0 
859 171992 46.0 
862 172475 47.0 
951 190389 48.0 
998 199749 50.0 
1159 231871 52.0 
1212 242566 55.0 
1319 263905 56.0 
1457 291417 57.0 
1501 300307 58.0 
1671 334301 62.0 
1773 354725 63.0 
1830 366123 66.0 
1857 371533 67.0 
1903 380621 68.0 
2017 403489 69.0 
2106 421346 70.0 
2139 427998 71.0 
2197 439493 72.0 
2244 448929 74.0 
2372 474549 76.0 
2403 480749 77.0 
2563 512755 78.0 
2599 519955 80.0 
2637 527465 81.0 
2703 540755 82.0 
2742 548461 84.0 
2788 557769 85.0 
2799 559949 87.0 
2924 584989 89.0 
==== END RUN ====
0 1 3.0 
0 5 4.0 
0 27 5.0 
0 40 6.0 
0 134 11.0 
7 1494 14.0 
69 13916 16.0 
110 22176 18.0 
137 27497 20.0 
150 30183 22.0 
257 51439 24.0 
323 64789 26.0 
395 79191 29.0 
595 119177 30.0 
604 120875 34.0 
642 128525 39.0 
708 141752 40.0 
756 151301 41.0 
766 153393 42.0 
840 168158 44.0 
888 177776 46.0 
989 197980 47.0 
1115 223147 50.0 
1195 239178 53.0 
1213 242714 55.0 
1234 246895 57.0 
1267 253582 58.0 
1287 257463 59.0 
1374 274943 60.0 
1405 281025 61.0 
1410 282177 62.0 
1440 288121 66.0 
1622 324533 67.0 
1703 340793 68.0 
1774 354863 71.0 
1872 374590 72.0 
1915 383101 74.0 
1978 395645 75.0 
1998 399770 76.0 
2004 400941 79.0 
2106 421317 83.0 
2151 430367 84.0 
2308 461765 87.0 
2343 468731 90.0 
2354 470994 91.0 
2502 500545 93.0 
2565 513147 95.0 
2604 520987 96.0 
2648 529653 98.0 
2824 564945 99.0 
2873 574761 100.0 
==== END RUN ====
0 1 1.0 
0 6 2.0 
0 11 6.0 
1 344 10.0 
4 924 17.0 
81 16229 18.0 
173 34674 19.0 
210 42061 22.0 
286 57348 33.0 
526 105354 34.0 
608 121631 39.0 
662 132465 40.0 
674 134889 41.0 
726 145327 42.0 
727 145463 43.0 
755 151117 45.0 
777 155522 46.0 
784 156889 49.0 
874 174855 53.0 
883 176743 54.0 
923 184693 55.0 
953 190721 56.0 
1075 215113 58.0 
1179 235917 59.0 
1222 244513 62.0 
1300 260095 64.0 
1349 269953 66.0 
1358 271675 67.0 
1435 287089 68.0 
1453 290625 69.0 
1523 304677 75.0 
1570 314170 78.0 
1583 316797 82.0 
1646 329390 84.0 
1651 330383 87.0 
1741 348321 88.0 
1852 370425 89.0 
1889 377943 91.0 
1962 392535 94.0 
2032 406471 96.0 
2164 432943 98.0 
2193 438689 100.0 
==== END RUN ====
0 1 6.0 
0 36 8.0 
3 655 13.0 
54 10825 14.0 
108 21703 15.0 
119 23851 16.0 
153 30637 21.0 
227 45465 23.0 
304 60999 28.0 
418 83657 29.0 
446 89307 30.0 
484 96946 34.0 
591 118311 35.0 
607 121455 39.0 
716 143209 40.0 
735 147110 42.0 
774 154869 43.0 
812 162427 45.0 
834 166976 46.0 
943 188784 47.0 
1017 203527 48.0 
1019 203995 50.0 
1048 209687 51.0 
1115 223120 53.0 
1226 245307 54.0 
1257 251576 55.0 
1279 255907 56.0 
1317 263600 57.0 
1356 271221 59.0 
1406 281205 61.0 
1427 285543 62.0 
1497 299561 70.0 
1503 300792 71.0 
1579 315943 72.0 
1596 319343 74.0 
1662 332541 77.0 
1734 346893 78.0 
1739 347933 80.0 
1813 362761 81.0 
1906 381361 82.0 
2007 401565 83.0 
2018 403629 85.0 
2141 428371 86.0 
2326 465283 87.0 
2407 481583 88.0 
2463 492711 90.0 
2513 502765 93.0 
2586 517341 96.0 
2708 541685 98.0 
2730 546159 99.0 
2829 565819 100.0 
==== END RUN ====
0 1 1.0 
0 3 3.0 
0 10 4.0 
0 18 6.0 
1 242 8.0 
4 907 11.0 
12 2469 12.0 
34 6972 16.0 
137 27472 18.0 
224 44813 19.0 
237 47452 20.0 
248 49707 21.0 
258 51760 23.0 
348 69693 25.0 
376 75271 28.0 
467 93451 31.0 
582 116466 32.0 
585 117013 37.0 
731 146372 38.0 
778 155665 42.0 
788 157721 44.0 
791 158299 46.0 
991 198235 47.0 
994 198827 49.0 
1025 205120 50.0 
1057 211588 51.0 
1114 222962 56.0 
1126 225351 57.0 
1183 236659 58.0 
1189 237919 60.0 
1235 247065 62.0 
1325 265115 67.0 
1441 288213 71.0 
1469 293959 73.0 
1566 313325 74.0 
1653 330779 75.0 
1717 343549 78.0 
1822 364549 80.0 
1893 378751 81.0 
2065 413163 82.0 
2215 443159 83.0 
2294 458941 93.0 
2361 472275 95.0 
2386 477367 96.0 
2394 478999 100.0 
==== END RUN ====
0 1 2.0 
0 21 4.0 
0 89 5.0 
0 111 7.0 
0 135 8.0 
1 220 9.0 
2 431 12.0 
6 1389 15.0 
75 15095 16.0 
93 18692 18.0 
226 45289 21.0 
245 49061 22.0 
291 58384 25.0 
361 72259 30.0 
612 122565 32.0 
670 134195 33.0 
690 138100 34.0 
770 154186 35.0 
837 167461 37.0 
957 191556 41.0 
1084 216871 48.0 
1172 234523 53.0 
1406 281213 54.0 
1474 294996 55.0 
1476 295327 56.0 
1488 297741 58.0 
1598 319779 59.0 
1600 320143 61.0 
1768 353713 62.0 
1870 374065 63.0 
1959 391985 65.0 
1988 397615 66.0 
1992 398525 70.0 
2052 410547 72.0 
2095 419133 74.0 
2106 421205 75.0 
2155 431063 76.0 
2188 437777 78.0 
2272 454553 79.0 
2303 460751 80.0 
2360 472005 81.0 
2491 498380 82.0 
2506 501309 83.0 
2539 507963 84.0 
2701 540369 85.0 
2722 544567 86.0 
2781 556369 87.0 
2802 560569 88.0 
2892 578577 92.0 
==== END RUN ====
0 1 2.0 
0 5 3.0 
0 16 4.0 
0 59 6.0 
0 80 7.0 
0 81 9.0 
0 86 10.0 
6 1372 11.0 
13 2709 16.0 
75 15124 17.0 
86 17249 18.0 
149 29851 22.0 
168 33653 24.0 
317 63544 26.0 
429 85871 27.0 
435 87092 29.0 
462 92449 31.0 
481 96253 32.0 
531 106352 36.0 
570 114148 39.0 
579 115865 41.0 
633 126717 42.0 
794 158898 43.0 
852 170489 45.0 
884 176837 47.0 
979 195981 51.0 
984 196899 52.0 
1119 223999 53.0 
1143 228781 54.0 
1170 234115 56.0 
1199 239934 57.0 
1218 243791 58.0 
1306 261229 60.0 
1355 271163 61.0 
1416 283317 62.0 
1425 285057 63.0 
1689 337987 67.0 
1728 345703 68.0 
1826 365327 70.0 
1867 373529 71.0 
1879 375925 73.0 
1957 391598 74.0 
2101 420349 75.0 
2176 435283 77.0 
2271 454355 78.0 
2294 458861 79.0 
2389 477907 81.0 
2410 482157 82.0 
2469 493819 83.0 
2484 496957 85.0 
2550 510171 86.0 
2665 533173 87.0 
2811 562373 89.0 
2816 563333 91.0 
2915 583047 92.0 
2960 592185 93.0 
==== END RUN ====
0 1 2.0 
0 3 3.0 
0 21 5.0 
0 41 6.0 
0 61 8.0 
6 1213 11.0 
38 7715 15.0 
83 16646 17.0 
114 22996 21.0 
225 45057 22.0 
287 57417 27.0 
486 97225 28.0 
565 113053 29.0 
599 119946 30.0 
677 135578 31.0 
747 149582 34.0 
817 163587 36.0 
877 175562 38.0 
1011 202277 40.0 
1020 204077 45.0 
1262 252465 46.0 
1274 254891 49.0 
1340 268083 51.0 
1371 274391 52.0 
1437 287465 53.0 
1559 311907 54.0 
1612 322546 56.0 
1693 338709 57.0 
1704 340920 58.0 
1762 352513 59.0 
1875 375183 61.0 
1899 379887 63.0 
1932 386569 64.0 
2022 404415 66.0 
2160 432129 67.0 
2180 436009 68.0 
2184 436929 70.0 
2284 456889 71.0 
2389 477943 72.0 
2411 482343 73.0 
2443 488743 78.0 
2542 508547 81.0 
2683 536763 82.0 
2864 572965 83.0 
2888 577765 84.0 
2966 593400 87.0 
==== END RUN ====
0 1 1.0 
0 14 2.0 
0 17 3.0 
0 52 4.0 
0 81 5.0 
0 102 6.0 
0 135 9.0 
4 951 13.0 
26 5219 14.0 
58 11700 16.0 
63 12644 17.0 
64 12901 21.0 
178 35799 22.0 
186 37243 23.0 
262 52542 24.0 
279 55904 26.0 
338 67694 27.0 
400 80115 28.0 
410 82150 30.0 
469 93849 31.0 
471 94251 33.0 
526 105374 35.0 
542 108546 36.0 
566 113309 37.0 
674 134926 39.0 
798 159677 41.0 
800 160073 42.0 
917 183593 44.0 
923 184762 45.0 
949 189883 46.0 
949 189936 47.0 
1103 220723 49.0 
1157 231433 54.0 
1273 254736 55.0 
1285 257196 56.0 
1333 266709 58.0 
1333 266732 59.0 
1333 266785 60.0 
1405 281138 62.0 
1457 291535 63.0 
1484 296911 65.0 
1510 302105 67.0 
1553 310665 70.0 
1575 315137 71.0 
1648 329743 72.0 
1672 334573 74.0 
1702 340535 78.0 
1832 366557 82.0 
1896 379217 83.0 
1919 383949 85.0 
2026 405243 86.0 
2026 405343 87.0 
2044 408995 90.0 
2226 445397 92.0 
2228 445729 93.0 
2235 447091 95.0 
2245 449149 99.0 
2354 470911 100.0 
==== END RUN ====
0 1 4.0 
0 16 7.0 
0 124 8.0 
8 1647 9.0 
19 3928 11.0 
46 9332 12.0 
57 11403 13.0 
61 12296 14.0 
123 24611 15.0 
136 27260 16.0 
205 41147 17.0 
206 41332 18.0 
212 42537 26.0 
424 84872 27.0 
437 87435 28.0 
490 98097 30.0 
502 100483 31.0 
555 111015 33.0 
570 114128 34.0 
649 129853 36.0 
652 130488 39.0 
769 153882 40.0 
769 153953 41.0 
840 168023 43.0 
862 172491 44.0 
953 190697 45.0 
972 194475 47.0 
1030 206081 50.0 
1044 208879 52.0 
1085 217041 54.0 
1168 233757 55.0 
1201 240229 56.0 
1228 245783 60.0 
1315 263182 61.0 
1320 264109 65.0 
1509 301934 66.0 
1535 307057 67.0 
1594 318965 71.0 
1684 336943 73.0 
1706 341329 74.0 
1756 351368 76.0 
1801 360343 78.0 
1898 379757 80.0 
2101 420211 81.0 
2201 440365 85.0 
2212 442580 86.0 
2293 458773 90.0 
2361 472363 91.0 
2404 480985 95.0 
2470 494181 100.0 
==== END RUN ====
0 1 2.0 
0 32 3.0 
0 36 4.0 
0 93 6.0 
1 257 7.0 
1 314 8.0 
1 316 9.0 
4 972 10.0 
5 1120 11.0 
11 2368 13.0 
46 9229 15.0 
80 16023 16.0 
135 27153 21.0 
195 39021 25.0 
345 69166 27.0 
405 81011 29.0 
418 83691 30.0 
474 94951 31.0 
547 109461 32.0 
567 113431 33.0 
620 124126 34.0 
659 131894 35.0 
690 138043 40.0 
781 156231 42.0 
891 178292 44.0 
932 186592 48.0 
1131 226328 49.0 
1186 237317 51.0 
1229 245926 53.0 
1330 266035 55.0 
1458 291707 58.0 
1489 297827 60.0 
1757 351521 61.0 
1831 366367 63.0 
1977 395560 64.0 
1982 396556 65.0 
1990 398045 67.0 
2049 409925 69.0 
2152 430481 70.0 
2176 435352 72.0 
2222 444550 73.0 
2325 465131 77.0 
2374 474955 79.0 
2533 506755 80.0 
2611 522331 82.0 
2696 539323 84.0 
2804 560976 87.0 
2809 561879 89.0 
2888 577779 92.0 
==== END RUN ====
0 1 1.0 
0 9 2.0 
0 12 4.0 
0 34 5.0 
0 44 7.0 
2 415 10.0 
3 625 14.0 
46 9397 17.0 
129 25872 20.0 
177 35505 21.0 
185 37178 22.0 
255 51066 23.0 
330 66158 24.0 
342 68437 25.0 
397 79544 26.0 
397 79571 29.0 
546 109339 31.0 
592 118427 32.0 
601 120277 34.0 
729 145903 36.0 
752 150465 37.0 
754 150905 43.0 
1031 206304 44.0 
1067 213504 46.0 
1094 218889 48.0 
1155 231153 51.0 
1168 233768 52.0 
1226 245253 53.0 
1240 248103 54.0 
1278 255718 55.0 
1409 281972 57.0 
1533 306715 58.0 
1586 317374 59.0 
1689 337965 61.0 
1846 369381 64.0 
1862 372419 65.0 
1867 373473 67.0 
1953 390725 71.0 
2092 418585 74.0 
2211 442349 75.0 
2238 447772 77.0 
2354 470984 78.0 
2485 497157 79.0 
2540 508015 82.0 
2611 522365 86.0 
2654 530983 88.0 
2819 563977 90.0 
2945 589085 93.0 
2987 597451 95.0 
==== END RUN ====
0 1 1.0 
0 6 2.0 
0 30 3.0 
0 33 4.0 
0 72 8.0 
1 271 12.0 
24 4996 13.0 
32 6439 15.0 
98 19738 16.0 
116 23356 17.0 
142 28458 18.0 
153 30659 21.0 
201 40229 24.0 
218 43792 25.0 
331 66381 26.0 
388 77717 27.0 
414 82914 28.0 
467 93535 33.0 
510 102079 35.0 
558 111701 36.0 
676 135397 38.0 
695 139182 42.0 
786 157317 44.0 
933 186763 45.0 
1027 205491 46.0 
1043 208631 48.0 
1060 212029 54.0 
1143 228739 55.0 
1215 243061 58.0 
1343 268637 59.0 
1347 269556 61.0 
1362 272572 62.0 
1410 282117 64.0 
1452 290471 66.0 
1566 313344 68.0 
1596 319379 69.0 
1652 330535 70.0 
1729 345948 71.0 
1764 352921 72.0 
1793 358753 73.0 
1812 362505 75.0 
1943 388751 78.0 
2031 406351 81.0 
2180 436085 84.0 
2206 441363 85.0 
2337 467509 89.0 
2366 473377 91.0 
2498 499715 92.0 
2629 525985 95.0 
2642 528585 99.0 
2810 562199 100.0 
==== END RUN ====
0 1 3.0 
0 9 7.0 
0 70 8.0 
3 728 10.0 
6 1259 11.0 
32 6413 13.0 
64 12914 15.0 
134 26915 16.0 
160 32153 17.0 
162 32415 18.0 
206 41398 21.0 
220 44137 25.0 
314 62801 27.0 
412 82566 28.0 
459 91887 34.0 
669 133979 35.0 
703 140631 39.0 
769 153871 41.0 
803 160792 43.0 
893 178625 46.0 
987 197483 48.0 
1082 216567 50.0 
1140 228097 54.0 
1263 252737 55.0 
1340 268103 56.0 
1364 272901 57.0 
1391 278368 60.0 
1444 288847 61.0 
1616 323323 62.0 
1665 333011 63.0 
1723 344782 64.0 
1752 350591 66.0 
2052 410582 67.0 
2073 414733 68.0 
2108 421733 69.0 
2113 422725 70.0 
2119 423933 71.0 
2130 426119 74.0 
2245 449005 77.0 
2383 476749 78.0 
2470 494151 79.0 
2494 498839 82.0 
2547 509555 85.0 
2703 540761 86.0 
2785 557095 87.0 
2805 561200 89.0 
2811 562373 91.0 
2839 567987 94.0 
2933 586643 98.0 
==== END RUN ====
0 1 1.0 
0 3 2.0 
0 7 4.0 
0 19 6.0 
0 96 7.0 
0 166 8.0 
8 1759 9.0 
15 3069 12.0 
22 4570 15.0 
197 39431 16.0 
231 46360 17.0 
238 47787 18.0 
246 49387 19.0 
308 61601 20.0 
319 63988 22.0 
367 73509 23.0 
404 80901 28.0 
482 96530 32.0 
581 116319 33.0 
645 129081 35.0 
746 149352 42.0 
795 159166 44.0 
880 176122 45.0 
963 192760 46.0 
1058 211757 47.0 
1083 216731 48.0 
1119 223911 49.0 
1196 239265 52.0 
1317 263547 53.0 
1378 275800 55.0 
1416 283307 56.0 
1421 284329 58.0 
1466 293332 59.0 
1544 308899 60.0 
1610 322093 62.0 
1644 328905 67.0 
1657 331519 69.0 
1700 340171 71.0 
1784 356919 72.0 
1899 379851 74.0 
1954 390992 76.0 
1977 395545 77.0 
2046 409231 79.0 
2123 424615 82.0 
2212 442407 83.0 
2241 448372 84.0 
2324 464933 85.0 
2338 467671 86.0 
2406 481369 87.0 
2447 489571 90.0 
2633 526797 92.0 
2645 529121 95.0 
2736 547385 96.0 
2853 570785 99.0 
==== END RUN ====
0 1 1.0 
0 5 3.0 
0 13 5.0 
0 46 9.0 
3 613 10.0 
4 940 14.0 
83 16770 15.0 
104 20938 19.0 
203 40633 22.0 
241 48316 24.0 
274 54951 26.0 
327 65548 28.0 
401 80348 30.0 
424 84911 31.0 
508 101743 32.0 
514 102829 33.0 
599 119807 34.0 
642 128469 35.0 
668 133645 36.0 
686 137271 38.0 
795 159065 39.0 
849 169879 41.0 
859 171934 42.0 
881 176290 44.0 
932 186471 45.0 
969 193959 46.0 
974 194942 48.0 
1050 210097 49.0 
1059 211983 55.0 
1210 242001 57.0 
1280 256115 58.0 
1358 271627 60.0 
1377 275552 62.0 
1425 285125 63.0 
1462 292542 65.0 
1530 306117 67.0 
1535 307125 68.0 
1623 324699 71.0 
1710 342023 72.0 
1783 356775 74.0 
1904 380975 75.0 
2064 412954 76.0 
2081 416349 77.0 
2173 434753 81.0 
2268 453763 82.0 
2284 456963 83.0 
2292 458583 84.0 
2394 478963 85.0 
2442 488509 86.0 
2626 525253 90.0 
2832 566511 94.0 
2926 585381 95.0 
2954 590819 96.0 
==== END RUN ====
0 1 1.0 
0 5 4.0 
0 99 5.0 
0 128 7.0 
2 586 8.0 
6 1375 12.0 
46 9363 15.0 
63 12684 17.0 
170 34001 19.0 
210 42037 21.0 
357 71421 24.0 
428 85704 26.0 
507 101563 27.0 
526 105255 29.0 
581 116259 31.0 
603 120659 33.0 
654 130821 36.0 
734 146855 37.0 
779 155931 41.0 
796 159213 43.0 
860 172172 48.0 
988 197611 55.0 
1235 247073 57.0 
1324 264942 61.0 
1374 274991 63.0 
1502 300543 67.0 
1548 309623 69.0 
1622 324533 72.0 
1674 334815 74.0 
1688 337625 75.0 
1733 346739 77.0 
1769 353833 79.0 
1881 376351 80.0 
2066 413279 81.0 
2078 415605 82.0 
2088 417645 83.0 
2121 424372 84.0 
2229 445803 86.0 
2274 454973 87.0 
2483 496779 88.0 
2552 510447 92.0 
2668 533645 93.0 
2750 550185 94.0 
2758 551635 96.0 
2772 554489 98.0 
2879 575997 99.0 
2928 585617 100.0 
==== END RUN ====
0 1 3.0 
0 13 8.0 
1 299 9.0 
5 1048 13.0 
7 1417 16.0 
102 20446 19.0 
168 33715 20.0 
204 40833 22.0 
227 45576 24.0 
273 54747 25.0 
373 74662 26.0 
390 78011 27.0 
407 81548 28.0 
477 95457 29.0 
506 101348 32.0 
511 102394 35.0 
574 114908 37.0 
651 130326 40.0 
858 171625 42.0 
902 180543 43.0 
914 182871 45.0 
953 190677 48.0 
974 194897 49.0 
1087 217554 51.0 
1154 230897 53.0 
1257 251574 54.0 
1260 252123 62.0 
1334 266825 66.0 
1526 305336 67.0 
1531 306217 73.0 
1740 348176 74.0 
1759 351947 75.0 
1801 360347 76.0 
1838 367747 79.0 
1927 385553 80.0 
2021 404235 81.0 
2023 404800 82.0 
2087 417563 85.0 
2131 426363 86.0 
2149 429969 92.0 
2168 433659 95.0 
2216 443263 97.0 
2325 465019 100.0 
==== END RUN ====
0 1 1.0 
0 3 3.0 
0 7 5.0 
0 11 6.0 
0 171 11.0 
1 330 14.0 
64 12825 15.0 
142 28549 19.0 
181 36330 20.0 
248 49752 22.0 
299 59856 24.0 
522 104521 25.0 
526 105352 26.0 
530 106151 27.0 
563 112771 29.0 
563 112789 35.0 
767 153439 36.0 
839 167869 37.0 
851 170379 39.0 
878 175681 41.0 
888 177671 44.0 
950 190079 47.0 
1062 212543 48.0 
1127 225557 49.0 
1249 249809 51.0 
1322 264528 53.0 
1372 274547 55.0 
1458 291714 56.0 
1480 296200 57.0 
1536 307327 59.0 
1548 309773 61.0 
1720 344198 62.0 
1750 350176 63.0 
1772 354529 66.0 
2056 411325 74.0 
2283 456790 76.0 
2399 479949 80.0 
2504 500949 82.0 
2569 513871 83.0 
2575 515161 86.0 
2760 552127 87.0 
2786 557373 88.0 
2796 559373 90.0 
2905 581173 92.0 
2915 583190 94.0 
2921 584375 95.0 
2966 593215 96.0 
==== END RUN ====
0 1 1.0 
0 3 3.0 
0 35 4.0 
0 105 6.0 
0 113 7.0 
1 313 8.0 
2 497 10.0 
24 4988 11.0 
35 7023 12.0 
35 7178 13.0 
41 8344 14.0 
74 14933 17.0 
102 20525 18.0 
144 28866 23.0 
238 47720 25.0 
310 62187 26.0 
404 80943 30.0 
427 85475 31.0 
441 88354 32.0 
467 93480 33.0 
490 98173 34.0 
560 112105 35.0 
608 121768 36.0 
684 136995 37.0 
726 145280 39.0 
730 146005 40.0 
789 157934 43.0 
796 159349 45.0 
825 165061 46.0 
856 171273 48.0 
945 189114 51.0 
1030 206149 52.0 
1032 206505 55.0 
1191 238237 57.0 
1235 247111 58.0 
1266 253311 61.0 
1391 278315 66.0 
1496 299221 67.0 
1511 302398 70.0 
1593 318797 71.0 
1700 340143 73.0 
1703 340707 76.0 
1772 354600 77.0 
1815 363095 78.0 
1868 373715 79.0 
1912 382576 82.0 
2018 403755 83.0 
2127 425455 87.0 
2168 433767 89.0 
2208 441733 90.0 
2224 444983 92.0 
2299 459849 95.0 
2350 470137 96.0 
2401 480237 98.0 
2488 497793 100.0 
==== END RUN ====
0 1 1.0 
0 3 2.0 
0 5 3.0 
0 19 7.0 
1 369 8.0 
2 568 9.0 
3 639 11.0 
34 6997 12.0 
57 11485 14.0 
84 16993 15.0 
95 19097 16.0 
129 25974 19.0 
149 29825 21.0 
194 38833 22.0 
205 41056 26.0 
267 53542 29.0 
328 65611 32.0 
502 100483 34.0 
572 114421 35.0 
608 121673 38.0 
612 122504 39.0 
667 133553 40.0 
678 135755 41.0 
751 150368 43.0 
799 159970 45.0 
815 163104 46.0 
851 170312 51.0 
921 184346 52.0 
963 192701 53.0 
993 198705 55.0 
1065 213119 56.0 
1145 229027 59.0 
1234 246933 62.0 
1282 256584 63.0 
1304 260811 64.0 
1342 268529 66.0 
1507 301503 67.0 
1611 322349 69.0 
1624 324803 70.0 
1632 326533 71.0 
1696 339333 72.0 
1728 345781 76.0 
1844 368803 78.0 
1944 388977 81.0 
1967 393588 82.0 
2069 413963 85.0 
2099 419911 86.0 
2168 433705 90.0 
2299 459891 92.0 
2425 485185 94.0 
2628 525785 97.0 
2676 535345 100.0 
==== END RUN ====
0 1 2.0 
0 14 4.0 
0 15 5.0 
0 40 6.0 
0 128 7.0 
1 328 8.0 
3 714 9.0 
6 1203 10.0 
7 1405 11.0 
9 1936 14.0 
103 20797 15.0 
153 30627 17.0 
166 33281 19.0 
271 54323 20.0 
349 69937 22.0 
364 72864 26.0 
397 79441 27.0 
599 119853 30.0 
629 125878 33.0 
649 129853 34.0 
699 139878 35.0 
780 156180 36.0 
881 176227 37.0 
936 187223 38.0 
958 191653 40.0 
1124 224908 42.0 
1168 233766 43.0 
1207 241563 44.0 
1215 243065 45.0 
1229 245811 46.0 
1334 266879 47.0 
1479 295861 48.0 
1499 299956 51.0 
1566 313295 52.0 
1633 326619 54.0 
1715 343112 55.0 
1737 347405 57.0 
1781 356313 58.0 
1827 365566 59.0 
1977 395556 60.0 
2043 408774 62.0 
2081 416346 65.0 
2092 418559 71.0 
2308 461699 76.0 
2329 465960 78.0 
2417 483461 79.0 
2574 514841 80.0 
2585 517035 84.0 
2768 553683 85.0 
2834 566973 87.0 
2957 591463 90.0 
2977 595507 93.0 
==== END RUN ====
0 1 1.0 
0 3 4.0 
0 7 5.0 
1 221 6.0 
1 226 7.0 
1 398 8.0 
7 1542 9.0 
8 1748 10.0 
20 4071 11.0 
36 7273 15.0 
83 16667 16.0 
112 22445 18.0 
174 34865 20.0 
195 39077 21.0 
256 51257 24.0 
287 57443 25.0 
304 60874 27.0 
352 70591 28.0 
372 74488 29.0 
425 85011 30.0 
448 89773 31.0 
453 90651 38.0 
683 136757 39.0 
699 139895 40.0 
777 155421 42.0 
791 158304 45.0 
892 178491 47.0 
915 183162 52.0 
1048 209639 53.0 
1130 226015 54.0 
1143 228751 55.0 
1153 230687 56.0 
1190 238037 61.0 
1223 244713 62.0 
1424 284847 64.0 
1451 290231 67.0 
1549 309950 68.0 
1614 322931 69.0 
1758 351739 73.0 
1888 377739 81.0 
2081 416363 85.0 
2208 441699 86.0 
2227 445541 88.0 
2255 451183 90.0 
2261 452245 91.0 
2418 483617 92.0 
2477 495583 97.0 
2621 524293 98.0 
2690 538197 99.0 
2791 558397 100.0 
==== END RUN ====
0 1 2.0 
0 8 3.0 
0 14 4.0 
0 18 5.0 
0 65 6.0 
0 86 12.0 
5 1038 15.0 
20 4045 16.0 
79 15987 17.0 
157 31433 18.0 
173 34755 23.0 
283 56623 24.0 
314 62980 25.0 
350 70170 26.0 
363 72791 27.0 
399 79950 28.0 
422 84433 29.0 
446 89391 30.0 
558 111623 32.0 
571 114378 33.0 
662 132409 37.0 
691 138356 39.0 
832 166539 40.0 
844 168957 41.0 
853 170703 42.0 
874 174974 44.0 
1051 210341 45.0 
1080 216158 46.0 
1189 237845 47.0 
1289 257815 49.0 
1313 262725 51.0 
1430 286179 54.0 
1445 289115 59.0 
1457 291497 63.0 
1510 302045 65.0 
1613 322742 66.0 
1701 340241 68.0 
1707 341503 69.0 
1880 376139 70.0 
1923 384655 71.0 
2081 416392 72.0 
2112 422463 74.0 
2194 438839 76.0 
2194 438857 78.0 
2300 460157 81.0 
2377 475557 82.0 
2428 485615 83.0 
2468 493767 84.0 
2666 533213 87.0 
2746 549369 88.0 
2772 554473 89.0 
2850 570175 93.0 
2924 584815 94.0 
==== END RUN ====
0 1 1.0 
0 3 2.0 
0 8 3.0 
0 9 5.0 
0 27 9.0 
0 71 10.0 
1 320 11.0 
22 4573 13.0 
73 14786 14.0 
89 17863 15.0 
94 18913 18.0 
156 31215 19.0 
220 44027 21.0 
231 46353 22.0 
241 48298 25.0 
303 60748 26.0 
361 72245 28.0 
386 77389 37.0 
718 143769 38.0 
797 159457 39.0 
824 164857 42.0 
851 170267 43.0 
905 181169 44.0 
1127 225489 45.0 
1191 238308 47.0 
1261 252227 48.0 
1380 276097 54.0 
1533 306731 55.0 
1612 322557 56.0 
1675 335113 57.0 
1874 374913 58.0 
1892 378513 60.0 
1899 379889 63.0 
1956 391285 64.0 
1988 397745 67.0 
2101 420237 68.0 
2129 425999 70.0 
2284 456939 72.0 
2337 467541 73.0 
2415 483139 75.0 
2440 488186 77.0 
2537 507582 78.0 
2765 553157 80.0 
2950 590161 81.0 
2993 598683 82.0 
==== END RUN ====
0 1 1.0 
0 6 2.0 
0 23 4.0 
0 73 6.0 
0 99 7.0 
1 265 9.0 
3 715 14.0 
91 18291 15.0 
116 23307 17.0 
247 49587 18.0 
261 52265 20.0 
322 64534 21.0 
332 66580 23.0 
387 77572 25.0 
397 79423 26.0 
459 91907 33.0 
519 103918 34.0 
625 125114 38.0 
688 137680 39.0 
703 140613 40.0 
788 157761 41.0 
822 164465 42.0 
876 175267 43.0 
910 182187 47.0 
959 191873 48.0 
1053 210697 50.0 
1077 215475 51.0 
1088 217697 52.0 
1133 226726 56.0 
1154 230970 57.0 
1239 247987 58.0 
1301 260317 59.0 
1390 278130 60.0 
1461 292326 61.0 
1478 295603 62.0 
1489 297877 63.0 
1692 338527 65.0 
1785 357139 66.0 
1801 360327 70.0 
1828 365778 73.0 
1853 370609 74.0 
1879 375931 76.0 
1992 398479 77.0 
2096 419331 81.0 
2251 450343 83.0 
2462 492551 85.0 
2570 514019 89.0 
2573 514771 90.0 
2656 531371 91.0 
2698 539771 92.0 
2741 548379 93.0 
2821 564243 95.0 
2837 567559 96.0 
2903 580707 98.0 
2938 587765 99.0 
==== END RUN ====
0 1 1.0 
0 3 2.0 
0 5 4.0 
0 16 6.0 
0 38 16.0 
172 34578 17.0 
220 44031 19.0 
235 47196 20.0 
278 55770 22.0 
326 65390 23.0 
327 65566 25.0 
360 72168 26.0 
464 92969 29.0 
471 94390 35.0 
703 140691 36.0 
738 147683 37.0 
856 171233 39.0 
878 175775 40.0 
946 189281 42.0 
1111 222355 43.0 
1150 230131 47.0 
1226 245295 49.0 
1294 258899 53.0 
1380 276035 54.0 
1409 281997 56.0 
1461 292307 58.0 
1608 321771 61.0 
1822 364523 63.0 
1837 367523 64.0 
1937 387576 66.0 
1972 394584 71.0 
2046 409245 72.0 
2064 412953 74.0 
2162 432547 75.0 
2200 440037 76.0 
2290 458127 77.0 
2355 471187 81.0 
2427 485579 82.0 
2458 491773 84.0 
2570 514023 86.0 
2688 537773 88.0 
2744 548945 89.0 
2773 554779 90.0 
2849 569979 92.0 
2884 576845 96.0 
==== END RUN ====
0 1 2.0 
0 5 4.0 
0 118 5.0 
0 131 7.0 
1 304 8.0 
1 376 12.0 
32 6409 14.0 
78 15691 15.0 
78 15753 16.0 
91 18360 19.0 
136 27225 20.0 
191 38219 21.0 
242 48535 22.0 
292 58591 24.0 
322 64555 25.0 
431 86280 26.0 
432 86429 27.0 
490 98140 30.0 
517 103549 34.0 
720 144009 35.0 
744 148955 37.0 
801 160287 38.0 
829 165967 39.0 
903 180749 40.0 
925 185005 43.0 
954 190979 44.0 
965 193142 45.0 
968 193643 46.0 
1032 206489 47.0 
1045 209110 49.0 
1047 209537 50.0 
1127 225539 52.0 
1205 241099 53.0 
1304 260975 54.0 
1395 279107 56.0 
1461 292363 58.0 
1590 318057 59.0 
1617 323505 61.0 
1713 342781 62.0 
1779 355841 63.0 
1849 369956 65.0 
1901 380387 68.0 
1976 395390 69.0 
2023 404641 73.0 
2115 423075 75.0 
2154 430951 77.0 
2265 453141 78.0 
2351 470309 80.0 
2507 501561 81.0 
2567 513561 82.0 
2583 516761 84.0 
2594 518961 85.0 
2664 532869 86.0 
2724 544855 88.0 
2769 553965 89.0 
2774 554971 90.0 
2986 597303 92.0 
==== END RUN ====
0 1 1.0 
0 3 2.0 
0 8 3.0 
0 15 6.0 
0 74 8.0 
6 1386 9.0 
8 1741 11.0 
31 6359 13.0 
76 15332 15.0 
79 15809 20.0 
129 25846 22.0 
317 63542 23.0 
332 66489 28.0 
382 76526 30.0 
400 80130 31.0 
480 96109 32.0 
491 98268 33.0 
513 102704 38.0 
661 132393 39.0 
726 145358 40.0 
780 156111 42.0 
835 167075 43.0 
846 169387 47.0 
892 178481 49.0 
1003 200663 53.0 
1051 210209 55.0 
1110 222007 60.0 
1226 245307 61.0 
1261 252356 62.0 
1313 262677 63.0 
1436 287366 64.0 
1494 298982 68.0 
1591 318337 70.0 
1662 332572 72.0 
1714 342851 74.0 
1718 343787 76.0 
1768 353673 78.0 
1919 383957 79.0 
2045 409157 81.0 
2073 414757 83.0 
2225 445163 85.0 
2286 457269 86.0 
2296 459303 87.0 
2316 463213 90.0 
2401 480239 91.0 
2483 496783 92.0 
2581 516277 93.0 
2589 517983 97.0 
2656 531383 98.0 
2717 543583 100.0 
==== END RUN ====
0 1 1.0 
0 3 2.0 
0 7 4.0 
0 55 5.0 
0 200 6.0 
1 331 9.0 
5 1023 12.0 
50 10196 13.0 
93 18650 16.0 
129 25942 17.0 
136 27246 19.0 
246 49384 23.0 
295 59062 25.0 
373 74791 26.0 
405 81176 28.0 
466 93259 32.0 
469 93851 33.0 
546 109398 34.0 
600 120041 35.0 
675 135071 43.0 
861 172310 44.0 
942 188527 47.0 
1019 203889 48.0 
1035 207063 49.0 
1054 210885 50.0 
1144 228881 52.0 
1156 231308 53.0 
1198 239683 55.0 
1229 245819 56.0 
1439 287913 57.0 
1448 289649 59.0 
1519 303991 61.0 
1543 308661 62.0 
1555 311138 63.0 
1655 331127 65.0 
1656 331327 67.0 
1799 359839 68.0 
1893 378725 69.0 
1894 378931 73.0 
1952 390600 74.0 
1975 395173 75.0 
2018 403782 77.0 
2072 414547 78.0 
2144 428833 79.0 
2193 438623 80.0 
2285 457041 81.0 
2370 474161 83.0 
2469 493927 84.0 
2517 503429 89.0 
2741 548369 91.0 
2867 573600 93.0 
2877 575415 96.0 
==== END RUN ====
0 1 1.0 
0 3 2.0 
0 5 5.0 
0 38 6.0 
0 133 7.0 
3 782 9.0 
5 1187 14.0 
40 8192 15.0 
83 16674 16.0 
102 20452 17.0 
132 26429 20.0 
167 33571 21.0 
266 53266 22.0 
359 71936 24.0 
476 95298 26.0 
512 102543 29.0 
614 122907 31.0 
669 133904 36.0 
851 170313 40.0 
860 172168 42.0 
878 175721 43.0 
914 182900 44.0 
958 191757 46.0 
966 193311 50.0 
1036 207311 54.0 
1140 228037 55.0 
1184 236981 56.0 
1214 242811 57.0 
1411 282251 58.0 
1422 284513 59.0 
1443 288665 60.0 
1592 318580 61.0 
1643 328731 62.0 
1658 331651 63.0 
1709 341921 64.0 
1711 342382 71.0 
1906 381241 73.0 
2003 400635 75.0 
2119 423895 76.0 
2219 443967 81.0 
2235 447009 83.0 
2241 448223 87.0 
2533 506615 89.0 
2572 514579 90.0 
2690 538107 92.0 
2795 559023 93.0 
2886 577398 95.0 
2983 596787 96.0 
==== END RUN ====
0 1 1.0 
0 5 3.0 
0 11 4.0 
0 94 5.0 
0 153 6.0 
1 203 7.0 
1 277 9.0 
1 284 10.0 
8 1687 12.0 
19 3859 14.0 
29 5942 15.0 
116 23305 16.0 
118 23760 17.0 
204 40979 19.0 
260 52073 20.0 
261 52284 22.0 
293 58731 25.0 
415 83043 27.0 
509 101947 28.0 
549 109980 33.0 
705 141139 36.0 
749 149950 37.0 
807 161521 38.0 
865 173096 41.0 
909 181956 42.0 
910 182158 44.0 
982 196413 48.0 
1216 243297 49.0 
1350 270192 50.0 
1415 283196 51.0 
1425 285134 53.0 
1447 289564 54.0 
1448 289735 55.0 
1586 317321 59.0 
1695 339174 61.0 
1816 363323 63.0 
1848 369723 65.0 
1977 395499 67.0 
2069 413960 68.0 
2090 418135 70.0 
2097 419425 71.0 
2120 424089 72.0 
2202 440545 75.0 
2364 472945 78.0 
2378 475784 79.0 
2456 491313 82.0 
2586 517359 87.0 
2654 530967 88.0 
2792 558577 90.0 
2902 580577 91.0 
2981 596377 92.0 
2991 598381 95.0 
==== END RUN ====
0 1 2.0 
0 5 6.0 
0 167 7.0 
1 323 8.0 
3 688 11.0 
10 2073 12.0 
21 4244 13.0 
63 12755 14.0 
72 14508 17.0 
193 38679 21.0 
296 59320 22.0 
308 61700 23.0 
401 80239 24.0 
420 84160 25.0 
458 91713 28.0 
490 98003 29.0 
506 101221 30.0 
518 103767 31.0 
560 112005 35.0 
600 120037 36.0 
702 140579 40.0 
755 151061 41.0 
857 171524 42.0 
931 186385 44.0 
982 196503 45.0 
1060 212019 46.0 
1078 215757 47.0 
1107 221407 50.0 
1182 236588 52.0 
1227 245495 55.0 
1410 282111 59.0 
1460 292111 60.0 
1485 297055 64.0 
1579 315965 68.0 
1601 320229 72.0 
1663 332691 73.0 
1791 358366 76.0 
1805 361025 79.0 
1808 361798 80.0 
1832 366421 82.0 
1921 384327 84.0 
1975 395145 86.0 
2118 423773 87.0 
2125 425015 89.0 
2203 440627 91.0 
2317 463585 94.0 
2409 481807 98.0 
2434 486901 100.0 
==== END RUN ====
0 1 1.0 
0 3 4.0 
0 78 5.0 
0 183 6.0 
1 332 7.0 
1 382 9.0 
5 1166 10.0 
10 2197 13.0 
18 3657 14.0 
30 6143 15.0 
84 16805 20.0 
212 42507 21.0 
257 51522 22.0 
340 68145 23.0 
372 74558 24.0 
379 75957 26.0 
409 81938 27.0 
434 86903 28.0 
449 89857 29.0 
488 97651 30.0 
519 103981 34.0 
610 122051 35.0 
645 129065 36.0 
648 129795 40.0 
727 145552 42.0 
929 185831 43.0 
933 186631 48.0 
1064 212951 53.0 
1105 221013 55.0 
1155 231187 56.0 
1280 256194 59.0 
1386 277305 60.0 
1439 287913 62.0 
1443 288756 63.0 
1494 298851 64.0 
1625 325186 65.0 
1631 326323 66.0 
1698 339733 67.0 
1851 370303 68.0 
1885 377135 75.0 
2070 414029 76.0 
2228 445749 77.0 
2231 446347 78.0 
2289 457955 79.0 
2304 460949 80.0 
2367 473561 81.0 
2651 530378 83.0 
2659 531889 84.0 
2666 533367 85.0 
2690 538193 88.0 
2746 549363 89.0 
2837 567475 90.0 
2895 579198 92.0 
2996 599379 96.0 
==== END RUN ====
0 1 1.0 
0 3 2.0 
0 18 5.0 
0 73 6.0 
0 188 8.0 
2 460 9.0 
6 1234 10.0 
23 4644 13.0 
33 6621 16.0 
118 23707 20.0 
360 72160 21.0 
410 82085 26.0 
449 89843 27.0 
537 107535 28.0 
572 114569 31.0 
624 124949 32.0 
685 137031 34.0 
797 159492 35.0 
858 171653 38.0 
988 197786 39.0 
1036 207277 40.0 
1103 220689 41.0 
1205 241025 42.0 
1233 246681 45.0 
1299 259801 46.0 
1406 281283 49.0 
1441 288291 53.0 
1603 320651 57.0 
1696 339330 58.0 
1814 362805 59.0 
1849 369917 62.0 
1870 374187 63.0 
1893 378673 65.0 
1971 394333 67.0 
2011 402354 71.0 
2099 419997 73.0 
2141 428376 75.0 
2260 452007 76.0 
2294 458943 79.0 
2423 484669 80.0 
2495 499153 81.0 
2506 501359 82.0 
2571 514383 83.0 
2587 517587 84.0 
2597 519401 85.0 
2721 544321 87.0 
2917 583575 88.0 
2982 596575 91.0 
==== END RUN ====
0 1 1.0 
0 5 3.0 
0 18 6.0 
0 168 7.0 
1 333 10.0 
8 1757 11.0 
21 4234 13.0 
21 4371 15.0 
116 23391 16.0 
128 25774 19.0 
229 45845 21.0 
309 61898 22.0 
312 62427 23.0 
322 64551 24.0 
377 75511 25.0 
379 75933 26.0 
390 78043 27.0 
430 86106 29.0 
471 94243 30.0 
565 113123 31.0 
685 137063 32.0 
698 139637 33.0 
734 146823 36.0 
832 166570 40.0 
915 183167 42.0 
932 186540 43.0 
940 188170 44.0 
1060 212163 45.0 
1164 232893 48.0 
1194 238887 49.0 
1224 244855 51.0 
1242 248583 52.0 
1264 252905 56.0 
1276 255376 58.0 
1313 262693 60.0 
1425 285195 62.0 
1462 292532 63.0 
1502 300495 68.0 
1579 315885 72.0 
1702 340527 75.0 
1846 369345 78.0 
1867 373407 79.0 
1916 383237 81.0 
2042 408551 82.0 
2132 426545 84.0 
2138 427787 85.0 
2234 446965 86.0 
2296 459365 87.0 
2327 465527 88.0 
2418 483777 92.0 
2576 515395 93.0 
2613 522733 99.0 
2715 543097 100.0 
==== END RUN ====
0 1 1.0 
0 7 2.0 
0 8 3.0 
0 16 6.0 
0 113 8.0 
10 2088 9.0 
12 2576 10.0 
27 5492 11.0 
33 6665 12.0 
50 10045 13.0 
69 13980 14.0 
129 25833 20.0 
254 50937 21.0 
377 75579 23.0 
383 76694 26.0 
466 93231 29.0 
488 97787 30.0 
502 100544 31.0 
540 108159 32.0 
546 109318 34.0 
635 127171 35.0 
688 137663 36.0 
813 162730 37.0 
817 163512 39.0 
907 181479 40.0 
929 185986 42.0 
961 192303 45.0 
1042 208539 47.0 
1065 213165 49.0 
1091 218261 51.0 
1211 242201 52.0 
1227 245533 53.0 
1306 261395 55.0 
1352 270590 57.0 
1445 289122 59.0 
1543 308709 64.0 
1610 322194 70.0 
1682 336588 72.0 
1725 345129 73.0 
1807 361487 75.0 
1861 372281 78.0 
2033 406753 79.0 
2121 424295 81.0 
2153 430619 83.0 
2315 463149 84.0 
2379 475965 87.0 
2577 515549 89.0 
2624 524815 90.0 
2676 535275 91.0 
2737 547435 92.0 
2788 557627 93.0 
2799 559813 96.0 
2893 578798 98.0 
2898 579741 100.0 
==== END RUN ====
0 1 2.0 
0 7 4.0 
0 13 11.0 
2 574 12.0 
61 12306 13.0 
62 12583 14.0 
128 25660 16.0 
139 27920 18.0 
239 47803 21.0 
249 49908 25.0 
308 61789 26.0 
434 86855 31.0 
466 93221 32.0 
476 95329 34.0 
511 102391 35.0 
594 118841 38.0 
603 120673 39.0 
695 139125 41.0 
699 139978 42.0 
751 150273 44.0 
840 168136 45.0 
958 191691 48.0 
1025 205116 49.0 
1061 212297 50.0 
1090 218045 52.0 
1191 238291 55.0 
1205 241091 57.0 
1350 270143 59.0 
1354 270863 63.0 
1487 297539 64.0 
1506 301358 66.0 
1541 308360 67.0 
1606 321329 69.0 
1622 324546 71.0 
1640 328190 72.0 
1739 347927 73.0 
1841 368219 74.0 
1956 391349 75.0 
1958 391785 77.0 
2008 401783 78.0 
2096 419355 84.0 
2312 462525 85.0 
2367 473491 89.0 
2495 499141 91.0 
2549 509983 94.0 
2677 535495 95.0 
2718 543783 98.0 
2761 552281 99.0 
2787 557427 100.0 
==== END RUN ====
0 1 1.0 
0 3 2.0 
0 21 3.0 
0 27 7.0 
0 89 8.0 
3 788 10.0 
5 1196 13.0 
50 10063 15.0 
185 37122 21.0 
195 39165 22.0 
318 63635 23.0 
321 64249 25.0 
385 77142 26.0 
390 78100 27.0 
443 88623 28.0 
447 89556 29.0 
572 114489 30.0 
724 144888 31.0 
737 147575 32.0 
773 154681 33.0 
782 156453 39.0 
907 181507 41.0 
972 194445 42.0 
1027 205520 44.0 
1164 232867 46.0 
1177 235467 48.0 
1230 246089 51.0 
1364 272889 53.0 
1522 304457 55.0 
1647 329576 60.0 
1673 334753 62.0 
1724 344996 63.0 
1746 349303 64.0 
1765 353039 66.0 
1782 356552 67.0 
1841 368391 68.0 
1934 386929 70.0 
1968 393737 73.0 
2084 416943 74.0 
2141 428356 76.0 
2271 454347 79.0 
2423 484759 80.0 
2485 497095 81.0 
2506 501311 83.0 
2549 509851 85.0 
2691 538371 86.0 
2753 550771 87.0 
2843 568775 89.0 
2937 587579 91.0 
==== END RUN ====
0 1 2.0 
0 3 4.0 
0 17 6.0 
0 112 7.0 
1 223 9.0 
8 1628 12.0 
14 2801 13.0 
25 5007 15.0 
39 7809 18.0 
217 43427 21.0 
220 44084 22.0 
333 66746 24.0 
342 68568 27.0 
389 77919 28.0 
427 85566 29.0 
504 100859 30.0 
512 102566 31.0 
534 106901 34.0 
644 128929 37.0 
710 142063 38.0 
802 160537 42.0 
824 164879 43.0 
890 178127 44.0 
905 181065 47.0 
951 190207 49.0 
952 190579 51.0 
1007 201495 53.0 
1056 211355 54.0 
1082 216445 55.0 
1160 232095 56.0 
1217 243445 57.0 
1222 244565 58.0 
1257 251598 60.0 
1321 264201 61.0 
1429 285982 63.0 
1482 296441 64.0 
1504 300819 65.0 
1515 303075 67.0 
1720 344142 70.0 
1772 354505 71.0 
1833 366617 73.0 
1862 372600 75.0 
1953 390751 76.0 
2096 419373 77.0 
2189 437835 78.0 
2203 440753 79.0 
2252 450553 81.0 
2282 456539 83.0 
2453 490701 87.0 
2514 502931 89.0 
2580 516041 90.0 
2658 531735 91.0 
2821 564295 93.0 
2855 571183 100.0 
==== END RUN ====
0 1 2.0 
0 25 3.0 
0 40 6.0 
0 50 8.0 
3 660 10.0 
18 3796 12.0 
26 5324 14.0 
41 8237 17.0 
149 29984 22.0 
300 60039 23.0 
342 68441 25.0 
353 70629 30.0 
356 71239 31.0 
510 102003 32.0 
511 102346 39.0 
638 127663 40.0 
640 128063 43.0 
703 140665 45.0 
713 142738 46.0 
809 161803 48.0 
848 169721 49.0 
896 179382 50.0 
930 186123 51.0 
948 189639 54.0 
1114 222809 56.0 
1250 250017 57.0 
1273 254713 60.0 
1282 256419 63.0 
1458 291715 65.0 
1529 305944 66.0 
1616 323327 67.0 
1769 353859 76.0 
1938 387776 78.0 
2025 405017 83.0 
2042 408567 86.0 
2220 444167 87.0 
2295 459167 89.0 
2484 496913 90.0 
2508 501749 91.0 
2515 503027 93.0 
2644 528951 97.0 
2697 539551 98.0 
2809 561839 100.0 
==== END RUN ====
0 1 1.0 
0 3 2.0 
0 9 5.0 
0 17 7.0 
0 166 9.0 
2 582 11.0 
29 5876 14.0 
63 12627 15.0 
92 18510 16.0 
116 23201 19.0 
159 31953 20.0 
184 36811 21.0 
192 38433 22.0 
273 54756 27.0 
306 61398 31.0 
474 94855 32.0 
502 100469 38.0 
528 105667 39.0 
765 153148 40.0 
828 165690 41.0 
876 175367 43.0 
914 182863 47.0 
1103 220637 48.0 
1144 228975 49.0 
1282 256589 51.0 
1285 257170 52.0 
1300 260007 54.0 
1382 276481 56.0 
1439 287817 58.0 
1504 300955 59.0 
1536 307319 60.0 
1610 322119 62.0 
1729 345919 64.0 
1759 351919 65.0 
1833 366647 67.0 
1898 379749 72.0 
2029 405879 73.0 
2373 474747 76.0 
2384 476947 77.0 
2457 491413 80.0 
2462 492547 87.0 
2490 498153 88.0 
2520 504033 90.0 
2594 518911 91.0 
2607 521509 93.0 
2654 530987 94.0 
2809 561937 95.0 
2942 588589 99.0 
==== END RUN ====
0 1 4.0 
0 7 8.0 
3 622 9.0 
7 1409 12.0 
61 12367 13.0 
77 15490 15.0 
130 26033 19.0 
211 42378 20.0 
217 43584 21.0 
231 46331 22.0 
363 72694 24.0 
394 78807 25.0 
443 88708 28.0 
468 93777 30.0 
609 121932 32.0 
659 131883 33.0 
675 135019 34.0 
713 142659 36.0 
744 148921 39.0 
858 171721 40.0 
884 176958 41.0 
888 177790 43.0 
891 178243 44.0 
989 197859 46.0 
1024 204877 47.0 
1066 213383 48.0 
1138 227776 52.0 
1239 247839 53.0 
1275 255148 56.0 
1322 264553 57.0 
1347 269445 63.0 
1593 318738 66.0 
1666 333366 67.0 
1675 335135 68.0 
1731 346327 69.0 
1984 396939 70.0 
2063 412797 75.0 
2228 445741 76.0 
2271 454372 78.0 
2305 461035 80.0 
2362 472590 81.0 
2366 473351 82.0 
2368 473749 84.0 
2502 500551 85.0 
2680 536169 87.0 
2830 566175 88.0 
2883 576775 94.0 
2894 578975 96.0 
2942 588591 97.0 
==== END RUN ====
0 1 2.0 
0 5 4.0 
0 33 5.0 
1 307 8.0 
1 375 9.0 
2 522 10.0 
9 1890 13.0 
45 9086 14.0 
57 11488 15.0 
102 20496 19.0 
207 41445 20.0 
238 47645 23.0 
290 58055 24.0 
294 58829 28.0 
319 63815 30.0 
354 70843 34.0 
472 94585 35.0 
485 97180 45.0 
649 129891 46.0 
780 156039 50.0 
971 194325 51.0 
1054 210967 56.0 
1066 213376 57.0 
1121 224389 60.0 
1164 232966 61.0 
1203 240723 62.0 
1224 244995 64.0 
1276 255291 67.0 
1385 277135 69.0 
1416 283359 71.0 
1431 286263 74.0 
1640 328087 76.0 
1674 334972 77.0 
1699 339974 80.0 
1708 341789 81.0 
1795 359083 85.0 
1876 375353 88.0 
1882 376589 89.0 
1980 396059 91.0 
1993 398771 92.0 
2088 417689 94.0 
2153 430709 95.0 
2244 448891 96.0 
2294 458839 97.0 
2363 472701 98.0 
2506 501395 100.0 
==== END RUN ====
0 1 1.0 
0 9 3.0 
0 17 4.0 
0 20 5.0 
0 27 8.0 
1 268 9.0 
4 893 12.0 
18 3719 15.0 
79 15886 18.0 
163 32621 23.0 
366 73387 24.0 
369 73914 26.0 
470 94105 27.0 
520 104130 30.0 
613 122653 31.0 
615 123053 33.0 
707 141542 36.0 
738 147667 38.0 
819 163937 39.0 
849 169945 42.0 
857 171518 45.0 
1009 201885 49.0 
1157 231435 52.0 
1257 251503 53.0 
1326 265217 54.0 
1353 270699 55.0 
1418 283647 57.0 
1458 291647 58.0 
1533 306726 59.0 
1541 308370 60.0 
1652 330531 63.0 
1799 359972 69.0 
1871 374251 70.0 
1969 393845 72.0 
2141 428361 75.0 
2275 455077 76.0 
2277 455551 79.0 
2404 480959 80.0 
2437 487559 83.0 
2540 508021 89.0 
2684 536929 90.0 
2735 547181 94.0 
2846 569381 95.0 
2966 593391 97.0 
==== END RUN ====
0 1 1.0 
0 3 2.0 
0 9 6.0 
0 71 7.0 
1 357 8.0 
3 778 10.0 
18 3685 11.0 
51 10348 12.0 
52 10592 15.0 
93 18672 18.0 
94 18921 19.0 
151 30341 20.0 
166 33381 24.0 
286 57294 28.0 
372 74566 29.0 
387 77437 30.0 
518 103619 34.0 
649 129897 36.0 
730 146155 38.0 
777 155579 39.0 
867 173542 41.0 
883 176704 43.0 
987 197561 44.0 
1024 204986 45.0 
1030 206150 47.0 
1113 222742 49.0 
1228 245727 51.0 
1264 252918 56.0 
1461 292339 58.0 
1561 312317 62.0 
1577 315593 65.0 
1716 343364 66.0 
1788 357733 67.0 
1788 357749 69.0 
1905 381133 70.0 
1988 397741 71.0 
2009 402000 72.0 
2062 412598 73.0 
2113 422697 75.0 
2132 426513 76.0 
2396 479353 77.0 
2442 488553 79.0 
2510 502107 80.0 
2549 509953 81.0 
2579 515807 83.0 
2648 529778 84.0 
2694 538831 85.0 
2890 578171 86.0 
2948 589771 88.0 
==== END RUN ====
