0 1 1.0 
5 11 2.0 
11 23 5.0 
13 27 6.0 
20 41 10.0 
547 1095 15.0 
2441 4883 16.0 
3239 6479 21.0 
5574 11149 23.0 
9175 18351 24.0 
10277 20555 25.0 
10338 20677 27.0 
10425 20851 28.0 
11647 23295 30.0 
12231 24463 31.0 
13181 26363 37.0 
16418 32837 38.0 
17110 34221 39.0 
19728 39457 41.0 
20051 40103 42.0 
20104 40209 44.0 
21830 43661 45.0 
22424 44849 47.0 
23188 46377 48.0 
24431 48863 51.0 
26838 53677 53.0 
27894 55789 54.0 
28744 57489 55.0 
28976 57953 56.0 
30427 60855 57.0 
30874 61749 64.0 
32779 65559 66.0 
36879 73759 69.0 
37363 74727 71.0 
37661 75323 73.0 
40817 81635 74.0 
40836 81673 78.0 
41185 82371 80.0 
44892 89785 84.0 
45408 90817 85.0 
47266 94533 88.0 
50991 101983 89.0 
51196 102393 91.0 
51783 103567 94.0 
53056 106113 100.0 
==== END RUN ====
0 1 0.0 
1 3 1.0 
12 25 2.0 
13 27 3.0 
23 47 4.0 
27 55 5.0 
31 63 8.0 
203 407 9.0 
305 611 13.0 
615 1231 14.0 
2848 5697 16.0 
3915 7831 20.0 
5024 10049 24.0 
7087 14175 25.0 
8288 16577 29.0 
9139 18279 31.0 
11844 23689 35.0 
14607 29215 39.0 
15133 30267 42.0 
19861 39723 43.0 
20434 40869 44.0 
20573 41147 45.0 
21926 43853 47.0 
23529 47059 49.0 
24236 48473 53.0 
25826 51653 54.0 
26356 52713 55.0 
27725 55451 56.0 
29494 58989 57.0 
29876 59753 60.0 
31539 63079 62.0 
32886 65773 63.0 
33122 66245 64.0 
33451 66903 65.0 
33954 67909 70.0 
35680 71361 71.0 
36400 72801 72.0 
36737 73475 75.0 
38817 77635 79.0 
41167 82335 80.0 
42175 84351 83.0 
43941 87883 84.0 
46865 93731 85.0 
47202 94405 87.0 
47712 95425 88.0 
48289 96579 89.0 
48382 96765 92.0 
49209 98419 93.0 
51214 102429 95.0 
53198 106397 96.0 
54194 108389 97.0 
55663 111327 100.0 
==== END RUN ====
0 1 5.0 
7 15 8.0 
72 145 9.0 
112 225 11.0 
325 651 13.0 
1979 3959 14.0 
3017 6035 15.0 
3099 6199 19.0 
5165 10331 24.0 
9057 18115 25.0 
9594 19189 26.0 
10127 20255 29.0 
10821 21643 31.0 
13021 26043 32.0 
13254 26509 34.0 
14273 28547 44.0 
18442 36885 46.0 
20347 40695 48.0 
20935 41871 54.0 
26678 53357 56.0 
28363 56727 61.0 
30341 60683 64.0 
33060 66121 67.0 
34716 69433 69.0 
35236 70473 70.0 
35794 71589 72.0 
37261 74523 75.0 
39175 78351 76.0 
40353 80707 81.0 
43863 87727 82.0 
45545 91091 83.0 
46307 92615 84.0 
46651 93303 85.0 
47553 95107 86.0 
48468 96937 87.0 
49023 98047 89.0 
50641 101283 91.0 
50878 101757 94.0 
52506 105013 97.0 
53015 106031 98.0 
53847 107695 100.0 
==== END RUN ====
0 1 5.0 
54 109 8.0 
282 565 9.0 
598 1197 11.0 
1604 3209 14.0 
2169 4339 15.0 
4127 8255 16.0 
4545 9091 18.0 
5105 10211 20.0 
5482 10965 21.0 
7275 14551 22.0 
8127 16255 26.0 
10185 20371 28.0 
11494 22989 29.0 
13057 26115 30.0 
13488 26977 33.0 
14550 29101 36.0 
16984 33969 39.0 
17934 35869 40.0 
18378 36757 42.0 
20311 40623 46.0 
22000 44001 52.0 
24976 49953 56.0 
28715 57431 57.0 
29034 58069 60.0 
30851 61703 61.0 
30995 61991 63.0 
31089 62179 64.0 
31352 62705 67.0 
34324 68649 68.0 
35411 70823 70.0 
35876 71753 73.0 
39435 78871 81.0 
43109 86219 84.0 
43543 87087 87.0 
45352 90705 88.0 
46080 92161 89.0 
46267 92535 91.0 
47534 95069 93.0 
49380 98761 97.0 
51408 102817 100.0 
==== END RUN ====
0 1 4.0 
11 23 5.0 
36 73 6.0 
54 109 7.0 
250 501 10.0 
450 901 11.0 
627 1255 12.0 
1431 2863 13.0 
2248 4497 14.0 
3676 7353 19.0 
3961 7923 20.0 
7395 14791 22.0 
8363 16727 28.0 
10847 21695 29.0 
11150 22301 30.0 
11775 23551 32.0 
14163 28327 36.0 
15819 31639 38.0 
17125 34251 39.0 
17798 35597 41.0 
20378 40757 45.0 
21540 43081 49.0 
23604 47209 50.0 
24035 48071 51.0 
25702 51405 53.0 
25819 51639 54.0 
26531 53063 55.0 
28825 57651 57.0 
30304 60609 58.0 
30344 60689 59.0 
31367 62735 61.0 
31923 63847 62.0 
32503 65007 64.0 
34256 68513 65.0 
35000 70001 67.0 
35457 70915 68.0 
36477 72955 69.0 
36693 73387 71.0 
39390 78781 75.0 
39973 79947 79.0 
43194 86389 85.0 
46743 93487 86.0 
47683 95367 87.0 
47885 95771 89.0 
48620 97241 90.0 
49411 98823 91.0 
51050 102101 92.0 
52535 105071 96.0 
54351 108703 97.0 
54760 109521 100.0 
==== END RUN ====
0 1 2.0 
9 19 7.0 
88 177 8.0 
106 213 11.0 
1760 3521 14.0 
2997 5995 16.0 
3571 7143 18.0 
5848 11697 19.0 
7138 14277 21.0 
7829 15659 22.0 
8852 17705 25.0 
9528 19057 26.0 
12234 24469 27.0 
12259 24519 29.0 
13390 26781 32.0 
14233 28467 33.0 
14389 28779 35.0 
15287 30575 37.0 
16507 33015 39.0 
17735 35471 40.0 
17796 35593 41.0 
19777 39555 44.0 
21545 43091 45.0 
21991 43983 49.0 
25512 51025 55.0 
29006 58013 56.0 
30002 60005 59.0 
32070 64141 62.0 
34726 69453 64.0 
35285 70571 65.0 
36708 73417 70.0 
39437 78875 74.0 
40702 81405 75.0 
42180 84361 76.0 
43185 86371 80.0 
45704 91409 81.0 
46764 93529 84.0 
47042 94085 85.0 
48417 96835 89.0 
52133 104267 90.0 
53812 107625 94.0 
57149 114299 95.0 
57244 114489 97.0 
58198 116397 98.0 
59819 119639 100.0 
==== END RUN ====
0 1 2.0 
8 17 3.0 
9 19 5.0 
48 97 6.0 
76 153 7.0 
262 525 9.0 
507 1015 10.0 
890 1781 13.0 
2244 4489 14.0 
2957 5915 15.0 
3744 7489 17.0 
4361 8723 18.0 
4716 9433 19.0 
5822 11645 21.0 
7074 14149 22.0 
7523 15047 23.0 
8707 17415 24.0 
8813 17627 29.0 
11683 23367 30.0 
12230 24461 36.0 
12911 25823 37.0 
16476 32953 38.0 
17627 35255 39.0 
18459 36919 43.0 
19709 39419 44.0 
20623 41247 45.0 
22802 45605 47.0 
24314 48629 48.0 
24378 48757 49.0 
25502 51005 51.0 
26939 53879 53.0 
27326 54653 54.0 
28435 56871 60.0 
30522 61045 61.0 
30699 61399 63.0 
32029 64059 64.0 
33398 66797 65.0 
34126 68253 71.0 
36740 73481 72.0 
37194 74389 75.0 
39072 78145 78.0 
41552 83105 79.0 
42494 84989 80.0 
43730 87461 81.0 
43959 87919 82.0 
44713 89427 83.0 
45626 91253 84.0 
46633 93267 85.0 
47014 94029 86.0 
48990 97981 89.0 
51079 102159 90.0 
52092 104185 94.0 
54099 108199 95.0 
54419 108839 97.0 
54530 109061 100.0 
==== END RUN ====
0 1 0.0 
1 3 1.0 
2 5 2.0 
3 7 3.0 
13 27 4.0 
15 31 6.0 
96 193 9.0 
567 1135 11.0 
822 1645 17.0 
5542 11085 18.0 
5688 11377 19.0 
6647 13295 20.0 
7623 15247 21.0 
8178 16357 22.0 
8641 17283 24.0 
9986 19973 25.0 
10401 20803 26.0 
10922 21845 27.0 
12061 24123 30.0 
13381 26763 32.0 
14270 28541 33.0 
15444 30889 34.0 
15674 31349 35.0 
17113 34227 36.0 
17506 35013 38.0 
19340 38681 39.0 
19413 38827 40.0 
19618 39237 41.0 
19703 39407 42.0 
20433 40867 43.0 
22017 44035 48.0 
23634 47269 50.0 
26300 52601 51.0 
26638 53277 52.0 
26799 53599 53.0 
28434 56869 54.0 
28823 57647 56.0 
29978 59957 57.0 
31582 63165 58.0 
31651 63303 59.0 
32641 65283 60.0 
32976 65953 61.0 
33208 66417 62.0 
35398 70797 64.0 
35628 71257 65.0 
36241 72483 66.0 
37380 74761 69.0 
38719 77439 72.0 
41492 82985 73.0 
41646 83293 74.0 
43280 86561 76.0 
44381 88763 80.0 
44939 89879 81.0 
45369 90739 82.0 
46786 93573 83.0 
48277 96555 85.0 
49459 98919 87.0 
51990 103981 88.0 
52414 104829 90.0 
53784 107569 93.0 
54554 109109 94.0 
55608 111217 95.0 
58316 116633 96.0 
58327 116655 97.0 
58435 116871 98.0 
59545 119091 99.0 
60695 121391 100.0 
==== END RUN ====
0 1 2.0 
10 21 3.0 
18 37 4.0 
66 133 6.0 
73 147 7.0 
102 205 9.0 
999 1999 10.0 
1016 2033 12.0 
1830 3661 13.0 
2696 5393 17.0 
4104 8209 18.0 
4663 9327 20.0 
5828 11657 21.0 
7771 15543 24.0 
8084 16169 26.0 
9473 18947 28.0 
10403 20807 29.0 
11773 23547 32.0 
13988 27977 33.0 
14724 29449 34.0 
14909 29819 35.0 
15351 30703 36.0 
16410 32821 37.0 
16779 33559 38.0 
16819 33639 42.0 
21365 42731 44.0 
21745 43491 48.0 
23961 47923 49.0 
25351 50703 52.0 
25543 51087 53.0 
27830 55661 56.0 
28351 56703 60.0 
29543 59087 64.0 
31100 62201 67.0 
33963 67927 68.0 
34855 69711 69.0 
35948 71897 71.0 
36989 73979 75.0 
40767 81535 76.0 
41247 82495 77.0 
41305 82611 78.0 
42174 84349 80.0 
43479 86959 83.0 
46475 92951 84.0 
46600 93201 87.0 
48234 96469 89.0 
48652 97305 92.0 
50252 100505 93.0 
50771 101543 95.0 
51949 103899 97.0 
53405 106811 99.0 
54404 108809 100.0 
==== END RUN ====
0 1 0.0 
1 3 4.0 
30 61 5.0 
32 65 6.0 
76 153 7.0 
95 191 8.0 
148 297 10.0 
822 1645 11.0 
1738 3477 14.0 
2137 4275 16.0 
2167 4335 17.0 
4633 9267 19.0 
5745 11491 21.0 
7639 15279 23.0 
8407 16815 27.0 
11625 23251 28.0 
12078 24157 29.0 
12303 24607 30.0 
12945 25891 35.0 
17038 34077 36.0 
17254 34509 37.0 
17637 35275 39.0 
17688 35377 41.0 
19975 39951 45.0 
21911 43823 48.0 
23688 47377 51.0 
26993 53987 52.0 
27787 55575 53.0 
28146 56293 55.0 
29166 58333 56.0 
30202 60405 59.0 
31051 62103 61.0 
33353 66707 62.0 
33909 67819 63.0 
34723 69447 64.0 
35320 70641 67.0 
37401 74803 68.0 
37902 75805 69.0 
38067 76135 71.0 
39630 79261 72.0 
41732 83465 73.0 
42713 85427 76.0 
43727 87455 81.0 
46029 92059 84.0 
49152 98305 85.0 
49449 98899 86.0 
49704 99409 87.0 
50035 100071 89.0 
53218 106437 91.0 
55383 110767 93.0 
56210 112421 94.0 
56533 113067 96.0 
59189 118379 97.0 
59417 118835 100.0 
==== END RUN ====
0 1 1.0 
1 3 2.0 
3 7 4.0 
27 55 6.0 
134 269 7.0 
184 369 8.0 
186 373 10.0 
644 1289 11.0 
2131 4263 12.0 
2643 5287 15.0 
2926 5853 17.0 
4894 9789 18.0 
5029 10059 20.0 
6235 12471 23.0 
7926 15853 24.0 
8224 16449 29.0 
11577 23155 31.0 
12332 24665 32.0 
13828 27657 33.0 
14402 28805 34.0 
14959 29919 35.0 
15478 30957 38.0 
19189 38379 39.0 
19906 39813 41.0 
20278 40557 42.0 
20373 40747 43.0 
21687 43375 47.0 
23351 46703 48.0 
23853 47707 49.0 
24670 49341 50.0 
25049 50099 51.0 
25070 50141 52.0 
25609 51219 53.0 
26522 53045 54.0 
28105 56211 55.0 
28145 56291 57.0 
28787 57575 58.0 
29426 58853 59.0 
30539 61079 60.0 
30643 61287 65.0 
33042 66085 66.0 
33781 67563 67.0 
35737 71475 71.0 
37588 75177 73.0 
38213 76427 74.0 
41345 82691 76.0 
41715 83431 77.0 
42830 85661 78.0 
43577 87155 79.0 
44373 88747 81.0 
46326 92653 82.0 
46997 93995 83.0 
48029 96059 84.0 
48365 96731 86.0 
49543 99087 87.0 
51092 102185 89.0 
52144 104289 90.0 
53689 107379 95.0 
54025 108051 97.0 
56047 112095 98.0 
56531 113063 99.0 
56807 113615 100.0 
==== END RUN ====
0 1 0.0 
1 3 1.0 
6 13 3.0 
9 19 4.0 
11 23 7.0 
27 55 11.0 
1416 2833 15.0 
2384 4769 17.0 
3962 7925 18.0 
4671 9343 20.0 
5349 10699 22.0 
5639 11279 27.0 
10010 20021 28.0 
10676 21353 30.0 
11465 22931 31.0 
12185 24371 33.0 
12438 24877 35.0 
13175 26351 37.0 
15435 30871 38.0 
16349 32699 42.0 
17626 35253 43.0 
19111 38223 44.0 
19256 38513 46.0 
22774 45549 48.0 
22794 45589 50.0 
25190 50381 52.0 
27222 54445 57.0 
29301 58603 61.0 
30629 61259 63.0 
31574 63149 64.0 
34056 68113 65.0 
34321 68643 69.0 
35671 71343 70.0 
36584 73169 76.0 
40881 81763 77.0 
42762 85525 78.0 
43980 87961 80.0 
45851 91703 82.0 
47326 94653 86.0 
47869 95739 90.0 
53229 106459 91.0 
53399 106799 92.0 
53404 106809 94.0 
54947 109895 97.0 
55026 110053 99.0 
59711 119423 100.0 
==== END RUN ====
0 1 2.0 
4 9 3.0 
18 37 5.0 
104 209 6.0 
108 217 10.0 
453 907 11.0 
1136 2273 12.0 
1679 3359 16.0 
3059 6119 17.0 
4326 8653 20.0 
4849 9699 21.0 
7212 14425 22.0 
8194 16389 23.0 
8774 17549 25.0 
8783 17567 26.0 
9037 18075 29.0 
10228 20457 30.0 
10356 20713 31.0 
11421 22843 33.0 
14474 28949 35.0 
15464 30929 42.0 
17182 34365 44.0 
19027 38055 45.0 
19310 38621 46.0 
20861 41723 47.0 
22604 45209 50.0 
23828 47657 51.0 
24049 48099 55.0 
24522 49045 58.0 
28057 56115 59.0 
29396 58793 60.0 
30394 60789 61.0 
30442 60885 63.0 
32375 64751 65.0 
32984 65969 66.0 
33495 66991 67.0 
33880 67761 68.0 
34472 68945 73.0 
35490 70981 76.0 
37026 74053 77.0 
39106 78213 79.0 
40024 80049 80.0 
40225 80451 82.0 
43103 86207 84.0 
43409 86819 85.0 
44534 89069 86.0 
44709 89419 89.0 
46395 92791 91.0 
47791 95583 92.0 
48760 97521 93.0 
48988 97977 95.0 
50390 100781 97.0 
51042 102085 98.0 
51535 103071 100.0 
==== END RUN ====
0 1 0.0 
1 3 2.0 
4 9 3.0 
5 11 4.0 
8 17 5.0 
46 93 6.0 
62 125 7.0 
134 269 12.0 
1800 3601 13.0 
2550 5101 14.0 
2598 5197 16.0 
4806 9613 18.0 
5378 10757 20.0 
7036 14073 21.0 
7761 15523 22.0 
7894 15789 23.0 
8811 17623 24.0 
8909 17819 25.0 
9326 18653 27.0 
11374 22749 28.0 
11508 23017 29.0 
12101 24203 31.0 
13052 26105 32.0 
13692 27385 34.0 
17199 34399 36.0 
17266 34533 37.0 
17787 35575 43.0 
21111 42223 45.0 
21262 42525 48.0 
23972 47945 50.0 
26066 52133 52.0 
27639 55279 53.0 
28306 56613 55.0 
29293 58587 56.0 
30857 61715 57.0 
31589 63179 58.0 
31771 63543 60.0 
33456 66913 61.0 
33546 67093 62.0 
34029 68059 63.0 
34342 68685 65.0 
36501 73003 66.0 
37054 74109 70.0 
37313 74627 72.0 
38895 77791 74.0 
42146 84293 76.0 
42412 84825 77.0 
44947 89895 79.0 
45351 90703 81.0 
46592 93185 82.0 
47949 95899 83.0 
48719 97439 84.0 
48945 97891 88.0 
49731 99463 89.0 
49917 99835 90.0 
50364 100729 91.0 
51600 103201 92.0 
51838 103677 94.0 
53058 106117 95.0 
53118 106237 96.0 
53631 107263 99.0 
53643 107287 100.0 
==== END RUN ====
0 1 6.0 
7 15 10.0 
38 77 11.0 
867 1735 12.0 
1803 3607 13.0 
2872 5745 16.0 
4270 8541 18.0 
4640 9281 19.0 
5504 11009 23.0 
7543 15087 24.0 
8621 17243 27.0 
10510 21021 32.0 
12478 24957 33.0 
13639 27279 36.0 
15774 31549 37.0 
17521 35043 38.0 
17815 35631 39.0 
18059 36119 40.0 
18191 36383 43.0 
20103 40207 44.0 
21509 43019 46.0 
22202 44405 50.0 
23782 47565 53.0 
25702 51405 54.0 
26874 53749 57.0 
30034 60069 59.0 
31022 62045 62.0 
31526 63053 63.0 
34579 69159 67.0 
36149 72299 69.0 
38006 76013 70.0 
39518 79037 72.0 
39627 79255 73.0 
40055 80111 74.0 
40388 80777 77.0 
41711 83423 78.0 
42321 84643 80.0 
43039 86079 83.0 
45373 90747 86.0 
47966 95933 88.0 
48861 97723 89.0 
50171 100343 92.0 
52555 105111 93.0 
52937 105875 95.0 
53115 106231 96.0 
54231 108463 97.0 
55119 110239 99.0 
55874 111749 100.0 
==== END RUN ====
0 1 1.0 
2 5 2.0 
3 7 7.0 
10 21 11.0 
1989 3979 12.0 
2382 4765 13.0 
2807 5615 14.0 
3000 6001 15.0 
3422 6845 17.0 
4725 9451 19.0 
4887 9775 20.0 
5373 10747 22.0 
7525 15051 23.0 
8658 17317 25.0 
8858 17717 26.0 
9730 19461 27.0 
11323 22647 29.0 
12054 24109 30.0 
13371 26743 32.0 
13548 27097 33.0 
14649 29299 35.0 
14862 29725 36.0 
15498 30997 37.0 
16913 33827 38.0 
17205 34411 40.0 
18710 37421 43.0 
20315 40631 45.0 
20413 40827 46.0 
21546 43093 48.0 
21660 43321 49.0 
22505 45011 53.0 
25721 51443 56.0 
28469 56939 59.0 
30525 61051 61.0 
32721 65443 64.0 
33683 67367 65.0 
34814 69629 67.0 
34921 69843 70.0 
37600 75201 72.0 
38426 76853 73.0 
38907 77815 74.0 
40132 80265 75.0 
40755 81511 76.0 
42205 84411 77.0 
42768 85537 80.0 
43094 86189 81.0 
45369 90739 82.0 
45613 91227 88.0 
49128 98257 89.0 
49771 99543 91.0 
51493 102987 92.0 
52128 104257 94.0 
52988 105977 98.0 
55039 110079 100.0 
==== END RUN ====
0 1 5.0 
52 105 7.0 
185 371 8.0 
491 983 13.0 
919 1839 16.0 
2332 4665 17.0 
4689 9379 18.0 
4889 9779 21.0 
6473 12947 23.0 
7203 14407 29.0 
10634 21269 30.0 
10693 21387 31.0 
12976 25953 32.0 
13573 27147 35.0 
15724 31449 36.0 
16524 33049 38.0 
17480 34961 39.0 
17575 35151 40.0 
17919 35839 42.0 
20142 40285 45.0 
20939 41879 46.0 
22799 45599 47.0 
23811 47623 48.0 
23954 47909 50.0 
25741 51483 51.0 
25873 51747 52.0 
28012 56025 54.0 
29224 58449 55.0 
29631 59263 56.0 
29751 59503 57.0 
29884 59769 61.0 
33492 66985 64.0 
34743 69487 65.0 
35831 71663 69.0 
37647 75295 72.0 
39091 78183 75.0 
39599 79199 76.0 
41373 82747 77.0 
41626 83253 78.0 
43321 86643 81.0 
44009 88019 82.0 
45206 90413 85.0 
47609 95219 89.0 
48948 97897 90.0 
50256 100513 92.0 
51277 102555 93.0 
52034 104069 94.0 
52144 104289 95.0 
54974 109949 97.0 
55600 111201 98.0 
57084 114169 99.0 
57854 115709 100.0 
==== END RUN ====
0 1 3.0 
7 15 5.0 
25 51 7.0 
93 187 8.0 
165 331 9.0 
230 461 11.0 
896 1793 12.0 
1874 3749 16.0 
3090 6181 21.0 
6333 12667 22.0 
7265 14531 23.0 
8356 16713 26.0 
10282 20565 27.0 
11180 22361 32.0 
12622 25245 34.0 
14919 29839 35.0 
15124 30249 36.0 
15592 31185 37.0 
16469 32939 39.0 
16870 33741 41.0 
18676 37353 42.0 
19186 38373 45.0 
21260 42521 47.0 
22438 44877 48.0 
22741 45483 51.0 
24655 49311 53.0 
24664 49329 54.0 
25939 51879 57.0 
28204 56409 60.0 
29874 59749 62.0 
30840 61681 63.0 
32648 65297 64.0 
34003 68007 65.0 
34487 68975 68.0 
35690 71381 70.0 
37421 74843 71.0 
39874 79749 74.0 
40881 81763 77.0 
42427 84855 78.0 
42800 85601 80.0 
42847 85695 81.0 
45768 91537 84.0 
47255 94511 88.0 
49579 99159 89.0 
51042 102085 93.0 
52136 104273 94.0 
52207 104415 95.0 
54595 109191 97.0 
56834 113669 98.0 
57809 115619 100.0 
==== END RUN ====
0 1 0.0 
1 3 2.0 
7 15 3.0 
13 27 7.0 
326 653 8.0 
375 751 12.0 
1593 3187 16.0 
5020 10041 18.0 
5063 10127 19.0 
6351 12703 20.0 
6469 12939 26.0 
6725 13451 27.0 
10955 21911 33.0 
15100 30201 34.0 
15689 31379 38.0 
16885 33771 39.0 
17314 34629 40.0 
17586 35173 41.0 
20108 40217 42.0 
20885 41771 43.0 
21475 42951 49.0 
24188 48377 50.0 
25574 51149 51.0 
25581 51163 52.0 
26472 52945 54.0 
26727 53455 57.0 
28701 57403 60.0 
30331 60663 61.0 
32302 64605 63.0 
32450 64901 65.0 
33268 66537 68.0 
33761 67523 70.0 
36412 72825 71.0 
38624 77249 73.0 
38809 77619 75.0 
40551 81103 77.0 
41127 82255 79.0 
42794 85589 80.0 
42900 85801 81.0 
44106 88213 82.0 
44258 88517 83.0 
45179 90359 84.0 
46285 92571 88.0 
48145 96291 90.0 
49810 99621 91.0 
50387 100775 92.0 
50647 101295 94.0 
52288 104577 99.0 
53678 107357 100.0 
==== END RUN ====
0 1 1.0 
1 3 4.0 
25 51 5.0 
46 93 6.0 
121 243 7.0 
213 427 8.0 
547 1095 10.0 
592 1185 11.0 
1871 3743 13.0 
2147 4295 14.0 
2745 5491 17.0 
4369 8739 20.0 
6189 12379 25.0 
9440 18881 26.0 
10145 20291 27.0 
10761 21523 29.0 
11534 23069 31.0 
12529 25059 32.0 
12885 25771 34.0 
13453 26907 35.0 
15677 31355 36.0 
16653 33307 38.0 
17144 34289 39.0 
18334 36669 40.0 
19119 38239 42.0 
19434 38869 44.0 
21626 43253 46.0 
22718 45437 51.0 
26341 52683 52.0 
28246 56493 54.0 
28409 56819 56.0 
28697 57395 58.0 
30257 60515 60.0 
31345 62691 61.0 
32169 64339 63.0 
33682 67365 64.0 
34081 68163 65.0 
34368 68737 67.0 
35050 70101 68.0 
36027 72055 73.0 
39204 78409 75.0 
41446 82893 77.0 
41620 83241 78.0 
42026 84053 84.0 
44691 89383 85.0 
45417 90835 88.0 
46616 93233 89.0 
46926 93853 90.0 
47601 95203 91.0 
49288 98577 93.0 
49625 99251 95.0 
50993 101987 97.0 
51328 102657 99.0 
52345 104691 100.0 
==== END RUN ====
0 1 3.0 
25 51 7.0 
26 53 11.0 
377 755 12.0 
1349 2699 13.0 
1446 2893 15.0 
1969 3939 18.0 
3614 7229 20.0 
6364 12729 22.0 
8556 17113 23.0 
8628 17257 24.0 
9580 19161 25.0 
9636 19273 27.0 
10019 20039 32.0 
13330 26661 34.0 
14412 28825 35.0 
15822 31645 36.0 
17187 34375 39.0 
17288 34577 41.0 
19251 38503 43.0 
20031 40063 44.0 
20369 40739 45.0 
20979 41959 46.0 
21313 42627 48.0 
22062 44125 49.0 
23202 46405 51.0 
24859 49719 53.0 
27039 54079 54.0 
27581 55163 56.0 
28308 56617 57.0 
29815 59631 61.0 
31790 63581 62.0 
32393 64787 63.0 
32447 64895 64.0 
33474 66949 65.0 
34356 68713 68.0 
34467 68935 70.0 
35398 70797 71.0 
36266 72533 75.0 
37855 75711 77.0 
38193 76387 79.0 
39521 79043 81.0 
41854 83709 83.0 
42335 84671 85.0 
44776 89553 86.0 
45494 90989 87.0 
46161 92323 89.0 
47062 94125 91.0 
48648 97297 92.0 
49359 98719 94.0 
49819 99639 95.0 
49982 99965 100.0 
==== END RUN ====
0 1 1.0 
2 5 2.0 
7 15 3.0 
14 29 11.0 
410 821 12.0 
572 1145 20.0 
4560 9121 22.0 
6429 12859 23.0 
7338 14677 24.0 
7351 14703 25.0 
8136 16273 30.0 
10041 20083 31.0 
11018 22037 32.0 
13205 26411 34.0 
13313 26627 35.0 
13702 27405 37.0 
15913 31827 39.0 
18338 36677 40.0 
19264 38529 43.0 
19740 39481 46.0 
19852 39705 47.0 
21148 42297 51.0 
23533 47067 52.0 
25237 50475 55.0 
25428 50857 56.0 
26595 53191 57.0 
27959 55919 58.0 
28856 57713 59.0 
29178 58357 60.0 
30070 60141 61.0 
30517 61035 64.0 
31043 62087 67.0 
33849 67699 68.0 
34780 69561 74.0 
36508 73017 75.0 
37206 74413 76.0 
37883 75767 77.0 
38975 77951 79.0 
40376 80753 81.0 
41402 82805 84.0 
43768 87537 86.0 
46184 92369 87.0 
47671 95343 89.0 
47943 95887 91.0 
50125 100251 93.0 
52168 104337 94.0 
52745 105491 95.0 
53117 106235 96.0 
53814 107629 97.0 
54693 109387 99.0 
55082 110165 100.0 
==== END RUN ====
0 1 1.0 
3 7 5.0 
12 25 6.0 
18 37 7.0 
51 103 11.0 
1575 3151 14.0 
3040 6081 16.0 
3644 7289 17.0 
5370 10741 19.0 
6130 12261 22.0 
6732 13465 29.0 
12418 24837 30.0 
13250 26501 31.0 
13530 27061 32.0 
14211 28423 33.0 
14358 28717 34.0 
14424 28849 35.0 
16128 32257 37.0 
16533 33067 38.0 
17107 34215 42.0 
17689 35379 44.0 
19394 38789 48.0 
22063 44127 49.0 
22093 44187 52.0 
25089 50179 53.0 
25715 51431 54.0 
27659 55319 56.0 
29165 58331 57.0 
29258 58517 59.0 
30707 61415 62.0 
31053 62107 64.0 
33370 66741 66.0 
34977 69955 67.0 
35671 71343 68.0 
36476 72953 69.0 
36833 73667 73.0 
37059 74119 77.0 
40576 81153 78.0 
41828 83657 79.0 
42150 84301 81.0 
42399 84799 83.0 
45122 90245 85.0 
47318 94637 86.0 
48020 96041 87.0 
49767 99535 90.0 
50469 100939 91.0 
50778 101557 94.0 
52500 105001 96.0 
54727 109455 97.0 
56200 112401 99.0 
57538 115077 100.0 
==== END RUN ====
0 1 0.0 
1 3 1.0 
2 5 4.0 
14 29 6.0 
249 499 7.0 
306 613 9.0 
342 685 11.0 
1505 3011 12.0 
1752 3505 13.0 
1833 3667 14.0 
2142 4285 16.0 
4166 8333 18.0 
5374 10749 20.0 
6208 12417 21.0 
7090 14181 23.0 
7196 14393 27.0 
8004 16009 29.0 
9514 19029 30.0 
11988 23977 31.0 
12236 24473 32.0 
13192 26385 34.0 
14858 29717 37.0 
16459 32919 38.0 
17515 35031 39.0 
17699 35399 40.0 
17842 35685 47.0 
21061 42123 50.0 
23255 46511 55.0 
26809 53619 58.0 
28658 57317 63.0 
30783 61567 64.0 
31807 63615 66.0 
32399 64799 67.0 
32509 65019 68.0 
33072 66145 71.0 
35434 70869 75.0 
38353 76707 76.0 
38587 77175 79.0 
39277 78555 81.0 
42047 84095 83.0 
42186 84373 85.0 
44794 89589 86.0 
45594 91189 87.0 
45682 91365 88.0 
46055 92111 90.0 
46672 93345 92.0 
47626 95253 94.0 
48499 96999 97.0 
51895 103791 98.0 
51969 103939 99.0 
52481 104963 100.0 
==== END RUN ====
0 1 4.0 
38 77 5.0 
60 121 7.0 
258 517 11.0 
1343 2687 14.0 
2274 4549 16.0 
3607 7215 17.0 
4885 9771 19.0 
5009 10019 20.0 
5913 11827 22.0 
7605 15211 24.0 
8794 17589 26.0 
10296 20593 29.0 
11670 23341 31.0 
12445 24891 32.0 
13308 26617 33.0 
13433 26867 35.0 
14732 29465 37.0 
15706 31413 39.0 
17048 34097 40.0 
17508 35017 41.0 
17908 35817 43.0 
19440 38881 45.0 
20461 40923 47.0 
21211 42423 51.0 
22996 45993 53.0 
24634 49269 54.0 
26132 52265 55.0 
28503 57007 59.0 
28972 57945 61.0 
31285 62571 62.0 
32501 65003 64.0 
32587 65175 65.0 
34861 69723 67.0 
35206 70413 68.0 
36143 72287 70.0 
36594 73189 71.0 
37563 75127 72.0 
38769 77539 73.0 
39082 78165 74.0 
39258 78517 77.0 
40582 81165 79.0 
42191 84383 81.0 
42355 84711 82.0 
44850 89701 83.0 
46128 92257 85.0 
46297 92595 88.0 
47816 95633 89.0 
48235 96471 90.0 
48349 96699 95.0 
50734 101469 97.0 
52493 104987 100.0 
==== END RUN ====
0 1 0.0 
1 3 1.0 
3 7 5.0 
65 131 6.0 
183 367 7.0 
283 567 8.0 
325 651 12.0 
476 953 15.0 
2266 4533 17.0 
5714 11429 18.0 
6247 12495 19.0 
7215 14431 20.0 
7307 14615 22.0 
7743 15487 24.0 
7932 15865 25.0 
10286 20573 26.0 
11091 22183 28.0 
11659 23319 31.0 
13452 26905 34.0 
16202 32405 36.0 
16425 32851 37.0 
17411 34823 38.0 
17986 35973 39.0 
19812 39625 40.0 
20244 40489 41.0 
20458 40917 42.0 
21368 42737 43.0 
21567 43135 45.0 
23496 46993 52.0 
26858 53717 53.0 
27380 54761 54.0 
27481 54963 56.0 
28999 57999 57.0 
30595 61191 61.0 
32550 65101 63.0 
33680 67361 64.0 
33861 67723 65.0 
34203 68407 72.0 
38996 77993 73.0 
39000 78001 74.0 
39557 79115 76.0 
40874 81749 77.0 
41607 83215 79.0 
41923 83847 82.0 
43153 86307 87.0 
43750 87501 88.0 
45932 91865 90.0 
47458 94917 94.0 
50973 101947 95.0 
51125 102251 96.0 
51514 103029 100.0 
==== END RUN ====
0 1 2.0 
1 3 3.0 
2 5 4.0 
28 57 7.0 
89 179 11.0 
1724 3449 14.0 
3343 6687 16.0 
3413 6827 19.0 
3545 7091 21.0 
5839 11679 22.0 
6334 12669 23.0 
7893 15787 27.0 
8805 17611 28.0 
9966 19933 30.0 
13693 27387 33.0 
13943 27887 37.0 
15815 31631 39.0 
17554 35109 40.0 
18131 36263 45.0 
19089 38179 49.0 
22189 44379 50.0 
24417 48835 51.0 
25219 50439 53.0 
25782 51565 54.0 
25936 51873 57.0 
27175 54351 59.0 
29232 58465 62.0 
30729 61459 64.0 
32997 65995 65.0 
34135 68271 66.0 
34358 68717 67.0 
35479 70959 70.0 
36538 73077 71.0 
37251 74503 73.0 
38171 76343 74.0 
39261 78523 77.0 
40252 80505 78.0 
41100 82201 80.0 
41800 83601 83.0 
42267 84535 85.0 
43600 87201 87.0 
44934 89869 91.0 
48419 96839 93.0 
49101 98203 97.0 
50776 101553 98.0 
52348 104697 99.0 
53960 107921 100.0 
==== END RUN ====
0 1 5.0 
39 79 7.0 
114 229 11.0 
317 635 13.0 
1841 3683 14.0 
3021 6043 16.0 
3993 7987 18.0 
4965 9931 21.0 
6621 13243 22.0 
7912 15825 24.0 
8020 16041 25.0 
8330 16661 26.0 
9903 19807 28.0 
10202 20405 31.0 
11412 22825 32.0 
13862 27725 33.0 
14889 29779 35.0 
16016 32033 36.0 
16267 32535 39.0 
16423 32847 42.0 
19166 38333 43.0 
19869 39739 44.0 
21413 42827 48.0 
23003 46007 49.0 
24460 48921 51.0 
24916 49833 56.0 
28245 56491 57.0 
29606 59213 58.0 
30642 61285 62.0 
32398 64797 68.0 
36860 73721 69.0 
37497 74995 71.0 
38919 77839 72.0 
39938 79877 73.0 
40387 80775 74.0 
40710 81421 75.0 
41982 83965 76.0 
42007 84015 77.0 
43004 86009 79.0 
43681 87363 80.0 
44194 88389 81.0 
44458 88917 84.0 
48148 96297 88.0 
50770 101541 89.0 
51417 102835 90.0 
52783 105567 92.0 
53557 107115 93.0 
53830 107661 97.0 
56106 112213 98.0 
57908 115817 99.0 
58212 116425 100.0 
==== END RUN ====
0 1 0.0 
1 3 6.0 
2 5 7.0 
34 69 9.0 
206 413 11.0 
506 1013 14.0 
3093 6187 15.0 
3246 6493 16.0 
3649 7299 18.0 
4119 8239 20.0 
6970 13941 26.0 
8935 17871 28.0 
10570 21141 31.0 
11833 23667 33.0 
13495 26991 34.0 
14141 28283 37.0 
14515 29031 38.0 
14908 29817 41.0 
17510 35021 43.0 
18937 37875 47.0 
21670 43341 49.0 
22892 45785 51.0 
24480 48961 52.0 
24942 49885 53.0 
25683 51367 54.0 
25944 51889 57.0 
28634 57269 58.0 
29139 58279 59.0 
29288 58577 61.0 
32246 64493 62.0 
32517 65035 63.0 
33422 66845 64.0 
34340 68681 65.0 
35862 71725 66.0 
36060 72121 69.0 
36858 73717 75.0 
40502 81005 76.0 
42687 85375 77.0 
43088 86177 78.0 
43697 87395 79.0 
44786 89573 82.0 
45957 91915 83.0 
46019 92039 85.0 
47397 94795 89.0 
48970 97941 91.0 
49132 98265 92.0 
50625 101251 94.0 
51547 103095 95.0 
51587 103175 97.0 
52832 105665 98.0 
53571 107143 100.0 
==== END RUN ====
0 1 0.0 
1 3 1.0 
3 7 2.0 
15 31 3.0 
43 87 7.0 
137 275 8.0 
341 683 9.0 
484 969 10.0 
1192 2385 11.0 
1271 2543 12.0 
1964 3929 14.0 
2615 5231 16.0 
3060 6121 17.0 
5865 11731 18.0 
6219 12439 19.0 
6285 12571 20.0 
7282 14565 21.0 
7493 14987 22.0 
8034 16069 24.0 
8218 16437 25.0 
8237 16475 27.0 
8369 16739 31.0 
11374 22749 32.0 
11854 23709 39.0 
16606 33213 40.0 
17648 35297 42.0 
18137 36275 43.0 
18210 36421 48.0 
21368 42737 49.0 
22554 45109 50.0 
23465 46931 53.0 
24894 49789 54.0 
25868 51737 56.0 
26294 52589 59.0 
28078 56157 62.0 
28583 57167 64.0 
29258 58517 66.0 
33226 66453 67.0 
34508 69017 68.0 
35142 70285 73.0 
38126 76253 75.0 
39099 78199 76.0 
39721 79443 78.0 
41115 82231 79.0 
41580 83161 81.0 
41870 83741 82.0 
42354 84709 83.0 
44555 89111 84.0 
45304 90609 88.0 
47374 94749 89.0 
48076 96153 90.0 
49902 99805 92.0 
50547 101095 93.0 
50904 101809 94.0 
52594 105189 95.0 
53316 106633 98.0 
54148 108297 99.0 
55857 111715 100.0 
==== END RUN ====
0 1 1.0 
1 3 3.0 
11 23 6.0 
334 669 7.0 
385 771 8.0 
506 1013 11.0 
1801 3603 12.0 
2493 4987 14.0 
2603 5207 16.0 
4029 8059 19.0 
5703 11407 26.0 
9775 19551 28.0 
12007 24015 29.0 
12073 24147 31.0 
12984 25969 32.0 
13062 26125 35.0 
15387 30775 38.0 
16603 33207 39.0 
17562 35125 41.0 
18712 37425 43.0 
20102 40205 47.0 
23352 46705 48.0 
24043 48087 50.0 
25606 51213 51.0 
26275 52551 54.0 
26688 53377 56.0 
28997 57995 61.0 
30259 60519 67.0 
36174 72349 69.0 
37966 75933 71.0 
38642 77285 72.0 
38750 77501 73.0 
41130 82261 76.0 
42118 84237 77.0 
44628 89257 78.0 
45123 90247 82.0 
45678 91357 83.0 
45859 91719 84.0 
47945 95891 86.0 
48805 97611 87.0 
49940 99881 92.0 
51674 103349 94.0 
54654 109309 96.0 
55602 111205 97.0 
56688 113377 100.0 
==== END RUN ====
0 1 0.0 
2 5 1.0 
7 15 2.0 
8 17 3.0 
9 19 5.0 
76 153 6.0 
91 183 10.0 
957 1915 12.0 
1422 2845 13.0 
2486 4973 15.0 
2947 5895 17.0 
5625 11251 18.0 
5791 11583 23.0 
7650 15301 24.0 
8155 16311 25.0 
10363 20727 27.0 
12017 24035 29.0 
12515 25031 30.0 
14026 28053 31.0 
14633 29267 34.0 
14750 29501 35.0 
16068 32137 36.0 
16921 33843 38.0 
17710 35421 40.0 
18217 36435 41.0 
18913 37827 44.0 
22723 45447 45.0 
23527 47055 46.0 
24462 48925 50.0 
26408 52817 52.0 
26849 53699 53.0 
27909 55819 54.0 
27988 55977 55.0 
29506 59013 56.0 
30739 61479 57.0 
30743 61487 59.0 
31330 62661 61.0 
33332 66665 62.0 
33506 67013 63.0 
33988 67977 64.0 
35927 71855 66.0 
36163 72327 68.0 
36181 72363 69.0 
37497 74995 71.0 
39670 79341 72.0 
39693 79387 73.0 
39917 79835 74.0 
41171 82343 76.0 
41387 82775 78.0 
42226 84453 80.0 
42946 85893 82.0 
47409 94819 83.0 
47911 95823 84.0 
48770 97541 85.0 
50212 100425 87.0 
50381 100763 89.0 
50840 101681 93.0 
53556 107113 94.0 
54206 108413 95.0 
54493 108987 100.0 
==== END RUN ====
0 1 7.0 
47 95 9.0 
426 853 10.0 
636 1273 12.0 
1615 3231 14.0 
1831 3663 16.0 
4627 9255 17.0 
4866 9733 18.0 
5234 10469 20.0 
5976 11953 21.0 
6094 12189 22.0 
6432 12865 27.0 
9864 19729 28.0 
10732 21465 30.0 
11634 23269 32.0 
12292 24585 33.0 
12504 25009 35.0 
14460 28921 36.0 
14894 29789 37.0 
15071 30143 38.0 
15560 31121 39.0 
16730 33461 40.0 
17584 35169 41.0 
17822 35645 46.0 
21703 43407 47.0 
23806 47613 48.0 
24367 48735 49.0 
25177 50355 50.0 
25232 50465 52.0 
26865 53731 55.0 
29210 58421 56.0 
30358 60717 57.0 
31082 62165 61.0 
32037 64075 64.0 
33445 66891 66.0 
34656 69313 67.0 
34973 69947 69.0 
35097 70195 73.0 
37976 75953 76.0 
40676 81353 77.0 
41281 82563 78.0 
41737 83475 79.0 
42248 84497 82.0 
43375 86751 85.0 
44460 88921 86.0 
46130 92261 89.0 
47770 95541 91.0 
49424 98849 94.0 
51206 102413 98.0 
53027 106055 100.0 
==== END RUN ====
0 1 0.0 
1 3 3.0 
6 13 4.0 
17 35 7.0 
243 487 9.0 
476 953 12.0 
808 1617 14.0 
1027 2055 15.0 
3117 6235 18.0 
4948 9897 19.0 
5185 10371 22.0 
7486 14973 23.0 
9060 18121 25.0 
9908 19817 26.0 
10243 20487 28.0 
10876 21753 30.0 
12758 25517 31.0 
13497 26995 34.0 
13895 27791 35.0 
15380 30761 36.0 
15660 31321 38.0 
17310 34621 40.0 
17497 34995 42.0 
17767 35535 44.0 
20424 40849 47.0 
21885 43771 54.0 
25752 51505 56.0 
26024 52049 57.0 
27904 55809 60.0 
28452 56905 62.0 
29476 58953 68.0 
34154 68309 70.0 
35833 71667 71.0 
37363 74727 72.0 
38303 76607 73.0 
38910 77821 74.0 
39579 79159 75.0 
39879 79759 76.0 
40412 80825 81.0 
44449 88899 83.0 
44801 89603 85.0 
45661 91323 87.0 
45907 91815 89.0 
48446 96893 90.0 
49003 98007 91.0 
49982 99965 95.0 
52437 104875 98.0 
53577 107155 99.0 
56367 112735 100.0 
==== END RUN ====
0 1 0.0 
1 3 1.0 
2 5 3.0 
5 11 4.0 
12 25 6.0 
29 59 7.0 
75 151 8.0 
279 559 9.0 
451 903 13.0 
1679 3359 14.0 
3174 6349 15.0 
3715 7431 17.0 
4579 9159 18.0 
5232 10465 19.0 
6235 12471 20.0 
6525 13051 22.0 
6744 13489 25.0 
8858 17717 26.0 
8873 17747 28.0 
10202 20405 31.0 
11046 22093 36.0 
14812 29625 37.0 
14938 29877 38.0 
16473 32947 39.0 
16509 33019 40.0 
17216 34433 42.0 
17306 34613 45.0 
19289 38579 47.0 
19883 39767 51.0 
22541 45083 52.0 
24457 48915 53.0 
24749 49499 54.0 
26335 52671 55.0 
26678 53357 57.0 
28662 57325 61.0 
30906 61813 62.0 
31557 63115 66.0 
33584 67169 68.0 
35665 71331 69.0 
36508 73017 73.0 
37123 74247 74.0 
37512 75025 76.0 
41103 82207 77.0 
41572 83145 78.0 
42503 85007 80.0 
43697 87395 82.0 
44465 88931 84.0 
46172 92345 85.0 
47017 94035 86.0 
48188 96377 88.0 
49170 98341 89.0 
49644 99289 90.0 
49994 99989 92.0 
50979 101959 93.0 
53244 106489 96.0 
55387 110775 100.0 
==== END RUN ====
0 1 2.0 
3 7 6.0 
11 23 8.0 
375 751 9.0 
738 1477 10.0 
1384 2769 11.0 
1695 3391 12.0 
2047 4095 13.0 
2323 4647 16.0 
3965 7931 18.0 
5061 10123 19.0 
6544 13089 22.0 
7935 15871 23.0 
9153 18307 24.0 
10251 20503 25.0 
10399 20799 26.0 
10947 21895 27.0 
12227 24455 29.0 
13214 26429 35.0 
15538 31077 38.0 
18285 36571 39.0 
19345 38691 42.0 
21452 42905 43.0 
22320 44641 47.0 
23879 47759 48.0 
25325 50651 49.0 
26175 52351 52.0 
27252 54505 53.0 
27509 55019 57.0 
28878 57757 58.0 
29008 58017 61.0 
32301 64603 62.0 
33003 66007 63.0 
34609 69219 64.0 
35988 71977 65.0 
36464 72929 66.0 
36534 73069 67.0 
37354 74709 68.0 
38183 76367 69.0 
38552 77105 71.0 
39686 79373 72.0 
40083 80167 73.0 
40804 81609 75.0 
41248 82497 76.0 
43658 87317 79.0 
45518 91037 80.0 
45862 91725 81.0 
46962 93925 82.0 
47387 94775 83.0 
47668 95337 88.0 
48967 97935 91.0 
53330 106661 92.0 
53730 107461 93.0 
54162 108325 95.0 
55217 110435 97.0 
55939 111879 98.0 
57282 114565 100.0 
==== END RUN ====
0 1 4.0 
5 11 6.0 
52 105 7.0 
72 145 8.0 
99 199 9.0 
347 695 12.0 
2058 4117 13.0 
2118 4237 15.0 
3933 7867 16.0 
3944 7889 17.0 
5211 10423 22.0 
7020 14041 23.0 
8240 16481 27.0 
10581 21163 29.0 
12320 24641 30.0 
12701 25403 31.0 
12818 25637 33.0 
14067 28135 34.0 
15435 30871 36.0 
17466 34933 38.0 
17957 35915 40.0 
19553 39107 41.0 
19847 39695 42.0 
19899 39799 43.0 
20363 40727 44.0 
21557 43115 45.0 
22368 44737 46.0 
22432 44865 48.0 
23467 46935 50.0 
25481 50963 54.0 
28857 57715 55.0 
29300 58601 57.0 
29413 58827 61.0 
32453 64907 62.0 
32493 64987 64.0 
34587 69175 65.0 
35168 70337 66.0 
35839 71679 67.0 
36840 73681 68.0 
37195 74391 71.0 
37946 75893 72.0 
38484 76969 79.0 
43836 87673 80.0 
44262 88525 81.0 
44765 89531 83.0 
44897 89795 84.0 
46802 93605 85.0 
47140 94281 88.0 
49751 99503 91.0 
51974 103949 95.0 
54276 108553 96.0 
55832 111665 98.0 
55901 111803 99.0 
58384 116769 100.0 
==== END RUN ====
0 1 0.0 
1 3 4.0 
4 9 6.0 
35 71 7.0 
59 119 8.0 
181 363 11.0 
784 1569 14.0 
2601 5203 15.0 
3174 6349 16.0 
3351 6703 23.0 
7217 14435 24.0 
7822 15645 25.0 
9639 19279 26.0 
10111 20223 28.0 
11097 22195 32.0 
14781 29563 35.0 
15507 31015 37.0 
16064 32129 38.0 
16916 33833 40.0 
18354 36709 43.0 
20607 41215 44.0 
21738 43477 47.0 
22650 45301 54.0 
25744 51489 55.0 
26391 52783 56.0 
26906 53813 57.0 
27004 54009 58.0 
28657 57315 59.0 
29474 58949 61.0 
30895 61791 63.0 
32439 64879 65.0 
33470 66941 66.0 
34881 69763 72.0 
37047 74095 73.0 
39173 78347 75.0 
39864 79729 76.0 
40006 80013 77.0 
40097 80195 78.0 
40247 80495 79.0 
41137 82275 80.0 
41177 82355 81.0 
42950 85901 87.0 
46793 93587 92.0 
48098 96197 93.0 
48379 96759 95.0 
49398 98797 99.0 
50915 101831 100.0 
==== END RUN ====
0 1 1.0 
1 3 2.0 
4 9 4.0 
6 13 7.0 
222 445 8.0 
253 507 9.0 
706 1413 10.0 
948 1897 12.0 
1148 2297 15.0 
1977 3955 18.0 
4601 9203 24.0 
8686 17373 26.0 
9294 18589 28.0 
9822 19645 33.0 
14648 29297 34.0 
15092 30185 37.0 
16555 33111 39.0 
17379 34759 40.0 
18748 37497 43.0 
20180 40361 44.0 
20956 41913 45.0 
21154 42309 46.0 
21600 43201 47.0 
22572 45145 49.0 
23531 47063 53.0 
25052 50105 54.0 
25711 51423 55.0 
26502 53005 56.0 
28918 57837 57.0 
29736 59473 58.0 
29737 59475 61.0 
30659 61319 63.0 
33317 66635 65.0 
35366 70733 66.0 
36476 72953 68.0 
36954 73909 70.0 
37207 74415 71.0 
37643 75287 75.0 
41489 82979 76.0 
41490 82981 77.0 
41758 83517 85.0 
43556 87113 86.0 
45494 90989 87.0 
47756 95513 91.0 
50324 100649 94.0 
51290 102581 95.0 
52212 104425 97.0 
52407 104815 99.0 
53625 107251 100.0 
==== END RUN ====
0 1 0.0 
1 3 2.0 
2 5 3.0 
4 9 4.0 
6 13 5.0 
57 115 6.0 
102 205 8.0 
121 243 11.0 
801 1603 17.0 
3999 7999 21.0 
6257 12515 22.0 
7728 15457 23.0 
8525 17051 25.0 
10151 20303 26.0 
10871 21743 31.0 
13001 26003 33.0 
13427 26855 34.0 
13473 26947 35.0 
14823 29647 36.0 
15520 31041 41.0 
16940 33881 42.0 
17778 35557 44.0 
21512 43025 45.0 
21611 43223 46.0 
22015 44031 47.0 
22500 45001 48.0 
24445 48891 50.0 
25286 50573 51.0 
25628 51257 52.0 
27113 54227 53.0 
27921 55843 56.0 
28013 56027 60.0 
30186 60373 64.0 
34716 69433 66.0 
37071 74143 71.0 
37184 74369 72.0 
37663 75327 73.0 
38725 77451 74.0 
40443 80887 75.0 
40746 81493 78.0 
41674 83349 79.0 
42722 85445 80.0 
44005 88011 84.0 
47055 94111 85.0 
47463 94927 89.0 
48052 96105 90.0 
49869 99739 91.0 
50564 101129 92.0 
50817 101635 95.0 
51828 103657 100.0 
==== END RUN ====
0 1 0.0 
2 5 1.0 
3 7 9.0 
330 661 10.0 
398 797 13.0 
1702 3405 15.0 
3459 6919 16.0 
3896 7793 17.0 
4842 9685 18.0 
5354 10709 19.0 
6227 12455 20.0 
6550 13101 21.0 
7056 14113 24.0 
8630 17261 25.0 
9189 18379 30.0 
12678 25357 31.0 
12723 25447 34.0 
14651 29303 35.0 
16026 32053 36.0 
16570 33141 37.0 
17519 35039 38.0 
17614 35229 40.0 
19419 38839 41.0 
19744 39489 42.0 
21320 42641 46.0 
21895 43791 48.0 
22953 45907 49.0 
23634 47269 52.0 
24127 48255 55.0 
28894 57789 57.0 
29870 59741 59.0 
31378 62757 60.0 
31894 63789 68.0 
37361 74723 70.0 
38114 76229 71.0 
38304 76609 73.0 
39262 78525 74.0 
41280 82561 75.0 
41527 83055 77.0 
42599 85199 78.0 
43835 87671 79.0 
45459 90919 80.0 
45533 91067 81.0 
45938 91877 84.0 
48405 96811 89.0 
50338 100677 93.0 
52387 104775 94.0 
53891 107783 96.0 
54356 108713 97.0 
55921 111843 99.0 
56187 112375 100.0 
==== END RUN ====
0 1 0.0 
1 3 1.0 
2 5 2.0 
4 9 4.0 
89 179 7.0 
144 289 8.0 
224 449 9.0 
722 1445 10.0 
1138 2277 11.0 
1269 2539 13.0 
1838 3677 14.0 
3708 7417 17.0 
4355 8711 19.0 
6266 12533 21.0 
7451 14903 22.0 
8093 16187 24.0 
8933 17867 29.0 
11269 22539 31.0 
11936 23873 32.0 
12757 25515 35.0 
14323 28647 36.0 
15934 31869 38.0 
16899 33799 39.0 
17694 35389 40.0 
18437 36875 41.0 
19248 38497 42.0 
20592 41185 44.0 
21325 42651 45.0 
21462 42925 46.0 
21861 43723 47.0 
22345 44691 48.0 
23143 46287 51.0 
25064 50129 52.0 
25918 51837 53.0 
27235 54471 57.0 
27512 55025 60.0 
31564 63129 62.0 
31873 63747 67.0 
35097 70195 68.0 
35794 71589 69.0 
36042 72085 71.0 
37174 74349 73.0 
39468 78937 74.0 
39868 79737 75.0 
39990 79981 76.0 
40549 81099 77.0 
40711 81423 78.0 
40781 81563 79.0 
41489 82979 81.0 
41620 83241 83.0 
44495 88991 84.0 
44559 89119 85.0 
45268 90537 87.0 
46262 92525 89.0 
47395 94791 90.0 
47759 95519 93.0 
49273 98547 94.0 
50055 100111 95.0 
51766 103533 96.0 
51810 103621 97.0 
52520 105041 100.0 
==== END RUN ====
0 1 0.0 
1 3 2.0 
6 13 6.0 
34 69 8.0 
116 233 12.0 
1170 2341 13.0 
1233 2467 14.0 
2411 4823 17.0 
4055 8111 20.0 
5091 10183 21.0 
6029 12059 23.0 
7205 14411 30.0 
9939 19879 31.0 
12610 25221 34.0 
12783 25567 35.0 
13433 26867 36.0 
14648 29297 37.0 
15209 30419 39.0 
16815 33631 41.0 
17354 34709 44.0 
18710 37421 45.0 
20548 41097 46.0 
20748 41497 49.0 
22841 45683 50.0 
23751 47503 52.0 
25088 50177 54.0 
25375 50751 56.0 
26934 53869 59.0 
28568 57137 60.0 
30025 60051 63.0 
33266 66533 67.0 
35067 70135 70.0 
35114 70229 72.0 
38367 76735 73.0 
38922 77845 75.0 
41407 82815 76.0 
42219 84439 78.0 
42439 84879 80.0 
45264 90529 81.0 
45596 91193 82.0 
46567 93135 83.0 
47144 94289 84.0 
47496 94993 85.0 
48821 97643 87.0 
49479 98959 88.0 
50051 100103 92.0 
52951 105903 93.0 
53736 107473 95.0 
56336 112673 97.0 
58777 117555 99.0 
59808 119617 100.0 
==== END RUN ====
0 1 1.0 
3 7 2.0 
5 11 3.0 
11 23 5.0 
43 87 6.0 
96 193 7.0 
108 217 8.0 
556 1113 11.0 
1310 2621 12.0 
1929 3859 15.0 
3858 7717 18.0 
6662 13325 19.0 
6717 13435 20.0 
7757 15515 21.0 
7774 15549 24.0 
9775 19551 26.0 
9969 19939 27.0 
11686 23373 28.0 
11775 23551 30.0 
12504 25009 32.0 
13680 27361 36.0 
16236 32473 38.0 
18879 37759 40.0 
19529 39059 41.0 
20763 41527 42.0 
21637 43275 43.0 
22015 44031 44.0 
23258 46517 47.0 
23525 47051 55.0 
29399 58799 56.0 
30032 60065 57.0 
30399 60799 60.0 
31642 63285 61.0 
32470 64941 63.0 
33265 66531 64.0 
34000 68001 66.0 
34235 68471 68.0 
36870 73741 71.0 
37823 75647 72.0 
37858 75717 73.0 
40286 80573 75.0 
40349 80699 76.0 
42058 84117 79.0 
42102 84205 82.0 
45032 90065 83.0 
46245 92491 84.0 
47598 95197 85.0 
48336 96673 86.0 
48561 97123 88.0 
49657 99315 89.0 
50789 101579 92.0 
52770 105541 95.0 
53772 107545 96.0 
53914 107829 99.0 
55935 111871 100.0 
==== END RUN ====
0 1 0.0 
1 3 1.0 
3 7 4.0 
8 17 7.0 
143 287 8.0 
194 389 9.0 
209 419 11.0 
700 1401 13.0 
2211 4423 14.0 
3421 6843 15.0 
4030 8061 18.0 
4878 9757 19.0 
5619 11239 20.0 
6119 12239 23.0 
7638 15277 26.0 
9172 18345 27.0 
11705 23411 29.0 
12365 24731 31.0 
15009 30019 32.0 
15325 30651 33.0 
15672 31345 34.0 
15994 31989 35.0 
16287 32575 38.0 
17586 35173 41.0 
19394 38789 42.0 
20806 41613 45.0 
23040 46081 49.0 
25435 50871 51.0 
25980 51961 52.0 
26114 52229 54.0 
27471 54943 57.0 
28239 56479 58.0 
29326 58653 60.0 
30850 61701 62.0 
32836 65673 63.0 
33967 67935 64.0 
35664 71329 67.0 
35677 71355 68.0 
37320 74641 69.0 
37696 75393 70.0 
39534 79069 72.0 
39997 79995 74.0 
40392 80785 79.0 
44292 88585 81.0 
46109 92219 82.0 
47044 94089 83.0 
47584 95169 84.0 
47914 95829 89.0 
49674 99349 91.0 
50666 101333 92.0 
53501 107003 96.0 
56849 113699 97.0 
57069 114139 98.0 
57104 114209 99.0 
58679 117359 100.0 
==== END RUN ====
0 1 0.0 
1 3 1.0 
4 9 2.0 
18 37 3.0 
24 49 7.0 
47 95 9.0 
284 569 12.0 
1814 3629 14.0 
3290 6581 16.0 
4173 8347 17.0 
4961 9923 19.0 
6826 13653 20.0 
7843 15687 22.0 
8426 16853 24.0 
8522 17045 25.0 
9127 18255 26.0 
10075 20151 28.0 
12805 25611 30.0 
12843 25687 34.0 
14470 28941 35.0 
15237 30475 36.0 
16897 33795 37.0 
17727 35455 38.0 
18504 37009 41.0 
19923 39847 42.0 
20215 40431 46.0 
21151 42303 48.0 
22723 45447 54.0 
23346 46693 56.0 
29169 58339 59.0 
29747 59495 61.0 
30484 60969 63.0 
30977 61955 65.0 
33602 67205 66.0 
33811 67623 67.0 
35317 70635 69.0 
37641 75283 70.0 
38310 76621 71.0 
38664 77329 72.0 
38838 77677 73.0 
39217 78435 74.0 
40434 80869 75.0 
41035 82071 76.0 
41197 82395 79.0 
43505 87011 80.0 
45444 90889 81.0 
45516 91033 83.0 
47522 95045 86.0 
48169 96339 87.0 
48558 97117 88.0 
49108 98217 89.0 
49448 98897 91.0 
50774 101549 93.0 
53061 106123 94.0 
53063 106127 95.0 
53285 106571 96.0 
54734 109469 97.0 
54805 109611 98.0 
55892 111785 99.0 
56031 112063 100.0 
==== END RUN ====
0 1 1.0 
1 3 2.0 
5 11 3.0 
6 13 5.0 
25 51 6.0 
84 169 8.0 
309 619 10.0 
789 1579 14.0 
1540 3081 15.0 
2048 4097 16.0 
3045 6091 18.0 
5692 11385 22.0 
6698 13397 23.0 
8508 17017 24.0 
9384 18769 27.0 
10484 20969 28.0 
10796 21593 30.0 
13398 26797 32.0 
13841 27683 33.0 
15706 31413 34.0 
15758 31517 35.0 
16101 32203 36.0 
16306 32613 37.0 
17473 34947 41.0 
19315 38631 42.0 
20180 40361 44.0 
22165 44331 45.0 
23625 47251 46.0 
24406 48813 50.0 
26456 52913 53.0 
26886 53773 57.0 
30514 61029 61.0 
33166 66333 62.0 
34639 69279 63.0 
34810 69621 65.0 
36833 73667 66.0 
37082 74165 69.0 
37231 74463 71.0 
37885 75771 72.0 
39432 78865 73.0 
40934 81869 75.0 
41666 83333 76.0 
43104 86209 77.0 
43181 86363 82.0 
45845 91691 83.0 
47443 94887 89.0 
51781 103563 91.0 
52373 104747 92.0 
53163 106327 94.0 
54391 108783 95.0 
55476 110953 96.0 
56035 112071 100.0 
==== END RUN ====
0 1 4.0 
6 13 6.0 
73 147 8.0 
303 607 9.0 
579 1159 11.0 
1239 2479 12.0 
1828 3657 16.0 
1907 3815 20.0 
6503 13007 24.0 
8766 17533 27.0 
10428 20857 28.0 
11464 22929 29.0 
12289 24579 32.0 
13563 27127 33.0 
14265 28531 34.0 
15351 30703 35.0 
16179 32359 36.0 
16691 33383 41.0 
18844 37689 44.0 
20967 41935 45.0 
21597 43195 46.0 
22245 44491 47.0 
22741 45483 48.0 
24410 48821 49.0 
25082 50165 50.0 
26040 52081 57.0 
27129 54259 59.0 
30588 61177 61.0 
31002 62005 63.0 
32668 65337 66.0 
35094 70189 68.0 
35313 70627 69.0 
35716 71433 70.0 
35818 71637 71.0 
36100 72201 72.0 
36139 72279 76.0 
39084 78169 78.0 
40531 81063 79.0 
43266 86533 80.0 
43365 86731 85.0 
47698 95397 87.0 
48733 97467 88.0 
49989 99979 91.0 
52703 105407 92.0 
54368 108737 93.0 
54906 109813 100.0 
==== END RUN ====
0 1 3.0 
14 29 5.0 
15 31 6.0 
68 137 13.0 
2301 4603 14.0 
3933 7867 15.0 
4078 8157 21.0 
6584 13169 22.0 
8315 16631 23.0 
8564 17129 24.0 
8778 17557 26.0 
8779 17559 31.0 
11016 22033 33.0 
11123 22247 34.0 
13628 27257 35.0 
14099 28199 36.0 
15388 30777 37.0 
15763 31527 42.0 
18608 37217 43.0 
20328 40657 44.0 
20384 40769 45.0 
21209 42419 48.0 
22577 45155 51.0 
24292 48585 52.0 
24489 48979 54.0 
26900 53801 55.0 
27121 54243 56.0 
27342 54685 57.0 
27557 55115 59.0 
29002 58005 60.0 
30545 61091 61.0 
31377 62755 62.0 
32623 65247 63.0 
32692 65385 64.0 
32776 65553 65.0 
33007 66015 66.0 
33869 67739 70.0 
33961 67923 71.0 
34556 69113 74.0 
36128 72257 77.0 
38579 77159 78.0 
40241 80483 79.0 
41806 83613 82.0 
42478 84957 83.0 
43340 86681 86.0 
43531 87063 89.0 
44374 88749 90.0 
47126 94253 95.0 
50678 101357 99.0 
52831 105663 100.0 
==== END RUN ====
0 1 4.0 
1 3 6.0 
2 5 7.0 
51 103 8.0 
262 525 9.0 
822 1645 11.0 
1339 2679 12.0 
1843 3687 15.0 
2418 4837 16.0 
4343 8687 17.0 
5153 10307 18.0 
5723 11447 19.0 
5803 11607 20.0 
7766 15533 23.0 
8128 16257 25.0 
8508 17017 26.0 
9882 19765 27.0 
10289 20579 31.0 
13473 26947 33.0 
14366 28733 34.0 
15410 30821 35.0 
15680 31361 36.0 
15841 31683 37.0 
16858 33717 41.0 
19582 39165 42.0 
20073 40147 44.0 
21971 43943 46.0 
22085 44171 48.0 
23768 47537 51.0 
24488 48977 52.0 
25011 50023 53.0 
25615 51231 54.0 
25977 51955 57.0 
27602 55205 59.0 
28762 57525 63.0 
31212 62425 64.0 
31730 63461 65.0 
31815 63631 66.0 
33085 66171 69.0 
34865 69731 70.0 
34997 69995 71.0 
35989 71979 73.0 
36369 72739 76.0 
38093 76187 78.0 
39656 79313 81.0 
42153 84307 84.0 
43659 87319 85.0 
43855 87711 88.0 
46483 92967 91.0 
48302 96605 93.0 
49900 99801 94.0 
50272 100545 97.0 
52397 104795 98.0 
53108 106217 99.0 
53504 107009 100.0 
==== END RUN ====
