0 1 0.0 
0 69 1.0 
0 753 3.0 
6 20784 4.0 
19 63896 5.0 
39 125751 6.0 
44 141759 7.0 
79 254079 8.0 
==== END RUN ====
0 1 0.0 
0 19 1.0 
0 35 2.0 
0 3061 3.0 
4 15604 4.0 
6 19475 5.0 
12 39307 6.0 
2362 7559447 7.0 
==== END RUN ====
0 1 0.0 
0 7 1.0 
0 319 2.0 
2 7480 3.0 
11 35633 4.0 
13 42535 5.0 
96 308089 6.0 
==== END RUN ====
0 1 0.0 
0 5 1.0 
0 576 2.0 
3 9921 3.0 
8 26149 4.0 
12 38901 5.0 
20 66620 6.0 
36 116877 7.0 
59 190037 8.0 
==== END RUN ====
0 1 0.0 
0 51 1.0 
0 1123 2.0 
1 4541 3.0 
8 27739 4.0 
28 90367 5.0 
==== END RUN ====
0 1 0.0 
0 43 1.0 
0 233 2.0 
0 850 3.0 
6 20561 4.0 
18 58309 5.0 
46 148057 6.0 
61 197968 7.0 
67 215591 8.0 
80 257289 9.0 
271 868735 10.0 
==== END RUN ====
0 1 0.0 
0 55 1.0 
0 277 2.0 
2 8726 3.0 
10 33456 4.0 
320 1024757 5.0 
==== END RUN ====
0 1 0.0 
0 19 1.0 
1 3874 2.0 
1 4258 3.0 
6 20996 5.0 
14 45641 6.0 
395 1265083 7.0 
==== END RUN ====
0 1 0.0 
0 3 1.0 
0 161 2.0 
2 6587 3.0 
3 11888 4.0 
9 29870 5.0 
15 48913 6.0 
24 77879 8.0 
37 119753 9.0 
==== END RUN ====
0 1 0.0 
0 75 1.0 
1 3343 2.0 
1 5765 3.0 
4 13293 4.0 
11 36419 5.0 
19 62609 6.0 
59 189899 7.0 
667 2135673 8.0 
857 2743771 9.0 
872 2791985 10.0 
==== END RUN ====
0 1 0.0 
0 21 1.0 
0 818 2.0 
8 28564 3.0 
17 56109 4.0 
19 63172 5.0 
687 2199209 7.0 
==== END RUN ====
0 1 1.0 
0 536 2.0 
3 9845 3.0 
24 77718 4.0 
41 131973 5.0 
==== END RUN ====
0 1 0.0 
0 39 1.0 
0 853 3.0 
5 16493 4.0 
568 1818317 5.0 
1419 4541671 6.0 
==== END RUN ====
0 1 0.0 
0 9 1.0 
0 59 2.0 
2 9243 3.0 
5 16629 4.0 
8 26239 5.0 
11 37550 6.0 
82 263361 7.0 
==== END RUN ====
0 1 0.0 
0 29 1.0 
1 3419 2.0 
1 3699 3.0 
2 8141 4.0 
19 61559 5.0 
29 93783 6.0 
32 103159 7.0 
1758 5626835 8.0 
==== END RUN ====
0 1 0.0 
0 3 1.0 
0 574 2.0 
2 7288 3.0 
6 21056 4.0 
12 41568 5.0 
21 68033 6.0 
97 311463 7.0 
167 535329 8.0 
==== END RUN ====
0 1 1.0 
0 657 2.0 
1 5642 3.0 
3 9877 4.0 
8 26307 5.0 
60 193914 6.0 
78 250561 7.0 
323 1034853 8.0 
610 1953321 9.0 
==== END RUN ====
0 1 0.0 
0 103 1.0 
0 609 2.0 
4 12903 3.0 
6 19563 4.0 
17 55097 5.0 
164 525713 6.0 
==== END RUN ====
0 1 0.0 
0 19 1.0 
0 414 2.0 
0 1591 3.0 
22 70705 4.0 
34 109541 5.0 
46 148984 6.0 
372 1191511 7.0 
==== END RUN ====
0 1 0.0 
0 5 1.0 
0 394 2.0 
1 5947 3.0 
3 10601 4.0 
4 13491 5.0 
7 25303 6.0 
33 106627 7.0 
361 1156756 8.0 
376 1204547 9.0 
383 1227049 10.0 
==== END RUN ====
0 1 0.0 
0 3 1.0 
0 337 2.0 
3 9963 3.0 
13 43661 4.0 
69 221195 5.0 
111 356001 6.0 
1164 3725831 7.0 
==== END RUN ====
0 1 0.0 
0 13 1.0 
0 516 2.0 
2 8269 3.0 
9 30857 4.0 
10 32033 5.0 
17 55347 7.0 
34 110013 8.0 
==== END RUN ====
0 1 0.0 
0 35 1.0 
0 465 2.0 
0 1216 3.0 
3 11421 4.0 
6 19745 5.0 
19 62261 6.0 
1189 3805885 7.0 
==== END RUN ====
0 1 0.0 
0 15 1.0 
0 1744 2.0 
2 8403 3.0 
5 17176 4.0 
10 32921 5.0 
13 42569 6.0 
19 61811 7.0 
30 97141 8.0 
86 276605 9.0 
==== END RUN ====
0 1 1.0 
0 453 2.0 
2 8011 3.0 
12 39234 4.0 
17 56758 5.0 
25 80941 6.0 
160 513007 7.0 
==== END RUN ====
0 1 0.0 
0 85 1.0 
0 2688 2.0 
3 11398 3.0 
13 42101 4.0 
22 72259 5.0 
40 130023 6.0 
58 186637 7.0 
271 868405 8.0 
321 1028399 9.0 
==== END RUN ====
0 1 1.0 
0 1374 2.0 
1 6159 3.0 
19 61295 4.0 
40 128759 5.0 
43 140526 6.0 
59 189895 7.0 
==== END RUN ====
0 1 0.0 
0 11 1.0 
0 1706 2.0 
5 17904 3.0 
19 61291 4.0 
23 76643 5.0 
26 83501 6.0 
33 106637 7.0 
901 2884335 8.0 
==== END RUN ====
0 1 0.0 
0 27 1.0 
2 8060 2.0 
5 16788 3.0 
14 45227 4.0 
==== END RUN ====
0 1 0.0 
0 21 1.0 
0 45 2.0 
1 4005 3.0 
32 102887 4.0 
==== END RUN ====
0 1 0.0 
0 13 1.0 
0 2705 2.0 
1 4360 3.0 
5 16233 4.0 
9 29203 5.0 
14 45747 6.0 
==== END RUN ====
0 1 0.0 
0 31 1.0 
0 691 2.0 
2 6497 3.0 
3 10396 4.0 
7 25565 5.0 
12 39115 6.0 
20 64081 7.0 
73 234835 8.0 
==== END RUN ====
0 1 0.0 
0 55 1.0 
0 1452 2.0 
5 16453 3.0 
9 30125 4.0 
15 48225 5.0 
20 66718 6.0 
==== END RUN ====
0 1 0.0 
0 29 1.0 
0 1054 2.0 
7 23628 3.0 
12 40185 4.0 
21 67963 5.0 
24 77553 6.0 
47 153171 7.0 
1979 6334025 8.0 
==== END RUN ====
0 1 0.0 
0 21 1.0 
0 589 2.0 
3 12633 3.0 
15 49540 4.0 
==== END RUN ====
0 1 0.0 
0 39 1.0 
0 374 2.0 
2 7386 3.0 
4 13327 4.0 
10 32329 5.0 
22 71329 6.0 
671 2148183 7.0 
==== END RUN ====
0 1 0.0 
0 17 1.0 
0 113 2.0 
3 11064 3.0 
3 11908 4.0 
59 189327 5.0 
122 391600 6.0 
123 395686 7.0 
141 452451 8.0 
==== END RUN ====
0 1 0.0 
0 35 1.0 
0 595 2.0 
0 1717 3.0 
6 20660 4.0 
==== END RUN ====
0 1 0.0 
0 37 1.0 
0 147 2.0 
3 10264 3.0 
5 19035 4.0 
10 33872 5.0 
44 141715 6.0 
==== END RUN ====
0 1 0.0 
0 25 1.0 
0 823 3.0 
11 35773 4.0 
61 195865 5.0 
==== END RUN ====
0 1 0.0 
0 5 1.0 
0 698 2.0 
2 7776 3.0 
3 10023 4.0 
10 34978 5.0 
58 186461 6.0 
73 234439 7.0 
==== END RUN ====
0 1 0.0 
0 9 1.0 
0 617 2.0 
2 7388 3.0 
8 27225 4.0 
595 1904729 5.0 
837 2681255 6.0 
860 2754193 7.0 
893 2859899 8.0 
989 3166197 9.0 
1893 6059053 10.0 
==== END RUN ====
0 1 0.0 
0 13 1.0 
0 1059 2.0 
1 3927 3.0 
1 6086 4.0 
6 19325 5.0 
19 63291 6.0 
23 74525 7.0 
24 78019 8.0 
761 2436535 9.0 
==== END RUN ====
0 1 0.0 
0 15 1.0 
0 400 2.0 
15 48341 3.0 
20 65702 4.0 
40 129680 5.0 
960 3072857 6.0 
==== END RUN ====
0 1 0.0 
0 31 1.0 
0 577 2.0 
5 18770 3.0 
9 29177 4.0 
36 115895 5.0 
282 903221 6.0 
==== END RUN ====
0 1 0.0 
0 17 1.0 
0 613 3.0 
4 14151 5.0 
22 71271 6.0 
35 112969 7.0 
102 327553 8.0 
==== END RUN ====
0 1 0.0 
0 11 1.0 
1 3231 2.0 
3 10296 3.0 
4 13922 4.0 
40 128725 5.0 
==== END RUN ====
0 1 0.0 
0 27 1.0 
0 239 2.0 
2 7267 3.0 
8 27664 4.0 
13 44252 5.0 
34 111817 6.0 
67 215445 7.0 
134 429919 8.0 
253 810955 9.0 
==== END RUN ====
0 1 0.0 
0 35 1.0 
0 464 2.0 
1 4630 3.0 
6 19759 4.0 
7 23589 5.0 
9 29331 6.0 
12 38423 7.0 
16 52453 8.0 
88 281769 9.0 
98 315199 10.0 
==== END RUN ====
0 1 0.0 
0 29 1.0 
0 319 2.0 
2 7393 3.0 
6 21930 4.0 
10 32825 5.0 
13 41795 6.0 
18 59753 7.0 
==== END RUN ====
