0 1 0.0 
0 23 1.0 
0 43 2.0 
3 5064 3.0 
85 136693 4.0 
130 209030 5.0 
142 228121 6.0 
263 421659 7.0 
311 498545 9.0 
418 669814 10.0 
476 762834 11.0 
488 781175 12.0 
587 940602 14.0 
725 1161003 15.0 
755 1209298 16.0 
941 1506057 17.0 
1075 1720715 18.0 
1104 1767833 19.0 
1273 2037491 20.0 
==== END RUN ====
0 1 0.0 
0 39 1.0 
0 45 2.0 
3 5932 3.0 
45 72269 4.0 
93 149159 5.0 
147 235517 6.0 
249 399265 7.0 
259 415269 8.0 
324 519900 9.0 
373 597481 10.0 
420 672705 11.0 
493 789495 12.0 
498 797605 13.0 
591 946165 14.0 
703 1125321 15.0 
732 1171231 16.0 
866 1386859 17.0 
924 1479937 18.0 
1014 1623211 20.0 
==== END RUN ====
0 1 0.0 
0 37 1.0 
0 316 2.0 
4 7267 3.0 
41 65899 4.0 
89 143544 5.0 
150 240957 6.0 
209 335716 7.0 
266 425717 8.0 
321 514927 9.0 
372 596070 10.0 
512 820503 11.0 
562 900416 12.0 
614 982613 13.0 
762 1219585 14.0 
816 1306631 15.0 
866 1385945 16.0 
924 1479691 17.0 
963 1542091 18.0 
1018 1629209 19.0 
1113 1781175 20.0 
==== END RUN ====
0 1 0.0 
0 47 2.0 
10 16386 4.0 
91 146673 5.0 
138 221169 6.0 
206 330549 7.0 
232 372676 8.0 
263 421724 9.0 
322 515739 10.0 
384 615157 11.0 
448 718374 12.0 
518 830008 13.0 
548 878239 14.0 
633 1013975 15.0 
686 1097617 16.0 
776 1242761 17.0 
869 1391443 18.0 
961 1538895 19.0 
981 1570535 20.0 
==== END RUN ====
0 1 0.0 
0 5 1.0 
1 2147 2.0 
8 12951 3.0 
60 96923 4.0 
116 185711 5.0 
151 243070 6.0 
213 341687 7.0 
252 403971 8.0 
282 451531 9.0 
356 570153 10.0 
407 651541 11.0 
461 738585 12.0 
572 916608 13.0 
657 1051987 14.0 
738 1182151 15.0 
751 1202952 16.0 
787 1260669 17.0 
1013 1621423 18.0 
1051 1682907 19.0 
1064 1702607 20.0 
==== END RUN ====
0 1 0.0 
0 45 1.0 
1 1897 2.0 
5 9217 3.0 
49 79031 4.0 
94 150993 5.0 
163 261319 6.0 
200 321574 7.0 
276 443038 8.0 
335 537288 9.0 
383 613247 10.0 
423 677707 11.0 
487 779253 12.0 
565 905155 13.0 
607 972089 14.0 
684 1095687 15.0 
777 1244597 16.0 
848 1357815 17.0 
932 1492345 18.0 
996 1594139 19.0 
1069 1711509 20.0 
==== END RUN ====
0 1 0.0 
0 9 1.0 
0 1104 2.0 
35 56694 4.0 
106 169849 5.0 
120 192752 6.0 
191 306615 7.0 
224 359189 8.0 
277 444385 9.0 
314 503968 10.0 
404 646559 11.0 
462 740457 12.0 
481 770577 13.0 
526 842351 14.0 
565 905017 15.0 
689 1103561 16.0 
732 1172399 17.0 
809 1294981 18.0 
849 1359303 19.0 
899 1438401 20.0 
==== END RUN ====
0 1 0.0 
0 37 1.0 
0 394 2.0 
17 28212 3.0 
28 44981 4.0 
67 107573 5.0 
144 230561 6.0 
202 324666 7.0 
256 410481 8.0 
319 511242 9.0 
378 604863 10.0 
474 759796 11.0 
523 837299 12.0 
595 952561 13.0 
707 1132624 14.0 
758 1213351 15.0 
829 1327864 16.0 
835 1336015 17.0 
886 1418975 18.0 
970 1553297 19.0 
1026 1642165 20.0 
==== END RUN ====
0 1 0.0 
0 23 1.0 
0 668 2.0 
15 24824 3.0 
87 140613 4.0 
129 207632 5.0 
192 308536 6.0 
238 381573 7.0 
278 446006 8.0 
320 513299 9.0 
366 586797 10.0 
407 652687 11.0 
473 758226 12.0 
502 804650 13.0 
589 943622 14.0 
616 986511 15.0 
636 1018916 16.0 
735 1177151 17.0 
800 1281337 18.0 
853 1365635 19.0 
879 1406445 20.0 
==== END RUN ====
0 1 0.0 
0 29 1.0 
3 5204 2.0 
5 9381 3.0 
54 87440 4.0 
130 209166 5.0 
188 301920 6.0 
195 313126 7.0 
241 386290 8.0 
318 509509 9.0 
408 653679 10.0 
452 724300 11.0 
509 815017 12.0 
584 935993 13.0 
631 1010111 14.0 
751 1202197 15.0 
791 1266950 16.0 
823 1317723 17.0 
882 1411555 18.0 
949 1519519 19.0 
995 1592387 20.0 
==== END RUN ====
0 1 0.0 
0 59 1.0 
0 330 2.0 
15 24529 3.0 
72 116310 4.0 
91 146849 5.0 
111 178367 6.0 
180 289227 7.0 
289 463631 8.0 
345 552627 9.0 
403 645885 10.0 
417 668513 11.0 
502 804033 12.0 
537 860119 13.0 
612 980241 14.0 
647 1036227 15.0 
731 1170825 16.0 
771 1234127 17.0 
797 1276431 18.0 
872 1396475 19.0 
914 1463975 20.0 
==== END RUN ====
0 1 0.0 
0 23 1.0 
1 1639 2.0 
2 4314 3.0 
19 31555 4.0 
113 182178 5.0 
157 252534 6.0 
172 275481 7.0 
274 439948 8.0 
311 498111 9.0 
379 607863 10.0 
387 620001 11.0 
461 738535 12.0 
484 775431 13.0 
571 915167 14.0 
648 1037897 15.0 
705 1129031 16.0 
734 1175944 17.0 
758 1213417 18.0 
850 1361291 19.0 
931 1490913 20.0 
==== END RUN ====
0 1 0.0 
0 31 1.0 
0 1510 2.0 
24 39887 3.0 
43 70354 4.0 
140 224638 5.0 
176 282821 6.0 
210 336371 7.0 
224 359917 8.0 
297 475245 9.0 
355 569237 10.0 
447 716548 11.0 
513 821403 12.0 
532 852499 13.0 
576 922762 14.0 
642 1027331 15.0 
667 1068699 16.0 
725 1161257 17.0 
802 1284359 18.0 
873 1397953 19.0 
895 1433531 20.0 
==== END RUN ====
0 1 0.0 
0 27 1.0 
0 284 2.0 
15 25557 3.0 
68 109323 4.0 
88 141556 5.0 
161 258975 6.0 
221 354155 7.0 
243 389197 8.0 
342 547881 9.0 
350 561470 10.0 
410 657405 11.0 
443 710212 12.0 
508 813467 13.0 
560 897063 14.0 
585 937488 15.0 
627 1004600 16.0 
682 1092547 17.0 
739 1183045 18.0 
857 1372119 19.0 
959 1534573 20.0 
==== END RUN ====
0 1 0.0 
0 23 1.0 
1 1707 2.0 
10 16954 3.0 
32 52404 4.0 
110 176529 5.0 
132 211647 6.0 
181 289611 7.0 
259 415601 8.0 
299 479433 9.0 
341 546626 10.0 
383 613613 11.0 
467 748697 12.0 
515 825175 13.0 
560 897515 14.0 
648 1037961 15.0 
698 1116965 16.0 
801 1282313 17.0 
865 1384043 18.0 
891 1426205 19.0 
1026 1641635 20.0 
==== END RUN ====
0 1 2.0 
17 27760 3.0 
25 41463 4.0 
125 200793 5.0 
166 267086 6.0 
209 334445 7.0 
273 438213 8.0 
305 489393 9.0 
381 610815 10.0 
431 690770 11.0 
592 948696 12.0 
633 1013653 13.0 
707 1132005 14.0 
779 1247891 15.0 
853 1365491 16.0 
893 1430071 17.0 
987 1580778 18.0 
1058 1693113 19.0 
1063 1701181 20.0 
==== END RUN ====
0 1 0.0 
0 25 1.0 
0 223 2.0 
9 14733 3.0 
56 90669 4.0 
81 129899 6.0 
125 201028 7.0 
220 352223 8.0 
247 396615 9.0 
317 508787 10.0 
353 565960 11.0 
466 746669 12.0 
560 897326 13.0 
583 933927 14.0 
619 991165 15.0 
743 1190107 16.0 
826 1322805 17.0 
852 1364321 18.0 
888 1422163 19.0 
1006 1610123 20.0 
==== END RUN ====
0 1 0.0 
0 31 1.0 
1 2231 2.0 
12 20747 3.0 
47 75933 4.0 
104 167375 5.0 
140 224780 6.0 
213 341419 7.0 
239 383914 8.0 
277 444516 9.0 
336 538163 10.0 
361 578881 11.0 
460 737245 12.0 
517 828681 13.0 
587 939269 14.0 
625 1001482 15.0 
683 1093047 16.0 
701 1122657 17.0 
720 1153321 18.0 
816 1305699 19.0 
912 1460077 20.0 
==== END RUN ====
0 1 0.0 
0 25 1.0 
0 443 2.0 
12 20662 3.0 
37 59213 4.0 
114 183140 5.0 
165 264752 6.0 
196 313861 7.0 
238 381375 8.0 
295 473410 9.0 
313 501952 10.0 
378 605792 11.0 
410 656909 12.0 
456 729677 13.0 
485 777220 14.0 
506 810203 15.0 
591 946721 16.0 
673 1078397 17.0 
740 1184173 18.0 
888 1420847 19.0 
920 1473311 20.0 
==== END RUN ====
0 1 0.0 
0 15 1.0 
0 1466 2.0 
38 61151 3.0 
49 79475 4.0 
120 192569 5.0 
148 237598 6.0 
201 322859 7.0 
228 365867 8.0 
288 462143 9.0 
347 555313 10.0 
371 594361 11.0 
477 764502 12.0 
610 976301 13.0 
657 1052255 14.0 
695 1112765 15.0 
806 1290869 16.0 
848 1358071 17.0 
899 1439285 18.0 
929 1487675 19.0 
986 1578551 20.0 
==== END RUN ====
0 1 0.0 
0 3 1.0 
0 242 2.0 
12 20746 3.0 
15 24143 4.0 
77 124243 5.0 
158 253814 6.0 
202 323805 7.0 
238 381639 8.0 
327 523593 9.0 
362 579349 10.0 
438 702339 11.0 
500 800966 12.0 
536 859107 13.0 
618 990179 14.0 
734 1174763 15.0 
776 1242329 16.0 
939 1503703 17.0 
1009 1615699 18.0 
1122 1795695 19.0 
1208 1933139 20.0 
==== END RUN ====
0 1 0.0 
0 11 1.0 
0 119 2.0 
1 2104 3.0 
48 77321 4.0 
68 109305 5.0 
97 155929 6.0 
216 345679 7.0 
252 403729 8.0 
327 524699 9.0 
419 671955 10.0 
444 710409 11.0 
536 859094 12.0 
607 971883 13.0 
634 1014687 14.0 
724 1159990 15.0 
806 1290925 16.0 
848 1358374 17.0 
945 1512253 18.0 
965 1545281 19.0 
1045 1672275 20.0 
==== END RUN ====
0 1 0.0 
0 17 1.0 
1 2365 2.0 
14 22607 3.0 
57 92331 4.0 
89 143022 5.0 
169 271723 6.0 
203 326238 7.0 
271 434139 8.0 
346 554121 9.0 
394 631047 10.0 
525 841258 11.0 
569 910867 12.0 
617 988153 13.0 
643 1030182 14.0 
696 1114165 15.0 
751 1201849 16.0 
859 1374951 17.0 
896 1434357 18.0 
987 1579517 19.0 
1130 1808173 20.0 
==== END RUN ====
0 1 0.0 
0 25 1.0 
0 693 2.0 
9 15563 3.0 
29 47643 4.0 
113 181297 5.0 
132 212496 7.0 
252 404325 8.0 
322 516308 9.0 
348 557069 10.0 
417 668685 11.0 
474 759380 12.0 
533 853141 13.0 
600 961141 14.0 
636 1018113 15.0 
658 1054199 16.0 
786 1257863 17.0 
852 1363681 18.0 
991 1586351 19.0 
1099 1758829 20.0 
==== END RUN ====
0 1 0.0 
0 5 1.0 
0 1203 2.0 
10 16340 3.0 
54 87439 4.0 
87 139885 5.0 
182 291711 6.0 
245 392950 7.0 
305 489305 8.0 
365 585308 9.0 
430 688808 10.0 
531 851115 11.0 
594 951364 12.0 
654 1047828 13.0 
706 1130261 14.0 
821 1314659 15.0 
924 1479493 16.0 
1018 1630107 17.0 
1110 1776225 18.0 
1176 1882863 19.0 
1209 1934585 20.0 
==== END RUN ====
0 1 0.0 
0 41 1.0 
0 498 2.0 
17 27820 3.0 
30 48352 4.0 
111 178854 5.0 
164 263299 6.0 
217 348217 7.0 
230 368883 8.0 
301 483098 9.0 
357 572310 10.0 
406 650663 12.0 
545 873308 13.0 
650 1040541 14.0 
716 1147075 15.0 
779 1247321 16.0 
821 1315028 17.0 
875 1400369 19.0 
988 1582149 20.0 
==== END RUN ====
0 1 0.0 
0 25 1.0 
0 342 2.0 
21 34506 3.0 
60 97593 4.0 
134 214902 5.0 
153 245235 6.0 
190 304579 7.0 
257 411473 8.0 
291 466878 9.0 
353 565701 10.0 
378 605449 11.0 
472 755679 12.0 
487 780437 13.0 
574 919977 14.0 
633 1014022 15.0 
696 1114277 16.0 
798 1278178 17.0 
832 1331721 18.0 
939 1503919 19.0 
963 1541699 20.0 
==== END RUN ====
0 1 0.0 
0 57 1.0 
1 1603 2.0 
25 41213 3.0 
59 94403 4.0 
94 150745 5.0 
140 224477 6.0 
217 348617 7.0 
289 463765 8.0 
301 482770 9.0 
394 631027 10.0 
421 675038 11.0 
509 814827 12.0 
514 823427 13.0 
574 919349 14.0 
628 1005817 15.0 
649 1039954 16.0 
748 1197915 17.0 
781 1250881 18.0 
847 1356641 19.0 
927 1483759 20.0 
==== END RUN ====
0 1 0.0 
0 13 1.0 
0 57 2.0 
0 471 3.0 
55 89298 4.0 
100 161246 5.0 
190 305385 6.0 
212 339283 7.0 
277 443767 8.0 
311 497813 9.0 
368 589979 10.0 
408 653411 11.0 
497 796439 12.0 
538 861951 13.0 
607 972303 14.0 
646 1034389 15.0 
714 1143557 16.0 
843 1349409 17.0 
954 1526921 18.0 
1025 1640589 19.0 
1054 1687137 20.0 
==== END RUN ====
0 1 0.0 
0 13 1.0 
1 2085 2.0 
9 15258 3.0 
46 74126 4.0 
119 191574 5.0 
183 293161 6.0 
250 400826 7.0 
313 501235 8.0 
358 574329 9.0 
449 719494 10.0 
543 870054 11.0 
604 966545 12.0 
708 1133981 13.0 
710 1136399 14.0 
973 1557853 15.0 
1081 1730759 16.0 
1190 1905313 17.0 
1239 1982835 18.0 
1282 2052237 19.0 
1457 2332217 20.0 
==== END RUN ====
0 1 0.0 
0 49 1.0 
0 616 2.0 
3 6345 3.0 
48 77003 4.0 
119 191393 5.0 
151 242156 6.0 
188 300839 7.0 
269 431962 8.0 
312 500073 9.0 
340 544489 10.0 
429 687025 11.0 
488 780997 12.0 
525 841549 13.0 
544 871121 14.0 
599 959259 15.0 
695 1113310 16.0 
702 1123983 17.0 
746 1195093 18.0 
824 1319595 19.0 
909 1455329 20.0 
==== END RUN ====
0 1 0.0 
0 79 1.0 
0 121 2.0 
12 19743 3.0 
47 76002 4.0 
115 184331 5.0 
149 238982 6.0 
193 309579 7.0 
196 313869 8.0 
300 481132 10.0 
366 586513 11.0 
417 668474 12.0 
487 780137 13.0 
514 823423 14.0 
596 954845 16.0 
717 1148365 17.0 
795 1273564 18.0 
855 1368117 19.0 
945 1512201 20.0 
==== END RUN ====
0 1 0.0 
0 25 1.0 
0 131 2.0 
1 2084 3.0 
84 134671 4.0 
100 161015 5.0 
178 285830 6.0 
261 418196 7.0 
317 507825 8.0 
395 633448 9.0 
436 697931 11.0 
588 941862 12.0 
632 1011669 13.0 
721 1154587 14.0 
792 1268575 15.0 
883 1414350 16.0 
987 1579813 17.0 
1021 1634975 18.0 
1065 1705397 19.0 
1122 1796575 20.0 
==== END RUN ====
0 1 0.0 
0 27 1.0 
0 406 3.0 
63 101182 4.0 
92 148308 5.0 
151 242435 6.0 
188 301472 7.0 
227 363581 8.0 
301 482354 9.0 
319 510605 10.0 
376 601937 11.0 
461 738385 12.0 
496 794752 13.0 
537 860720 14.0 
597 955931 15.0 
655 1048025 16.0 
694 1111663 17.0 
830 1329083 18.0 
895 1432891 19.0 
914 1463705 20.0 
==== END RUN ====
0 1 1.0 
1 3104 2.0 
5 8941 3.0 
63 101222 4.0 
121 194181 5.0 
187 299745 6.0 
224 359928 7.0 
236 378211 8.0 
368 589644 9.0 
395 633142 10.0 
493 789123 11.0 
506 811130 12.0 
619 991771 13.0 
685 1096897 14.0 
730 1168175 15.0 
787 1260693 16.0 
913 1461565 17.0 
956 1529627 18.0 
1104 1766717 20.0 
==== END RUN ====
0 1 0.0 
0 33 1.0 
0 258 2.0 
26 42342 3.0 
83 133963 4.0 
116 185743 5.0 
151 242522 6.0 
213 342251 7.0 
220 353577 8.0 
349 559766 9.0 
404 647934 10.0 
485 776725 11.0 
511 817785 12.0 
525 841382 13.0 
609 975731 14.0 
617 988139 15.0 
694 1111091 16.0 
765 1224981 17.0 
806 1289895 18.0 
855 1368195 19.0 
936 1499099 20.0 
==== END RUN ====
0 1 0.0 
0 23 1.0 
0 1279 2.0 
7 12600 3.0 
76 122062 4.0 
88 142109 5.0 
143 230315 6.0 
225 361291 7.0 
276 442375 8.0 
326 522169 9.0 
412 660282 10.0 
461 738113 11.0 
530 848637 12.0 
576 922658 13.0 
684 1095686 14.0 
693 1109291 15.0 
772 1236111 17.0 
857 1372595 18.0 
930 1488033 19.0 
1001 1602983 20.0 
==== END RUN ====
0 1 0.0 
0 27 1.0 
0 781 2.0 
1 2277 3.0 
61 98324 4.0 
89 143425 5.0 
115 185215 6.0 
197 316369 7.0 
259 415559 8.0 
316 506185 9.0 
373 597900 10.0 
429 687129 11.0 
448 717880 12.0 
588 942299 13.0 
678 1085389 14.0 
697 1116255 15.0 
770 1232003 16.0 
844 1351213 17.0 
875 1400209 18.0 
930 1488625 19.0 
960 1537419 20.0 
==== END RUN ====
0 1 0.0 
0 5 1.0 
0 63 2.0 
19 31881 3.0 
40 65164 4.0 
71 113897 5.0 
126 202123 6.0 
181 290660 7.0 
211 338541 8.0 
306 489941 9.0 
351 562428 10.0 
407 652466 11.0 
453 726301 12.0 
509 815433 13.0 
565 904767 14.0 
605 968477 15.0 
631 1010803 16.0 
724 1158481 17.0 
824 1319978 18.0 
868 1388851 19.0 
936 1498867 20.0 
==== END RUN ====
0 1 0.0 
0 3 1.0 
0 39 2.0 
3 5247 3.0 
58 94386 4.0 
68 108985 5.0 
157 252554 6.0 
170 272381 7.0 
233 374146 8.0 
274 439645 9.0 
374 599468 10.0 
424 679353 11.0 
523 837103 12.0 
557 892691 13.0 
607 972652 14.0 
690 1105167 15.0 
742 1187685 16.0 
807 1292525 17.0 
944 1511505 18.0 
1002 1603463 19.0 
1101 1762187 20.0 
==== END RUN ====
0 1 0.0 
0 17 1.0 
0 647 2.0 
9 14467 3.0 
55 88515 4.0 
83 133992 5.0 
140 224937 6.0 
189 302861 7.0 
260 417594 8.0 
401 643034 9.0 
465 745216 10.0 
511 818597 11.0 
564 903841 12.0 
568 909952 13.0 
667 1068541 14.0 
714 1143377 15.0 
741 1185653 16.0 
816 1306895 17.0 
880 1408443 18.0 
920 1472665 19.0 
997 1595667 20.0 
==== END RUN ====
0 1 0.0 
0 3 1.0 
0 229 2.0 
9 14563 3.0 
56 90344 4.0 
105 169074 6.0 
190 305186 7.0 
240 384645 8.0 
265 424671 9.0 
337 539637 10.0 
411 657905 11.0 
477 764386 12.0 
495 793596 13.0 
623 997968 14.0 
654 1047968 15.0 
714 1143627 16.0 
771 1233931 17.0 
809 1295001 18.0 
850 1361385 19.0 
900 1441441 20.0 
==== END RUN ====
0 1 0.0 
0 13 1.0 
1 3145 2.0 
3 5676 3.0 
58 94320 4.0 
88 141927 5.0 
140 225409 6.0 
175 280485 7.0 
214 342757 8.0 
269 431722 9.0 
301 482912 10.0 
373 598306 11.0 
465 744453 12.0 
498 797285 13.0 
561 898571 14.0 
677 1084486 15.0 
766 1227043 16.0 
889 1423049 17.0 
901 1442127 18.0 
954 1526457 19.0 
984 1575385 20.0 
==== END RUN ====
0 1 0.0 
0 41 1.0 
1 2436 2.0 
5 9393 3.0 
60 97260 4.0 
114 183262 5.0 
171 273839 6.0 
230 368085 8.0 
262 419725 9.0 
397 635799 10.0 
468 750031 11.0 
500 801233 12.0 
566 906667 13.0 
616 986471 14.0 
655 1049075 15.0 
824 1318537 16.0 
1279 2046525 17.0 
1348 2157257 18.0 
1459 2335685 19.0 
1516 2425639 20.0 
==== END RUN ====
0 1 0.0 
0 15 1.0 
2 3533 2.0 
3 6383 3.0 
34 54761 4.0 
96 154310 5.0 
142 227653 6.0 
224 359578 7.0 
290 464259 8.0 
334 535250 9.0 
367 588235 10.0 
430 689578 11.0 
465 745070 12.0 
588 942190 13.0 
589 943901 14.0 
661 1058439 15.0 
746 1195110 16.0 
782 1252714 17.0 
865 1385299 18.0 
946 1513665 19.0 
1033 1653623 20.0 
==== END RUN ====
0 1 0.0 
0 5 1.0 
0 449 2.0 
23 37487 3.0 
61 98127 4.0 
73 118025 5.0 
154 246975 6.0 
224 359823 7.0 
284 455928 8.0 
361 578431 9.0 
440 704607 10.0 
502 804583 11.0 
542 868504 12.0 
558 894349 13.0 
617 988109 14.0 
647 1036107 15.0 
745 1192141 16.0 
821 1313833 17.0 
969 1551619 18.0 
1035 1656699 19.0 
1075 1721521 20.0 
==== END RUN ====
0 1 0.0 
0 27 1.0 
0 547 2.0 
22 36247 3.0 
39 63788 4.0 
95 153178 5.0 
120 192822 6.0 
211 338551 7.0 
267 428708 8.0 
269 431525 9.0 
299 479982 10.0 
427 684658 11.0 
461 738760 12.0 
493 789815 13.0 
585 936695 14.0 
663 1061907 15.0 
744 1191663 16.0 
789 1263099 17.0 
823 1318295 18.0 
864 1383779 19.0 
934 1495963 20.0 
==== END RUN ====
0 1 0.0 
0 49 1.0 
0 568 2.0 
35 57140 3.0 
54 87210 4.0 
102 163897 5.0 
171 275091 6.0 
194 311343 7.0 
243 389215 8.0 
330 528887 9.0 
339 543067 10.0 
428 684985 11.0 
523 837898 12.0 
537 860289 13.0 
672 1076407 14.0 
781 1251169 15.0 
818 1309479 16.0 
896 1434701 17.0 
931 1490433 18.0 
1034 1655899 19.0 
1119 1791313 20.0 
==== END RUN ====
0 1 0.0 
0 15 1.0 
0 291 2.0 
18 29212 3.0 
57 92374 4.0 
80 129262 5.0 
157 252320 6.0 
192 307625 7.0 
235 376633 8.0 
250 401264 9.0 
270 433142 10.0 
388 622132 11.0 
442 708777 12.0 
508 814345 13.0 
563 901383 14.0 
597 955219 15.0 
618 990398 16.0 
654 1046557 17.0 
812 1299263 18.0 
839 1343807 19.0 
1062 1699731 20.0 
==== END RUN ====
0 1 0.0 
0 13 1.0 
0 447 2.0 
3 4919 3.0 
59 95466 4.0 
104 166864 5.0 
158 253410 6.0 
176 282633 7.0 
279 447541 8.0 
300 480783 9.0 
356 570415 10.0 
465 745129 12.0 
545 872975 13.0 
579 927251 14.0 
608 973445 15.0 
672 1076713 16.0 
796 1275035 17.0 
1157 1852728 18.0 
1262 2020365 19.0 
1286 2057917 20.0 
==== END RUN ====
