0 1 55.0 
4 9 57.0 
6 13 59.0 
7 15 61.0 
21 43 66.0 
59 119 71.0 
108 217 74.0 
147 295 76.0 
165 331 77.0 
206 413 79.0 
219 439 83.0 
241 483 87.0 
305 611 90.0 
332 665 91.0 
374 749 92.0 
405 811 95.0 
445 891 97.0 
492 985 98.0 
520 1041 99.0 
571 1143 100.0 
==== END RUN ====
0 1 54.0 
4 9 58.0 
11 23 59.0 
37 75 61.0 
44 89 67.0 
60 121 68.0 
61 123 70.0 
112 225 71.0 
121 243 73.0 
157 315 74.0 
169 339 76.0 
180 361 81.0 
200 401 82.0 
258 517 85.0 
299 599 86.0 
316 633 89.0 
377 755 90.0 
388 777 91.0 
396 793 94.0 
423 847 95.0 
494 989 96.0 
503 1007 97.0 
545 1091 98.0 
577 1155 100.0 
==== END RUN ====
0 1 52.0 
1 3 53.0 
2 5 54.0 
3 7 55.0 
4 9 60.0 
19 39 61.0 
32 65 63.0 
38 77 67.0 
47 95 71.0 
70 141 74.0 
159 319 76.0 
173 347 82.0 
214 429 83.0 
234 469 84.0 
243 487 85.0 
262 525 86.0 
280 561 88.0 
303 607 92.0 
328 657 95.0 
410 821 98.0 
509 1019 100.0 
==== END RUN ====
0 1 48.0 
2 5 53.0 
6 13 55.0 
9 19 60.0 
21 43 61.0 
52 105 65.0 
55 111 66.0 
75 151 72.0 
109 219 73.0 
114 229 75.0 
169 339 76.0 
171 343 78.0 
210 421 79.0 
225 451 82.0 
262 525 83.0 
264 529 84.0 
291 583 85.0 
301 603 87.0 
320 641 88.0 
344 689 89.0 
354 709 90.0 
362 725 91.0 
406 813 92.0 
417 835 94.0 
460 921 95.0 
471 943 96.0 
474 949 97.0 
493 987 98.0 
534 1069 99.0 
597 1195 100.0 
==== END RUN ====
0 1 54.0 
1 3 59.0 
3 7 60.0 
20 41 61.0 
26 53 65.0 
50 101 66.0 
53 107 68.0 
87 175 70.0 
121 243 71.0 
132 265 79.0 
141 283 83.0 
250 501 84.0 
261 523 87.0 
270 541 88.0 
292 585 94.0 
385 771 95.0 
410 821 96.0 
443 887 97.0 
449 899 98.0 
501 1003 99.0 
525 1051 100.0 
==== END RUN ====
0 1 52.0 
2 5 54.0 
4 9 58.0 
5 11 63.0 
31 63 65.0 
35 71 67.0 
55 111 68.0 
107 215 71.0 
145 291 73.0 
149 299 75.0 
180 361 77.0 
201 403 83.0 
281 563 86.0 
305 611 91.0 
368 737 92.0 
415 831 94.0 
427 855 96.0 
478 957 97.0 
527 1055 100.0 
==== END RUN ====
0 1 50.0 
1 3 58.0 
14 29 60.0 
24 49 66.0 
74 149 68.0 
82 165 72.0 
115 231 73.0 
126 253 74.0 
144 289 77.0 
166 333 81.0 
254 509 82.0 
259 519 83.0 
264 529 85.0 
290 581 86.0 
308 617 87.0 
316 633 89.0 
319 639 90.0 
339 679 91.0 
358 717 93.0 
411 823 95.0 
458 917 96.0 
477 955 97.0 
488 977 98.0 
557 1115 99.0 
576 1153 100.0 
==== END RUN ====
0 1 53.0 
4 9 55.0 
5 11 56.0 
7 15 63.0 
28 57 65.0 
35 71 66.0 
49 99 67.0 
73 147 72.0 
124 249 74.0 
148 297 75.0 
189 379 79.0 
232 465 80.0 
234 469 83.0 
259 519 84.0 
268 537 87.0 
307 615 89.0 
343 687 90.0 
362 725 91.0 
382 765 92.0 
389 779 93.0 
412 825 94.0 
415 831 95.0 
436 873 96.0 
487 975 98.0 
523 1047 100.0 
==== END RUN ====
0 1 52.0 
1 3 54.0 
2 5 55.0 
10 21 56.0 
12 25 58.0 
19 39 62.0 
21 43 69.0 
92 185 72.0 
142 285 74.0 
148 297 75.0 
159 319 76.0 
174 349 78.0 
179 359 79.0 
231 463 82.0 
245 491 84.0 
273 547 85.0 
279 559 87.0 
336 673 88.0 
344 689 91.0 
389 779 92.0 
430 861 93.0 
437 875 95.0 
438 877 96.0 
505 1011 97.0 
516 1033 98.0 
548 1097 99.0 
581 1163 100.0 
==== END RUN ====
0 1 57.0 
1 3 59.0 
14 29 60.0 
16 33 65.0 
22 45 66.0 
44 89 67.0 
58 117 68.0 
79 159 69.0 
93 187 72.0 
111 223 76.0 
145 291 77.0 
164 329 80.0 
196 393 82.0 
208 417 83.0 
238 477 84.0 
254 509 85.0 
264 529 86.0 
275 551 87.0 
298 597 92.0 
375 751 93.0 
410 821 95.0 
447 895 96.0 
493 987 97.0 
512 1025 99.0 
598 1197 100.0 
==== END RUN ====
0 1 50.0 
1 3 58.0 
8 17 62.0 
44 89 63.0 
46 93 66.0 
52 105 69.0 
94 189 73.0 
128 257 74.0 
163 327 77.0 
194 389 79.0 
234 469 80.0 
242 485 81.0 
251 503 83.0 
277 555 86.0 
290 581 87.0 
302 605 89.0 
318 637 90.0 
329 659 92.0 
359 719 94.0 
435 871 97.0 
472 945 99.0 
547 1095 100.0 
==== END RUN ====
0 1 49.0 
1 3 58.0 
10 21 59.0 
21 43 60.0 
22 45 62.0 
41 83 63.0 
48 97 64.0 
63 127 65.0 
72 145 66.0 
91 183 74.0 
144 289 76.0 
196 393 77.0 
207 415 78.0 
223 447 79.0 
234 469 81.0 
255 511 85.0 
288 577 86.0 
303 607 88.0 
310 621 90.0 
355 711 91.0 
383 767 93.0 
413 827 94.0 
428 857 95.0 
445 891 98.0 
547 1095 99.0 
565 1131 100.0 
==== END RUN ====
0 1 55.0 
10 21 57.0 
16 33 58.0 
18 37 64.0 
39 79 65.0 
58 117 66.0 
60 121 67.0 
77 155 69.0 
89 179 73.0 
109 219 79.0 
166 333 80.0 
213 427 84.0 
220 441 85.0 
232 465 87.0 
257 515 88.0 
297 595 89.0 
317 635 91.0 
330 661 92.0 
354 709 95.0 
431 863 96.0 
446 893 97.0 
478 957 98.0 
482 965 100.0 
==== END RUN ====
0 1 52.0 
5 11 53.0 
6 13 54.0 
7 15 58.0 
12 25 63.0 
34 69 65.0 
73 147 67.0 
74 149 68.0 
81 163 70.0 
132 265 72.0 
164 329 73.0 
167 335 74.0 
171 343 75.0 
176 353 77.0 
212 425 78.0 
215 431 80.0 
268 537 83.0 
274 549 84.0 
281 563 87.0 
331 663 88.0 
338 677 95.0 
459 919 96.0 
474 949 97.0 
497 995 99.0 
602 1205 100.0 
==== END RUN ====
0 1 47.0 
1 3 57.0 
5 11 61.0 
8 17 63.0 
40 81 66.0 
73 147 70.0 
109 219 74.0 
137 275 78.0 
143 287 80.0 
220 441 81.0 
224 449 82.0 
229 459 83.0 
245 491 84.0 
280 561 86.0 
297 595 87.0 
324 649 88.0 
328 657 91.0 
348 697 94.0 
425 851 95.0 
430 861 96.0 
500 1001 97.0 
526 1053 99.0 
553 1107 100.0 
==== END RUN ====
0 1 53.0 
1 3 57.0 
8 17 60.0 
25 51 62.0 
44 89 63.0 
46 93 64.0 
50 101 66.0 
88 177 67.0 
105 211 69.0 
115 231 71.0 
127 255 72.0 
140 281 73.0 
148 297 75.0 
166 333 77.0 
170 341 80.0 
227 455 81.0 
234 469 82.0 
246 493 85.0 
256 513 88.0 
314 629 90.0 
347 695 92.0 
399 799 94.0 
439 879 95.0 
495 991 97.0 
520 1041 98.0 
593 1187 99.0 
610 1221 100.0 
==== END RUN ====
0 1 46.0 
1 3 50.0 
2 5 58.0 
6 13 61.0 
7 15 66.0 
18 37 68.0 
92 185 71.0 
109 219 73.0 
124 249 74.0 
133 267 75.0 
142 285 76.0 
161 323 77.0 
197 395 81.0 
228 457 82.0 
270 541 84.0 
291 583 86.0 
347 695 87.0 
350 701 88.0 
359 719 90.0 
393 787 91.0 
412 825 96.0 
501 1003 97.0 
534 1069 98.0 
580 1161 99.0 
613 1227 100.0 
==== END RUN ====
0 1 60.0 
4 9 63.0 
25 51 65.0 
30 61 66.0 
77 155 73.0 
129 259 77.0 
203 407 79.0 
214 429 87.0 
320 641 90.0 
362 725 91.0 
393 787 94.0 
430 861 96.0 
485 971 97.0 
488 977 98.0 
578 1157 99.0 
==== END RUN ====
0 1 63.0 
35 71 64.0 
46 93 65.0 
69 139 72.0 
144 289 74.0 
150 301 75.0 
171 343 77.0 
173 347 80.0 
231 463 81.0 
234 469 87.0 
316 633 91.0 
366 733 93.0 
428 857 94.0 
434 869 95.0 
474 949 96.0 
490 981 97.0 
491 983 98.0 
548 1097 99.0 
==== END RUN ====
0 1 44.0 
1 3 52.0 
9 19 55.0 
12 25 60.0 
27 55 62.0 
40 81 66.0 
53 107 68.0 
105 211 69.0 
112 225 71.0 
123 247 74.0 
161 323 77.0 
163 327 81.0 
244 489 83.0 
271 543 85.0 
346 693 87.0 
349 699 88.0 
364 729 92.0 
397 795 95.0 
481 963 96.0 
514 1029 97.0 
527 1055 98.0 
540 1081 99.0 
565 1131 100.0 
==== END RUN ====
0 1 58.0 
5 11 59.0 
17 35 64.0 
22 45 66.0 
28 57 67.0 
72 145 68.0 
111 223 69.0 
112 225 70.0 
113 227 72.0 
121 243 77.0 
156 313 78.0 
173 347 79.0 
184 369 82.0 
240 481 83.0 
242 485 85.0 
278 557 86.0 
291 583 87.0 
302 605 88.0 
309 619 90.0 
325 651 92.0 
373 747 93.0 
379 759 95.0 
384 769 96.0 
452 905 97.0 
476 953 98.0 
503 1007 99.0 
541 1083 100.0 
==== END RUN ====
0 1 50.0 
1 3 58.0 
2 5 60.0 
15 31 61.0 
19 39 62.0 
42 85 65.0 
67 135 66.0 
72 145 71.0 
122 245 73.0 
130 261 77.0 
170 341 80.0 
204 409 84.0 
249 499 85.0 
263 527 88.0 
320 641 89.0 
358 717 91.0 
370 741 93.0 
405 811 94.0 
418 837 95.0 
452 905 96.0 
462 925 98.0 
490 981 99.0 
531 1063 100.0 
==== END RUN ====
0 1 47.0 
2 5 56.0 
5 11 59.0 
8 17 62.0 
29 59 67.0 
74 149 73.0 
99 199 75.0 
127 255 76.0 
137 275 77.0 
138 277 81.0 
201 403 82.0 
215 431 84.0 
230 461 86.0 
263 527 87.0 
270 541 89.0 
288 577 91.0 
343 687 94.0 
378 757 95.0 
409 819 98.0 
513 1027 100.0 
==== END RUN ====
0 1 57.0 
3 7 59.0 
30 61 64.0 
54 109 68.0 
94 189 70.0 
135 271 74.0 
178 357 77.0 
202 405 79.0 
210 421 80.0 
243 487 82.0 
260 521 83.0 
269 539 85.0 
300 601 87.0 
360 721 88.0 
373 747 91.0 
424 849 92.0 
454 909 95.0 
507 1015 96.0 
533 1067 97.0 
545 1091 98.0 
622 1245 99.0 
639 1279 100.0 
==== END RUN ====
0 1 53.0 
2 5 59.0 
4 9 66.0 
33 67 67.0 
55 111 71.0 
87 175 76.0 
130 261 77.0 
149 299 79.0 
201 403 81.0 
208 417 82.0 
231 463 84.0 
234 469 85.0 
275 551 86.0 
289 579 91.0 
388 777 92.0 
390 781 93.0 
410 821 95.0 
429 859 97.0 
471 943 98.0 
500 1001 99.0 
504 1009 100.0 
==== END RUN ====
0 1 53.0 
1 3 54.0 
2 5 57.0 
9 19 58.0 
10 21 62.0 
22 45 65.0 
50 101 66.0 
76 153 71.0 
96 193 73.0 
107 215 75.0 
164 329 76.0 
176 353 77.0 
188 377 78.0 
201 403 79.0 
202 405 80.0 
221 443 81.0 
225 451 82.0 
263 527 83.0 
269 539 86.0 
329 659 87.0 
344 689 88.0 
352 705 90.0 
367 735 91.0 
398 797 94.0 
416 833 95.0 
464 929 96.0 
516 1033 98.0 
534 1069 99.0 
542 1085 100.0 
==== END RUN ====
0 1 50.0 
1 3 51.0 
6 13 52.0 
8 17 53.0 
10 21 56.0 
11 23 61.0 
33 67 62.0 
36 73 64.0 
77 155 65.0 
88 177 66.0 
97 195 68.0 
104 209 72.0 
129 259 73.0 
153 307 75.0 
171 343 76.0 
211 423 79.0 
225 451 83.0 
283 567 86.0 
319 639 87.0 
327 655 89.0 
349 699 90.0 
359 719 91.0 
407 815 92.0 
418 837 95.0 
429 859 96.0 
521 1043 99.0 
630 1261 100.0 
==== END RUN ====
0 1 52.0 
1 3 62.0 
10 21 63.0 
39 79 65.0 
74 149 66.0 
86 173 76.0 
138 277 77.0 
145 291 79.0 
192 385 80.0 
230 461 81.0 
237 475 86.0 
292 585 87.0 
295 591 88.0 
319 639 89.0 
345 691 90.0 
388 777 91.0 
390 781 92.0 
399 799 93.0 
401 803 95.0 
442 885 96.0 
463 927 98.0 
528 1057 100.0 
==== END RUN ====
0 1 50.0 
1 3 56.0 
6 13 57.0 
13 27 63.0 
51 103 64.0 
64 129 65.0 
86 173 66.0 
96 193 68.0 
104 209 69.0 
111 223 75.0 
179 359 78.0 
206 413 80.0 
214 429 81.0 
238 477 82.0 
247 495 83.0 
264 529 85.0 
274 549 86.0 
286 573 89.0 
349 699 90.0 
359 719 91.0 
363 727 93.0 
384 769 94.0 
422 845 95.0 
474 949 96.0 
488 977 98.0 
536 1073 100.0 
==== END RUN ====
0 1 56.0 
1 3 57.0 
6 13 59.0 
23 47 61.0 
30 61 64.0 
56 113 70.0 
104 209 71.0 
139 279 76.0 
180 361 81.0 
198 397 82.0 
257 515 84.0 
293 587 85.0 
323 647 88.0 
376 753 89.0 
386 773 90.0 
392 785 91.0 
402 805 92.0 
430 861 94.0 
466 933 95.0 
499 999 96.0 
537 1075 97.0 
557 1115 98.0 
579 1159 99.0 
==== END RUN ====
0 1 58.0 
4 9 59.0 
6 13 63.0 
56 113 64.0 
66 133 65.0 
74 149 68.0 
87 175 70.0 
118 237 71.0 
150 301 75.0 
177 355 76.0 
190 381 77.0 
208 417 78.0 
246 493 79.0 
258 517 80.0 
271 543 83.0 
274 549 84.0 
294 589 87.0 
305 611 89.0 
367 735 90.0 
385 771 93.0 
451 903 95.0 
501 1003 96.0 
518 1037 97.0 
551 1103 98.0 
558 1117 99.0 
==== END RUN ====
0 1 53.0 
3 7 55.0 
4 9 56.0 
6 13 57.0 
16 33 58.0 
17 35 60.0 
25 51 64.0 
41 83 70.0 
68 137 73.0 
115 231 75.0 
136 273 77.0 
160 321 78.0 
195 391 80.0 
207 415 81.0 
213 427 82.0 
244 489 83.0 
259 519 84.0 
271 543 85.0 
274 549 87.0 
275 551 89.0 
313 627 92.0 
385 771 94.0 
426 853 96.0 
450 901 97.0 
494 989 99.0 
532 1065 100.0 
==== END RUN ====
0 1 44.0 
1 3 49.0 
2 5 52.0 
3 7 53.0 
5 11 54.0 
8 17 56.0 
16 33 58.0 
24 49 59.0 
33 67 60.0 
45 91 62.0 
53 107 63.0 
56 113 65.0 
59 119 67.0 
80 161 70.0 
113 227 72.0 
146 293 76.0 
176 353 78.0 
189 379 81.0 
253 507 83.0 
267 535 84.0 
291 583 85.0 
293 587 86.0 
305 611 89.0 
363 727 90.0 
386 773 91.0 
398 797 92.0 
400 801 94.0 
408 817 95.0 
477 955 97.0 
503 1007 98.0 
540 1081 99.0 
606 1213 100.0 
==== END RUN ====
0 1 51.0 
1 3 61.0 
4 9 62.0 
6 13 65.0 
65 131 68.0 
80 161 69.0 
88 177 70.0 
92 185 71.0 
113 227 75.0 
140 281 77.0 
177 355 79.0 
187 375 81.0 
199 399 82.0 
228 457 84.0 
235 471 86.0 
268 537 87.0 
274 549 88.0 
296 593 89.0 
328 657 91.0 
334 669 92.0 
345 691 94.0 
426 853 95.0 
434 869 96.0 
464 929 98.0 
529 1059 99.0 
552 1105 100.0 
==== END RUN ====
0 1 60.0 
5 11 61.0 
42 85 62.0 
48 97 63.0 
57 115 69.0 
61 123 70.0 
99 199 74.0 
113 227 76.0 
154 309 77.0 
197 395 79.0 
200 401 80.0 
238 477 81.0 
239 479 84.0 
265 531 85.0 
297 595 87.0 
319 639 91.0 
397 795 93.0 
428 857 94.0 
431 863 95.0 
469 939 97.0 
528 1057 98.0 
557 1115 99.0 
600 1201 100.0 
==== END RUN ====
0 1 51.0 
1 3 59.0 
13 27 62.0 
14 29 64.0 
17 35 65.0 
49 99 68.0 
84 169 73.0 
98 197 76.0 
172 345 77.0 
185 371 79.0 
192 385 80.0 
218 437 81.0 
238 477 83.0 
244 489 84.0 
287 575 85.0 
289 579 87.0 
318 637 88.0 
327 655 92.0 
387 775 93.0 
389 779 94.0 
421 843 96.0 
463 927 97.0 
489 979 98.0 
493 987 99.0 
597 1195 100.0 
==== END RUN ====
0 1 55.0 
5 11 57.0 
9 19 63.0 
37 75 67.0 
84 169 70.0 
102 205 71.0 
120 241 72.0 
132 265 73.0 
156 313 75.0 
182 365 76.0 
183 367 77.0 
188 377 78.0 
199 399 82.0 
237 475 83.0 
253 507 87.0 
316 633 88.0 
342 685 90.0 
362 725 93.0 
421 843 94.0 
449 899 95.0 
475 951 96.0 
488 977 97.0 
518 1037 98.0 
543 1087 99.0 
544 1089 100.0 
==== END RUN ====
0 1 51.0 
1 3 54.0 
4 9 57.0 
7 15 64.0 
33 67 67.0 
50 101 69.0 
79 159 73.0 
115 231 75.0 
172 345 78.0 
188 377 81.0 
229 459 83.0 
252 505 86.0 
293 587 87.0 
311 623 88.0 
333 667 90.0 
353 707 91.0 
370 741 92.0 
391 783 94.0 
429 859 95.0 
447 895 96.0 
471 943 97.0 
489 979 98.0 
503 1007 99.0 
566 1133 100.0 
==== END RUN ====
0 1 52.0 
1 3 55.0 
2 5 57.0 
11 23 59.0 
17 35 60.0 
30 61 62.0 
32 65 63.0 
35 71 64.0 
61 123 66.0 
85 171 68.0 
93 187 69.0 
105 211 70.0 
110 221 74.0 
144 289 75.0 
160 321 76.0 
164 329 80.0 
200 401 85.0 
246 493 86.0 
257 515 88.0 
297 595 90.0 
334 669 91.0 
342 685 94.0 
406 813 95.0 
412 825 98.0 
482 965 99.0 
524 1049 100.0 
==== END RUN ====
0 1 55.0 
1 3 59.0 
3 7 64.0 
43 87 67.0 
94 189 68.0 
98 197 70.0 
119 239 71.0 
121 243 72.0 
130 261 75.0 
142 285 76.0 
169 339 78.0 
177 355 79.0 
184 369 80.0 
235 471 81.0 
252 505 82.0 
259 519 83.0 
268 537 86.0 
332 665 87.0 
337 675 88.0 
338 677 89.0 
342 685 91.0 
367 735 92.0 
381 763 95.0 
461 923 96.0 
496 993 97.0 
517 1035 99.0 
584 1169 100.0 
==== END RUN ====
0 1 48.0 
1 3 49.0 
2 5 50.0 
3 7 51.0 
4 9 57.0 
5 11 58.0 
17 35 61.0 
24 49 63.0 
43 87 66.0 
88 177 68.0 
117 235 72.0 
123 247 74.0 
171 343 75.0 
175 351 80.0 
236 473 82.0 
280 561 83.0 
302 605 85.0 
308 617 86.0 
322 645 87.0 
324 649 88.0 
333 667 91.0 
360 721 92.0 
363 727 93.0 
404 809 95.0 
453 907 96.0 
499 999 97.0 
513 1027 98.0 
551 1103 99.0 
574 1149 100.0 
==== END RUN ====
0 1 52.0 
1 3 57.0 
4 9 60.0 
13 27 66.0 
62 125 68.0 
99 199 71.0 
128 257 75.0 
131 263 81.0 
220 441 82.0 
258 517 87.0 
301 603 90.0 
352 705 91.0 
370 741 92.0 
402 805 93.0 
404 809 94.0 
476 953 96.0 
492 985 97.0 
561 1123 98.0 
589 1179 99.0 
601 1203 100.0 
==== END RUN ====
0 1 57.0 
15 31 60.0 
26 53 61.0 
34 69 62.0 
45 91 67.0 
76 153 68.0 
91 183 70.0 
131 263 72.0 
134 269 73.0 
157 315 74.0 
169 339 75.0 
191 383 79.0 
206 413 80.0 
216 433 81.0 
228 457 82.0 
250 501 84.0 
264 529 85.0 
273 547 86.0 
299 599 90.0 
326 653 92.0 
367 735 94.0 
405 811 95.0 
456 913 96.0 
496 993 97.0 
512 1025 99.0 
536 1073 100.0 
==== END RUN ====
0 1 54.0 
4 9 55.0 
7 15 60.0 
33 67 62.0 
35 71 63.0 
60 121 64.0 
61 123 65.0 
69 139 66.0 
76 153 69.0 
92 185 71.0 
134 269 74.0 
177 355 78.0 
193 387 80.0 
244 489 83.0 
271 543 86.0 
281 563 88.0 
309 619 89.0 
354 709 91.0 
366 733 92.0 
400 801 93.0 
428 857 94.0 
441 883 95.0 
447 895 96.0 
498 997 97.0 
505 1011 98.0 
560 1121 99.0 
576 1153 100.0 
==== END RUN ====
0 1 60.0 
30 61 63.0 
41 83 64.0 
44 89 67.0 
94 189 68.0 
96 193 70.0 
100 201 76.0 
191 383 79.0 
206 413 82.0 
235 471 86.0 
299 599 87.0 
309 619 88.0 
336 673 89.0 
344 689 90.0 
366 733 91.0 
377 755 92.0 
391 783 93.0 
394 789 96.0 
466 933 97.0 
527 1055 98.0 
533 1067 99.0 
554 1109 100.0 
==== END RUN ====
0 1 55.0 
3 7 58.0 
19 39 61.0 
20 41 63.0 
33 67 64.0 
47 95 66.0 
65 131 70.0 
106 213 72.0 
132 265 74.0 
159 319 75.0 
175 351 77.0 
214 429 78.0 
216 433 79.0 
234 469 87.0 
350 701 88.0 
359 719 90.0 
394 789 92.0 
427 855 93.0 
460 921 94.0 
482 965 96.0 
506 1013 97.0 
546 1093 98.0 
594 1189 99.0 
==== END RUN ====
0 1 65.0 
65 131 69.0 
96 193 71.0 
130 261 73.0 
138 277 77.0 
156 313 79.0 
220 441 82.0 
254 509 83.0 
263 527 85.0 
284 569 88.0 
351 703 89.0 
356 713 90.0 
376 753 92.0 
424 849 93.0 
447 895 95.0 
459 919 96.0 
491 983 97.0 
493 987 98.0 
514 1029 99.0 
583 1167 100.0 
==== END RUN ====
0 1 49.0 
2 5 52.0 
3 7 54.0 
4 9 62.0 
27 55 63.0 
49 99 65.0 
75 151 66.0 
94 189 69.0 
116 233 74.0 
149 299 75.0 
196 393 77.0 
203 407 79.0 
245 491 80.0 
248 497 81.0 
293 587 82.0 
304 609 83.0 
314 629 86.0 
317 635 88.0 
353 707 92.0 
387 775 93.0 
452 905 94.0 
489 979 95.0 
492 985 97.0 
517 1035 98.0 
561 1123 99.0 
611 1223 100.0 
==== END RUN ====
0 1 49.0 
1 3 53.0 
10 21 54.0 
11 23 56.0 
15 31 59.0 
19 39 60.0 
20 41 65.0 
26 53 66.0 
106 213 68.0 
116 233 70.0 
119 239 74.0 
122 245 75.0 
180 361 77.0 
223 447 81.0 
242 485 83.0 
279 559 85.0 
298 597 86.0 
302 605 88.0 
347 695 89.0 
363 727 90.0 
379 759 91.0 
402 805 92.0 
411 823 93.0 
457 915 94.0 
470 941 95.0 
492 985 96.0 
511 1023 97.0 
522 1045 98.0 
588 1177 99.0 
599 1199 100.0 
==== END RUN ====
0 1 50.0 
1 3 56.0 
2 5 58.0 
3 7 60.0 
11 23 61.0 
32 65 64.0 
46 93 65.0 
83 167 68.0 
111 223 69.0 
112 225 74.0 
135 271 75.0 
153 307 78.0 
187 375 79.0 
226 453 82.0 
249 499 83.0 
253 507 87.0 
298 597 89.0 
317 635 92.0 
385 771 93.0 
397 795 94.0 
398 797 96.0 
440 881 97.0 
464 929 98.0 
514 1029 100.0 
==== END RUN ====
