0 1 53.0 
0 3 55.0 
0 15 56.0 
0 19 58.0 
0 22 60.0 
0 44 62.0 
1 333 63.0 
1 391 65.0 
2 439 66.0 
3 637 68.0 
3 792 69.0 
9 1832 70.0 
12 2561 71.0 
17 3469 72.0 
20 4132 73.0 
23 4608 74.0 
25 5077 75.0 
28 5667 76.0 
31 6263 77.0 
34 6969 78.0 
38 7607 79.0 
42 8477 80.0 
47 9463 81.0 
60 12083 82.0 
63 12629 83.0 
79 15969 84.0 
88 17689 85.0 
==== END RUN ====
0 1 56.0 
0 59 60.0 
0 89 63.0 
1 330 64.0 
1 377 65.0 
2 481 68.0 
3 637 69.0 
3 645 70.0 
6 1267 71.0 
7 1411 72.0 
7 1505 74.0 
8 1715 75.0 
8 1785 76.0 
11 2225 77.0 
15 3029 78.0 
18 3639 79.0 
20 4025 80.0 
22 4535 81.0 
24 4831 83.0 
28 5797 84.0 
31 6265 85.0 
31 6315 86.0 
47 9465 87.0 
48 9641 88.0 
59 11915 89.0 
==== END RUN ====
0 1 42.0 
0 2 54.0 
0 7 61.0 
0 91 66.0 
0 185 68.0 
10 2003 69.0 
10 2063 70.0 
12 2417 72.0 
13 2771 73.0 
18 3677 74.0 
20 4131 75.0 
23 4705 76.0 
28 5705 77.0 
32 6481 78.0 
36 7255 79.0 
37 7455 80.0 
42 8401 81.0 
46 9371 82.0 
58 11601 83.0 
64 12955 84.0 
73 14745 85.0 
79 15887 86.0 
==== END RUN ====
0 1 40.0 
0 2 46.0 
0 3 53.0 
0 7 61.0 
0 98 63.0 
9 1855 64.0 
12 2415 65.0 
13 2640 67.0 
13 2799 68.0 
15 3151 69.0 
17 3485 70.0 
20 4067 71.0 
20 4137 72.0 
23 4677 73.0 
28 5639 74.0 
32 6417 75.0 
46 9239 76.0 
50 10061 77.0 
==== END RUN ====
0 1 47.0 
0 2 50.0 
0 4 51.0 
0 5 53.0 
0 7 56.0 
0 44 59.0 
0 171 60.0 
1 209 62.0 
1 241 65.0 
2 455 68.0 
2 466 69.0 
2 475 72.0 
7 1444 73.0 
7 1463 75.0 
11 2272 76.0 
15 3083 77.0 
18 3643 78.0 
20 4061 79.0 
22 4488 80.0 
26 5201 81.0 
42 8527 82.0 
45 9071 83.0 
47 9471 84.0 
51 10231 85.0 
54 10823 86.0 
62 12483 87.0 
==== END RUN ====
0 1 46.0 
0 2 52.0 
0 3 55.0 
0 9 57.0 
0 17 60.0 
0 52 62.0 
0 123 63.0 
1 365 64.0 
2 446 66.0 
3 606 67.0 
3 680 68.0 
3 749 71.0 
5 1005 74.0 
6 1329 76.0 
9 1883 77.0 
9 1973 79.0 
14 2879 80.0 
15 3048 81.0 
16 3281 82.0 
20 4197 83.0 
26 5263 84.0 
30 6037 85.0 
31 6206 86.0 
33 6679 87.0 
36 7345 88.0 
38 7731 89.0 
43 8745 90.0 
46 9237 91.0 
69 13863 92.0 
==== END RUN ====
0 1 47.0 
0 2 48.0 
0 3 50.0 
0 4 51.0 
0 5 52.0 
0 7 54.0 
0 11 57.0 
0 12 59.0 
0 31 62.0 
0 97 63.0 
0 197 64.0 
10 2175 65.0 
12 2431 66.0 
16 3332 67.0 
17 3597 69.0 
21 4217 70.0 
21 4249 71.0 
25 5109 72.0 
42 8419 73.0 
49 9803 74.0 
52 10479 75.0 
63 12731 76.0 
66 13337 77.0 
==== END RUN ====
0 1 52.0 
0 5 55.0 
0 10 57.0 
0 31 59.0 
0 33 60.0 
0 117 63.0 
1 208 66.0 
2 471 68.0 
2 527 72.0 
7 1432 73.0 
8 1685 76.0 
10 2145 77.0 
14 2925 78.0 
16 3275 79.0 
20 4045 80.0 
21 4391 81.0 
24 4925 82.0 
30 6033 83.0 
31 6295 84.0 
37 7591 85.0 
46 9359 86.0 
48 9747 87.0 
51 10277 88.0 
68 13637 89.0 
80 16077 90.0 
==== END RUN ====
0 1 53.0 
0 3 58.0 
0 14 60.0 
0 29 61.0 
0 179 63.0 
1 303 64.0 
2 429 65.0 
2 437 66.0 
5 1165 67.0 
6 1260 70.0 
9 1831 71.0 
11 2309 74.0 
13 2639 75.0 
16 3357 76.0 
17 3521 77.0 
19 3875 78.0 
25 5037 79.0 
28 5707 80.0 
34 6851 81.0 
37 7451 82.0 
37 7547 83.0 
53 10669 84.0 
==== END RUN ====
0 1 55.0 
0 2 56.0 
0 7 59.0 
0 57 60.0 
0 138 61.0 
0 165 62.0 
1 226 67.0 
3 702 68.0 
5 1105 69.0 
6 1214 70.0 
6 1272 73.0 
7 1444 74.0 
7 1517 75.0 
11 2272 76.0 
11 2357 77.0 
13 2633 78.0 
18 3611 80.0 
24 4813 81.0 
25 5069 82.0 
27 5429 83.0 
31 6295 84.0 
36 7325 85.0 
38 7629 86.0 
76 15285 87.0 
==== END RUN ====
0 1 47.0 
0 2 51.0 
0 3 54.0 
0 4 55.0 
0 5 56.0 
0 9 59.0 
0 23 60.0 
0 71 63.0 
1 261 64.0 
1 313 65.0 
1 314 66.0 
3 679 67.0 
5 1082 68.0 
5 1156 69.0 
7 1475 71.0 
9 1977 72.0 
10 2029 73.0 
11 2331 74.0 
12 2444 75.0 
13 2729 76.0 
18 3605 77.0 
19 3839 78.0 
19 3975 79.0 
29 5849 80.0 
33 6613 81.0 
37 7467 82.0 
40 8043 83.0 
41 8367 84.0 
51 10213 85.0 
55 11069 86.0 
69 13869 87.0 
==== END RUN ====
0 1 55.0 
0 3 59.0 
0 25 60.0 
0 79 64.0 
7 1467 65.0 
10 2071 66.0 
10 2143 67.0 
13 2777 68.0 
15 3193 69.0 
16 3276 70.0 
18 3716 71.0 
20 4027 72.0 
20 4033 73.0 
24 4805 74.0 
34 6823 75.0 
37 7423 76.0 
39 7847 77.0 
43 8665 78.0 
47 9423 79.0 
51 10353 80.0 
==== END RUN ====
0 1 42.0 
0 2 47.0 
0 3 54.0 
0 17 57.0 
0 32 59.0 
0 69 61.0 
0 152 67.0 
9 1816 68.0 
10 2017 69.0 
11 2239 70.0 
12 2567 71.0 
19 3839 72.0 
20 4155 73.0 
22 4417 74.0 
28 5615 75.0 
28 5675 76.0 
31 6271 77.0 
35 7111 78.0 
42 8497 79.0 
47 9415 80.0 
50 10047 81.0 
52 10417 82.0 
58 11739 83.0 
70 14193 84.0 
76 15261 85.0 
80 16107 87.0 
==== END RUN ====
0 1 53.0 
0 5 63.0 
0 41 65.0 
1 315 67.0 
3 763 70.0 
5 1065 73.0 
10 2071 75.0 
14 2821 76.0 
15 3037 78.0 
17 3403 79.0 
21 4221 80.0 
27 5429 81.0 
31 6251 82.0 
33 6637 83.0 
35 7173 84.0 
37 7451 85.0 
45 9129 86.0 
47 9425 87.0 
52 10589 88.0 
55 11191 89.0 
58 11673 90.0 
65 13021 91.0 
78 15673 92.0 
98 19673 93.0 
==== END RUN ====
0 1 50.0 
0 9 53.0 
0 11 55.0 
0 13 56.0 
0 23 62.0 
1 207 63.0 
1 268 64.0 
1 307 67.0 
2 475 68.0 
5 1041 69.0 
6 1263 70.0 
6 1352 71.0 
7 1419 72.0 
8 1667 75.0 
11 2339 76.0 
14 2837 77.0 
14 2901 78.0 
17 3539 79.0 
23 4699 80.0 
24 4841 81.0 
30 6125 82.0 
32 6419 83.0 
37 7449 84.0 
43 8701 85.0 
58 11719 86.0 
64 12839 87.0 
73 14767 88.0 
84 16919 89.0 
==== END RUN ====
0 1 54.0 
0 11 56.0 
0 12 59.0 
0 21 69.0 
10 2151 70.0 
12 2501 71.0 
14 2965 73.0 
15 3041 74.0 
23 4637 75.0 
24 4819 76.0 
27 5415 77.0 
32 6553 78.0 
35 7081 79.0 
40 8128 80.0 
43 8607 81.0 
59 11999 82.0 
62 12599 83.0 
67 13551 84.0 
69 13819 86.0 
79 15867 87.0 
==== END RUN ====
0 1 42.0 
0 2 50.0 
0 4 54.0 
0 22 57.0 
0 49 58.0 
0 53 63.0 
0 95 66.0 
6 1211 67.0 
6 1311 68.0 
6 1367 70.0 
8 1753 71.0 
9 1827 72.0 
9 1991 73.0 
11 2207 74.0 
12 2511 75.0 
13 2641 76.0 
15 3035 77.0 
16 3331 78.0 
20 4091 79.0 
24 4819 80.0 
24 4859 81.0 
29 5871 82.0 
31 6283 83.0 
36 7385 84.0 
42 8401 85.0 
58 11601 86.0 
69 13937 87.0 
77 15441 88.0 
==== END RUN ====
0 1 54.0 
0 10 55.0 
0 21 58.0 
0 34 61.0 
1 201 64.0 
6 1369 66.0 
23 4637 67.0 
25 5111 68.0 
32 6475 69.0 
36 7279 70.0 
41 8205 71.0 
57 11535 72.0 
62 12461 73.0 
69 13827 74.0 
==== END RUN ====
0 1 58.0 
0 2 59.0 
0 5 61.0 
0 161 63.0 
1 383 64.0 
3 601 65.0 
3 609 69.0 
4 839 70.0 
6 1231 71.0 
7 1403 72.0 
8 1605 73.0 
9 1873 76.0 
11 2329 77.0 
15 3017 78.0 
19 3831 79.0 
22 4439 80.0 
28 5675 81.0 
32 6507 82.0 
33 6769 83.0 
39 7813 84.0 
42 8431 85.0 
50 10163 86.0 
56 11275 87.0 
58 11763 88.0 
60 12075 89.0 
87 17431 90.0 
==== END RUN ====
0 1 54.0 
0 8 55.0 
0 22 58.0 
0 74 65.0 
0 115 66.0 
3 660 67.0 
3 759 68.0 
4 851 70.0 
5 1067 73.0 
6 1220 75.0 
12 2413 76.0 
12 2459 77.0 
14 2923 78.0 
18 3683 79.0 
23 4633 80.0 
27 5433 81.0 
31 6297 82.0 
37 7469 83.0 
44 8843 84.0 
48 9639 85.0 
55 11069 86.0 
59 11857 88.0 
65 13057 89.0 
68 13693 90.0 
85 17057 91.0 
==== END RUN ====
0 1 57.0 
0 38 59.0 
0 57 61.0 
0 59 62.0 
1 241 63.0 
2 541 65.0 
5 1045 68.0 
6 1301 70.0 
7 1435 72.0 
7 1497 75.0 
10 2007 76.0 
12 2445 77.0 
15 3019 78.0 
17 3419 79.0 
22 4495 80.0 
23 4675 81.0 
27 5419 82.0 
29 5947 83.0 
40 8177 84.0 
46 9377 85.0 
57 11515 86.0 
60 12019 87.0 
==== END RUN ====
0 1 54.0 
0 10 57.0 
0 11 61.0 
1 207 63.0 
1 215 66.0 
1 252 67.0 
1 281 74.0 
13 2657 75.0 
14 2981 76.0 
16 3381 78.0 
22 4573 79.0 
23 4609 80.0 
28 5675 81.0 
33 6613 82.0 
37 7447 83.0 
39 7857 84.0 
40 8063 85.0 
54 10875 86.0 
57 11509 87.0 
63 12609 88.0 
75 15063 89.0 
==== END RUN ====
0 1 49.0 
0 2 57.0 
0 66 64.0 
3 623 66.0 
4 859 68.0 
4 942 70.0 
14 2884 71.0 
15 3193 72.0 
18 3793 74.0 
22 4449 75.0 
25 5135 77.0 
33 6717 78.0 
34 6883 79.0 
35 7139 80.0 
38 7603 81.0 
45 9135 82.0 
49 9941 83.0 
67 13595 84.0 
77 15433 85.0 
78 15705 86.0 
85 17115 87.0 
90 18003 88.0 
==== END RUN ====
0 1 53.0 
0 2 60.0 
0 129 63.0 
0 192 65.0 
4 923 67.0 
5 1182 69.0 
6 1383 70.0 
8 1630 72.0 
9 1911 73.0 
11 2207 74.0 
13 2732 76.0 
18 3777 77.0 
21 4365 78.0 
22 4407 79.0 
32 6463 80.0 
40 8091 81.0 
42 8479 82.0 
47 9581 83.0 
54 10899 84.0 
66 13319 85.0 
==== END RUN ====
0 1 54.0 
0 6 62.0 
0 97 63.0 
2 413 65.0 
3 609 67.0 
4 825 72.0 
5 1049 73.0 
6 1231 74.0 
6 1248 76.0 
8 1608 78.0 
9 1985 79.0 
12 2511 80.0 
14 2815 81.0 
15 3005 82.0 
19 3937 83.0 
23 4721 84.0 
27 5465 85.0 
30 6189 86.0 
41 8239 87.0 
44 8839 88.0 
44 8865 89.0 
50 10063 90.0 
58 11669 91.0 
77 15475 92.0 
79 15863 93.0 
==== END RUN ====
0 1 51.0 
0 6 54.0 
0 8 55.0 
0 10 56.0 
0 17 57.0 
0 70 59.0 
0 75 61.0 
0 142 63.0 
2 413 64.0 
3 607 66.0 
6 1215 67.0 
7 1457 68.0 
7 1555 71.0 
8 1637 72.0 
17 3435 74.0 
19 3883 75.0 
22 4427 76.0 
24 4805 77.0 
31 6205 78.0 
38 7691 79.0 
41 8247 80.0 
43 8799 81.0 
46 9300 82.0 
52 10407 83.0 
59 11949 84.0 
62 12509 85.0 
79 15815 86.0 
84 16887 87.0 
==== END RUN ====
0 1 56.0 
0 3 58.0 
0 16 59.0 
0 61 61.0 
0 81 62.0 
1 353 64.0 
2 533 66.0 
3 633 67.0 
4 814 68.0 
4 883 69.0 
4 935 70.0 
5 1065 71.0 
5 1097 73.0 
7 1529 74.0 
11 2201 75.0 
11 2312 77.0 
15 3195 78.0 
16 3201 79.0 
20 4001 80.0 
22 4473 81.0 
24 4999 82.0 
26 5389 83.0 
29 5843 84.0 
40 8109 85.0 
47 9475 86.0 
71 14379 87.0 
88 17791 88.0 
==== END RUN ====
0 1 47.0 
0 2 56.0 
0 3 64.0 
6 1313 66.0 
8 1757 67.0 
13 2741 68.0 
15 3035 69.0 
17 3429 70.0 
19 3912 71.0 
19 3941 72.0 
22 4445 73.0 
31 6393 74.0 
37 7429 75.0 
42 8429 76.0 
50 10175 77.0 
56 11201 78.0 
64 12851 79.0 
==== END RUN ====
0 1 58.0 
0 9 59.0 
0 54 62.0 
0 169 63.0 
0 191 67.0 
2 438 71.0 
4 913 72.0 
7 1547 73.0 
14 2849 74.0 
15 3137 75.0 
18 3691 76.0 
20 4185 77.0 
22 4507 78.0 
23 4797 79.0 
25 5155 80.0 
30 6173 81.0 
34 6817 82.0 
39 7923 83.0 
42 8541 84.0 
44 8923 85.0 
46 9291 86.0 
53 10613 87.0 
59 11891 88.0 
63 12707 89.0 
87 17507 90.0 
==== END RUN ====
0 1 53.0 
0 3 54.0 
0 5 55.0 
0 11 57.0 
0 21 58.0 
0 27 59.0 
0 44 63.0 
1 203 64.0 
1 209 65.0 
2 410 66.0 
2 467 68.0 
2 543 69.0 
4 831 70.0 
5 1053 71.0 
5 1187 72.0 
7 1511 76.0 
11 2265 77.0 
13 2676 78.0 
15 3003 79.0 
15 3105 80.0 
16 3271 81.0 
20 4053 82.0 
23 4649 83.0 
28 5775 84.0 
31 6297 85.0 
39 7953 86.0 
43 8665 87.0 
47 9505 88.0 
50 10105 89.0 
51 10375 90.0 
60 12175 91.0 
62 12431 92.0 
==== END RUN ====
0 1 56.0 
0 8 58.0 
0 9 59.0 
0 64 60.0 
0 188 61.0 
1 278 63.0 
2 402 64.0 
3 733 65.0 
4 957 66.0 
5 1155 68.0 
10 2027 69.0 
11 2246 70.0 
11 2311 71.0 
14 2983 72.0 
17 3449 73.0 
20 4091 74.0 
24 4869 75.0 
27 5469 76.0 
32 6449 77.0 
35 7003 78.0 
38 7701 79.0 
44 8985 80.0 
55 11081 81.0 
59 11951 82.0 
63 12785 83.0 
67 13481 84.0 
==== END RUN ====
0 1 51.0 
0 5 57.0 
0 28 62.0 
2 417 66.0 
2 429 67.0 
3 777 68.0 
4 812 70.0 
4 857 71.0 
6 1365 72.0 
8 1739 73.0 
9 1803 74.0 
11 2225 75.0 
12 2427 77.0 
17 3451 78.0 
19 3991 79.0 
25 5034 80.0 
27 5423 81.0 
35 7055 82.0 
42 8413 83.0 
43 8633 84.0 
50 10177 85.0 
55 11163 86.0 
64 12855 87.0 
68 13751 88.0 
==== END RUN ====
0 1 48.0 
0 3 52.0 
0 6 53.0 
0 11 57.0 
0 23 59.0 
0 43 61.0 
1 258 64.0 
1 268 67.0 
2 479 69.0 
2 517 74.0 
26 5241 75.0 
31 6249 76.0 
39 7897 77.0 
41 8267 78.0 
56 11375 79.0 
62 12407 80.0 
66 13267 81.0 
70 14047 82.0 
99 19891 83.0 
==== END RUN ====
0 1 43.0 
0 2 47.0 
0 4 48.0 
0 5 57.0 
0 13 58.0 
0 17 62.0 
0 94 64.0 
1 237 65.0 
1 259 68.0 
2 418 70.0 
3 611 71.0 
3 614 72.0 
8 1635 73.0 
9 1808 75.0 
17 3477 76.0 
18 3677 77.0 
20 4075 78.0 
21 4289 79.0 
23 4763 80.0 
27 5447 81.0 
28 5750 82.0 
34 6848 83.0 
38 7727 84.0 
42 8471 85.0 
61 12251 86.0 
==== END RUN ====
0 1 54.0 
0 7 60.0 
0 75 62.0 
0 79 65.0 
1 249 66.0 
2 415 69.0 
2 505 70.0 
3 625 72.0 
3 671 75.0 
3 747 77.0 
13 2671 78.0 
15 3017 79.0 
19 3817 80.0 
21 4217 81.0 
23 4749 82.0 
27 5417 83.0 
29 5953 84.0 
31 6217 85.0 
32 6427 87.0 
37 7425 88.0 
42 8559 89.0 
51 10281 90.0 
55 11013 91.0 
72 14471 92.0 
==== END RUN ====
0 1 53.0 
0 5 58.0 
0 6 61.0 
0 163 62.0 
1 327 63.0 
4 847 65.0 
5 1051 68.0 
10 2093 69.0 
11 2381 71.0 
17 3579 72.0 
18 3623 73.0 
23 4753 74.0 
26 5247 75.0 
29 5825 76.0 
33 6765 77.0 
36 7225 78.0 
39 7959 79.0 
41 8381 80.0 
48 9731 81.0 
58 11607 82.0 
60 12147 83.0 
63 12759 84.0 
68 13719 85.0 
71 14337 86.0 
==== END RUN ====
0 1 57.0 
0 26 58.0 
0 45 61.0 
0 101 65.0 
5 1029 66.0 
5 1075 67.0 
7 1444 68.0 
8 1610 69.0 
8 1657 70.0 
9 1967 73.0 
14 2887 75.0 
15 3155 76.0 
16 3209 77.0 
23 4755 78.0 
28 5755 79.0 
32 6513 80.0 
34 6983 81.0 
41 8279 82.0 
45 9155 83.0 
54 10875 84.0 
73 14663 85.0 
80 16027 86.0 
==== END RUN ====
0 1 57.0 
0 14 59.0 
0 105 60.0 
0 182 62.0 
1 235 63.0 
1 307 65.0 
1 321 67.0 
1 368 70.0 
5 1045 72.0 
5 1123 75.0 
9 1817 76.0 
11 2245 77.0 
12 2413 78.0 
13 2603 79.0 
15 3013 80.0 
17 3409 81.0 
20 4159 82.0 
23 4787 83.0 
28 5735 84.0 
33 6761 85.0 
35 7153 86.0 
37 7409 87.0 
50 10025 88.0 
56 11203 89.0 
59 11813 90.0 
61 12207 91.0 
63 12625 92.0 
72 14575 93.0 
==== END RUN ====
0 1 49.0 
0 3 53.0 
0 10 55.0 
0 17 56.0 
0 18 58.0 
0 33 60.0 
0 67 61.0 
0 181 62.0 
0 197 64.0 
1 285 67.0 
2 597 68.0 
4 825 69.0 
4 977 71.0 
5 1015 72.0 
5 1057 74.0 
5 1168 76.0 
8 1745 77.0 
11 2239 78.0 
12 2453 79.0 
12 2529 80.0 
18 3627 81.0 
19 3915 82.0 
20 4169 83.0 
41 8299 84.0 
43 8699 85.0 
==== END RUN ====
0 1 48.0 
0 4 62.0 
0 92 63.0 
0 114 64.0 
1 223 68.0 
3 709 69.0 
3 747 71.0 
4 914 72.0 
4 917 73.0 
4 945 75.0 
6 1217 76.0 
7 1487 77.0 
9 1853 78.0 
9 1911 79.0 
9 1987 80.0 
11 2217 81.0 
15 3011 82.0 
16 3221 83.0 
16 3247 84.0 
22 4403 85.0 
22 4427 86.0 
35 7003 87.0 
41 8311 88.0 
53 10711 89.0 
62 12577 90.0 
67 13459 91.0 
74 14827 92.0 
==== END RUN ====
0 1 59.0 
0 50 63.0 
0 157 64.0 
2 405 65.0 
2 419 67.0 
2 423 71.0 
2 593 72.0 
3 731 75.0 
4 885 77.0 
6 1229 80.0 
9 1977 81.0 
11 2303 82.0 
12 2405 83.0 
14 2869 84.0 
16 3297 86.0 
24 4855 87.0 
31 6303 88.0 
36 7251 89.0 
43 8621 90.0 
50 10055 91.0 
51 10361 92.0 
60 12129 93.0 
72 14561 94.0 
==== END RUN ====
0 1 49.0 
0 2 51.0 
0 3 56.0 
0 4 58.0 
0 7 60.0 
0 119 61.0 
0 197 62.0 
1 233 63.0 
1 254 64.0 
2 453 65.0 
3 631 68.0 
5 1054 70.0 
11 2284 71.0 
12 2411 72.0 
15 3003 74.0 
18 3637 75.0 
23 4765 76.0 
27 5439 77.0 
28 5721 78.0 
34 6804 79.0 
36 7213 80.0 
38 7765 81.0 
44 8845 82.0 
60 12037 83.0 
69 13973 84.0 
77 15403 85.0 
87 17421 86.0 
==== END RUN ====
0 1 56.0 
0 5 61.0 
0 161 64.0 
0 174 65.0 
3 610 66.0 
3 795 67.0 
4 845 69.0 
10 2018 70.0 
10 2047 72.0 
17 3507 73.0 
18 3637 74.0 
20 4034 75.0 
22 4583 76.0 
26 5209 77.0 
26 5339 78.0 
27 5559 79.0 
35 7141 80.0 
42 8523 81.0 
50 10011 82.0 
58 11635 83.0 
71 14269 84.0 
77 15541 85.0 
==== END RUN ====
0 1 67.0 
2 501 70.0 
4 909 73.0 
6 1294 74.0 
7 1457 75.0 
9 1977 76.0 
10 2158 77.0 
11 2267 79.0 
15 3117 80.0 
17 3423 81.0 
19 3989 82.0 
24 4805 83.0 
25 5057 84.0 
25 5187 85.0 
28 5717 86.0 
34 6835 87.0 
38 7657 88.0 
41 8257 89.0 
49 9935 90.0 
57 11415 91.0 
60 12125 92.0 
==== END RUN ====
0 1 50.0 
0 2 57.0 
0 35 64.0 
1 311 67.0 
4 873 68.0 
5 1151 69.0 
7 1521 70.0 
13 2609 71.0 
14 2955 72.0 
15 3003 73.0 
17 3477 74.0 
18 3611 75.0 
22 4429 77.0 
30 6031 78.0 
33 6721 79.0 
36 7205 80.0 
38 7605 81.0 
40 8003 82.0 
42 8571 83.0 
47 9413 84.0 
51 10385 85.0 
60 12003 86.0 
69 13893 87.0 
==== END RUN ====
0 1 58.0 
0 13 62.0 
1 212 68.0 
9 1823 69.0 
9 1929 70.0 
11 2225 71.0 
13 2655 72.0 
14 2887 73.0 
15 3143 74.0 
18 3679 75.0 
20 4017 76.0 
23 4765 77.0 
26 5231 78.0 
32 6407 79.0 
34 6987 80.0 
43 8693 81.0 
50 10033 82.0 
55 11007 83.0 
61 12253 84.0 
83 16663 85.0 
96 19275 86.0 
==== END RUN ====
0 1 54.0 
0 4 55.0 
0 9 61.0 
0 42 63.0 
1 239 65.0 
1 265 66.0 
1 311 67.0 
1 361 69.0 
2 470 70.0 
2 475 71.0 
10 2107 72.0 
11 2207 75.0 
16 3204 76.0 
17 3423 77.0 
19 3867 78.0 
19 3977 79.0 
27 5443 80.0 
31 6241 81.0 
40 8003 82.0 
45 9061 83.0 
63 12641 84.0 
66 13241 85.0 
75 15023 86.0 
78 15611 87.0 
==== END RUN ====
0 1 41.0 
0 2 46.0 
0 4 51.0 
0 5 54.0 
0 9 55.0 
0 14 56.0 
0 22 65.0 
4 837 67.0 
4 967 69.0 
8 1645 71.0 
8 1653 72.0 
12 2459 73.0 
14 2813 74.0 
15 3083 75.0 
17 3419 76.0 
20 4013 77.0 
23 4691 78.0 
25 5013 79.0 
28 5651 80.0 
33 6613 81.0 
36 7239 82.0 
40 8065 83.0 
47 9453 84.0 
50 10119 85.0 
51 10265 86.0 
58 11691 87.0 
71 14397 88.0 
77 15465 89.0 
81 16309 90.0 
93 18665 91.0 
==== END RUN ====
0 1 54.0 
0 9 56.0 
0 10 57.0 
0 27 59.0 
0 114 60.0 
0 116 64.0 
1 208 67.0 
14 2897 68.0 
15 3161 69.0 
18 3661 71.0 
21 4322 72.0 
28 5713 73.0 
35 7061 74.0 
39 7935 75.0 
46 9319 76.0 
49 9827 77.0 
52 10489 79.0 
60 12139 80.0 
70 14177 81.0 
84 16897 82.0 
101 20353 83.0 
==== END RUN ====
0 1 47.0 
0 2 49.0 
0 3 53.0 
0 6 56.0 
0 12 57.0 
0 15 58.0 
0 36 60.0 
0 73 63.0 
1 367 64.0 
2 477 65.0 
4 801 66.0 
6 1207 69.0 
7 1416 71.0 
11 2225 72.0 
15 3111 73.0 
16 3283 74.0 
20 4013 75.0 
22 4539 76.0 
26 5229 77.0 
30 6061 78.0 
32 6415 79.0 
34 6861 80.0 
37 7473 81.0 
39 7975 82.0 
42 8493 83.0 
45 9049 84.0 
48 9625 85.0 
55 11071 86.0 
61 12391 87.0 
79 15843 88.0 
80 16195 89.0 
==== END RUN ====
