0 1 52.0 
0 2 61.0 
1 24 62.0 
3 74 64.0 
8 175 67.0 
10 216 72.0 
16 330 73.0 
20 403 77.0 
28 578 79.0 
31 631 80.0 
31 636 81.0 
33 678 82.0 
35 708 83.0 
35 712 87.0 
40 815 88.0 
47 948 89.0 
48 963 90.0 
52 1045 91.0 
52 1057 92.0 
57 1142 94.0 
61 1228 95.0 
61 1233 96.0 
66 1325 97.0 
70 1418 98.0 
74 1483 99.0 
79 1597 100.0 
==== END RUN ====
0 1 48.0 
0 2 55.0 
0 7 57.0 
1 32 59.0 
2 41 61.0 
5 114 64.0 
7 146 65.0 
9 182 66.0 
12 257 71.0 
13 262 74.0 
13 269 75.0 
24 499 76.0 
27 551 79.0 
33 677 82.0 
37 748 84.0 
38 777 87.0 
39 792 88.0 
45 908 91.0 
53 1076 92.0 
55 1111 93.0 
55 1119 94.0 
62 1256 95.0 
64 1285 97.0 
69 1387 98.0 
73 1469 100.0 
==== END RUN ====
0 1 50.0 
0 7 52.0 
0 16 55.0 
1 26 57.0 
2 44 62.0 
3 61 63.0 
5 105 65.0 
7 156 67.0 
11 229 69.0 
14 287 71.0 
15 302 72.0 
18 362 73.0 
21 423 76.0 
21 429 77.0 
27 559 80.0 
32 650 81.0 
34 690 83.0 
34 693 84.0 
41 824 85.0 
44 897 86.0 
45 913 92.0 
58 1161 93.0 
63 1262 94.0 
65 1302 96.0 
68 1362 97.0 
74 1492 98.0 
76 1538 99.0 
83 1680 100.0 
==== END RUN ====
0 1 53.0 
0 2 61.0 
0 8 62.0 
3 74 63.0 
5 117 65.0 
7 160 68.0 
10 220 76.0 
20 413 78.0 
26 526 80.0 
31 633 81.0 
34 681 87.0 
44 888 88.0 
44 894 89.0 
46 939 90.0 
47 958 91.0 
48 971 92.0 
51 1036 93.0 
56 1126 96.0 
67 1342 97.0 
72 1442 98.0 
74 1481 99.0 
78 1562 100.0 
==== END RUN ====
0 1 55.0 
0 16 58.0 
1 23 59.0 
2 58 63.0 
3 76 65.0 
7 156 70.0 
16 340 73.0 
18 369 75.0 
21 427 77.0 
25 502 78.0 
27 550 82.0 
28 576 83.0 
32 656 84.0 
33 670 85.0 
37 752 87.0 
41 823 89.0 
45 904 91.0 
50 1013 92.0 
51 1022 93.0 
54 1090 94.0 
55 1106 95.0 
60 1215 97.0 
68 1364 98.0 
70 1406 99.0 
79 1596 100.0 
==== END RUN ====
0 1 52.0 
0 7 55.0 
0 17 58.0 
1 30 60.0 
2 45 62.0 
4 83 66.0 
5 117 68.0 
7 151 69.0 
12 256 72.0 
17 359 73.0 
18 369 76.0 
24 481 79.0 
28 564 80.0 
28 567 82.0 
33 678 83.0 
37 747 84.0 
39 799 86.0 
42 849 87.0 
42 859 89.0 
47 941 90.0 
50 1003 91.0 
51 1030 92.0 
55 1112 93.0 
57 1144 95.0 
62 1245 96.0 
64 1297 98.0 
73 1471 99.0 
80 1605 100.0 
==== END RUN ====
0 1 58.0 
0 9 59.0 
0 15 61.0 
2 52 65.0 
5 107 67.0 
8 164 70.0 
12 250 71.0 
17 342 72.0 
21 426 73.0 
22 457 74.0 
23 468 77.0 
29 599 80.0 
33 662 81.0 
35 713 82.0 
35 717 83.0 
38 763 86.0 
39 782 88.0 
48 969 90.0 
52 1056 91.0 
54 1086 93.0 
57 1144 94.0 
62 1248 95.0 
65 1307 97.0 
69 1384 99.0 
77 1559 100.0 
==== END RUN ====
0 1 52.0 
0 14 59.0 
2 44 60.0 
3 65 61.0 
6 128 63.0 
8 168 64.0 
11 222 66.0 
12 245 68.0 
13 268 71.0 
18 369 72.0 
19 381 74.0 
22 457 75.0 
23 473 76.0 
25 513 77.0 
28 561 79.0 
29 592 81.0 
34 684 82.0 
35 705 84.0 
43 877 88.0 
47 948 90.0 
49 998 92.0 
55 1118 93.0 
60 1205 94.0 
63 1280 95.0 
64 1285 97.0 
67 1359 98.0 
75 1508 99.0 
77 1548 100.0 
==== END RUN ====
0 1 56.0 
0 2 58.0 
0 10 61.0 
3 63 62.0 
4 89 63.0 
7 150 66.0 
9 192 67.0 
10 206 68.0 
12 247 69.0 
12 259 70.0 
14 291 71.0 
14 296 72.0 
22 444 74.0 
23 461 75.0 
23 466 76.0 
25 511 77.0 
27 550 81.0 
36 724 82.0 
38 764 83.0 
38 778 87.0 
44 890 88.0 
46 939 89.0 
49 985 90.0 
51 1030 93.0 
58 1174 94.0 
59 1197 96.0 
64 1289 97.0 
65 1311 98.0 
73 1475 99.0 
78 1567 100.0 
==== END RUN ====
0 1 57.0 
3 61 62.0 
5 101 63.0 
5 119 64.0 
6 128 65.0 
8 168 68.0 
13 268 72.0 
14 283 73.0 
19 385 75.0 
23 465 76.0 
24 481 78.0 
27 551 81.0 
30 610 83.0 
37 741 87.0 
43 864 91.0 
53 1064 93.0 
60 1201 94.0 
65 1319 95.0 
67 1346 96.0 
69 1383 97.0 
71 1421 99.0 
85 1710 100.0 
==== END RUN ====
0 1 42.0 
0 2 48.0 
0 3 53.0 
0 9 55.0 
0 13 58.0 
1 37 60.0 
2 49 61.0 
4 86 62.0 
4 96 63.0 
6 127 64.0 
6 131 65.0 
13 265 66.0 
13 272 67.0 
13 273 69.0 
14 298 70.0 
19 384 71.0 
20 415 79.0 
28 570 80.0 
34 686 84.0 
35 719 87.0 
43 878 89.0 
48 965 90.0 
50 1014 92.0 
52 1046 93.0 
56 1125 96.0 
64 1295 99.0 
69 1400 100.0 
==== END RUN ====
0 1 55.0 
0 12 56.0 
1 21 57.0 
1 35 62.0 
8 169 66.0 
11 222 71.0 
19 399 72.0 
22 442 74.0 
22 460 75.0 
24 493 79.0 
32 651 80.0 
34 682 81.0 
34 694 82.0 
37 747 83.0 
40 801 84.0 
41 833 85.0 
43 871 88.0 
47 956 90.0 
55 1102 91.0 
56 1136 92.0 
58 1162 93.0 
62 1251 94.0 
63 1274 95.0 
67 1355 96.0 
69 1390 97.0 
74 1496 99.0 
80 1605 100.0 
==== END RUN ====
0 1 54.0 
0 11 57.0 
0 12 58.0 
1 25 62.0 
3 68 63.0 
4 97 65.0 
7 158 67.0 
8 163 70.0 
10 219 71.0 
12 244 74.0 
16 325 75.0 
21 423 78.0 
26 537 79.0 
28 569 81.0 
29 583 83.0 
33 661 84.0 
36 734 86.0 
37 745 88.0 
46 926 90.0 
47 941 92.0 
51 1022 93.0 
54 1097 94.0 
54 1099 96.0 
60 1213 97.0 
64 1289 98.0 
65 1301 99.0 
71 1440 100.0 
==== END RUN ====
0 1 59.0 
1 32 60.0 
2 45 63.0 
6 128 68.0 
13 264 72.0 
18 366 77.0 
29 588 79.0 
32 650 80.0 
33 661 85.0 
39 795 86.0 
44 883 87.0 
44 897 90.0 
47 954 91.0 
49 997 94.0 
60 1203 96.0 
69 1396 97.0 
77 1555 99.0 
86 1734 100.0 
==== END RUN ====
0 1 49.0 
0 5 53.0 
0 8 61.0 
1 28 64.0 
8 177 65.0 
14 300 68.0 
16 330 71.0 
20 417 72.0 
22 454 73.0 
26 536 75.0 
28 562 76.0 
29 600 77.0 
30 603 78.0 
30 617 79.0 
34 684 80.0 
35 709 84.0 
41 826 87.0 
46 927 90.0 
48 973 91.0 
55 1105 93.0 
56 1137 94.0 
65 1307 96.0 
70 1417 97.0 
76 1535 98.0 
80 1604 99.0 
86 1734 100.0 
==== END RUN ====
0 1 53.0 
0 14 60.0 
1 30 63.0 
5 120 72.0 
19 382 74.0 
20 413 76.0 
20 416 77.0 
27 549 79.0 
31 624 81.0 
33 661 82.0 
35 715 83.0 
39 788 86.0 
44 898 88.0 
48 978 90.0 
54 1085 92.0 
57 1143 93.0 
57 1151 94.0 
58 1176 95.0 
64 1286 96.0 
66 1330 98.0 
78 1567 99.0 
84 1683 100.0 
==== END RUN ====
0 1 59.0 
0 3 60.0 
1 22 61.0 
5 102 68.0 
12 248 69.0 
13 261 75.0 
24 489 76.0 
27 557 77.0 
28 563 78.0 
31 634 83.0 
34 684 85.0 
42 846 86.0 
44 898 88.0 
47 956 89.0 
51 1027 92.0 
56 1136 94.0 
65 1305 95.0 
66 1333 96.0 
70 1417 97.0 
74 1492 98.0 
74 1498 99.0 
83 1678 100.0 
==== END RUN ====
0 1 54.0 
0 2 58.0 
2 52 61.0 
5 117 62.0 
6 125 65.0 
7 147 73.0 
13 267 74.0 
20 406 76.0 
22 450 77.0 
22 454 78.0 
29 581 80.0 
32 656 84.0 
39 796 87.0 
40 801 91.0 
45 905 92.0 
52 1043 93.0 
53 1064 95.0 
59 1190 96.0 
64 1286 97.0 
67 1346 98.0 
71 1436 99.0 
80 1607 100.0 
==== END RUN ====
0 1 55.0 
0 16 56.0 
0 18 60.0 
1 24 63.0 
4 81 65.0 
6 136 66.0 
7 151 72.0 
16 322 73.0 
23 461 79.0 
23 479 80.0 
31 638 81.0 
33 667 83.0 
37 746 84.0 
38 778 85.0 
45 905 88.0 
46 937 90.0 
53 1078 95.0 
66 1322 97.0 
69 1388 98.0 
74 1492 99.0 
76 1522 100.0 
==== END RUN ====
0 1 47.0 
0 3 54.0 
0 14 57.0 
1 36 59.0 
1 38 62.0 
5 114 64.0 
9 192 65.0 
10 214 68.0 
12 242 71.0 
17 349 73.0 
23 468 76.0 
27 547 79.0 
29 588 81.0 
37 758 82.0 
41 838 83.0 
42 847 84.0 
42 852 86.0 
46 937 87.0 
47 941 89.0 
51 1033 91.0 
56 1136 94.0 
65 1320 97.0 
75 1508 98.0 
77 1554 99.0 
82 1653 100.0 
==== END RUN ====
0 1 55.0 
0 5 58.0 
0 11 61.0 
1 34 64.0 
2 44 68.0 
11 221 70.0 
12 252 72.0 
13 265 76.0 
26 524 77.0 
27 550 80.0 
31 621 83.0 
33 675 84.0 
36 726 86.0 
40 806 87.0 
43 878 88.0 
47 958 90.0 
52 1049 91.0 
53 1079 93.0 
59 1192 94.0 
62 1257 97.0 
73 1476 98.0 
79 1589 99.0 
81 1625 100.0 
==== END RUN ====
0 1 50.0 
0 2 54.0 
0 12 57.0 
1 30 59.0 
3 77 60.0 
5 102 63.0 
9 194 64.0 
11 229 67.0 
14 298 71.0 
17 354 73.0 
21 423 74.0 
22 442 76.0 
25 511 82.0 
33 670 84.0 
38 766 85.0 
45 907 87.0 
46 921 88.0 
49 982 90.0 
51 1040 91.0 
56 1126 92.0 
60 1207 93.0 
61 1232 94.0 
63 1261 95.0 
67 1350 96.0 
71 1435 98.0 
77 1555 100.0 
==== END RUN ====
0 1 46.0 
0 2 48.0 
0 3 52.0 
0 11 55.0 
0 13 58.0 
0 16 60.0 
2 55 63.0 
3 65 64.0 
7 142 68.0 
12 242 71.0 
13 274 72.0 
16 336 74.0 
18 376 75.0 
20 414 77.0 
22 454 79.0 
29 592 80.0 
30 611 83.0 
32 642 86.0 
36 737 87.0 
43 873 89.0 
45 904 91.0 
51 1021 94.0 
55 1115 95.0 
57 1157 96.0 
65 1306 97.0 
70 1409 98.0 
71 1435 100.0 
==== END RUN ====
0 1 51.0 
0 2 55.0 
0 10 60.0 
2 49 64.0 
3 75 65.0 
7 142 71.0 
14 295 76.0 
23 461 77.0 
26 524 81.0 
30 613 82.0 
34 685 88.0 
50 1001 90.0 
51 1026 92.0 
51 1033 94.0 
60 1202 96.0 
68 1373 98.0 
78 1569 99.0 
80 1618 100.0 
==== END RUN ====
0 1 44.0 
0 3 52.0 
0 8 56.0 
0 20 58.0 
2 58 63.0 
6 129 66.0 
9 197 67.0 
11 221 69.0 
16 323 70.0 
17 348 73.0 
20 406 75.0 
22 442 76.0 
22 448 79.0 
31 621 82.0 
36 739 83.0 
37 750 84.0 
40 805 85.0 
41 834 86.0 
41 840 87.0 
46 932 88.0 
48 970 89.0 
51 1024 92.0 
57 1142 94.0 
63 1268 95.0 
65 1306 96.0 
69 1387 97.0 
72 1451 99.0 
84 1690 100.0 
==== END RUN ====
0 1 49.0 
0 2 51.0 
0 3 56.0 
0 8 59.0 
0 19 60.0 
4 92 63.0 
7 143 64.0 
7 159 65.0 
9 188 69.0 
15 302 72.0 
16 329 73.0 
18 379 74.0 
20 413 76.0 
28 566 79.0 
29 581 81.0 
29 583 82.0 
38 775 84.0 
41 839 86.0 
47 943 87.0 
48 977 88.0 
49 984 89.0 
50 1015 91.0 
58 1174 92.0 
60 1201 93.0 
64 1286 94.0 
64 1298 95.0 
66 1329 97.0 
76 1531 99.0 
88 1762 100.0 
==== END RUN ====
0 1 58.0 
2 41 61.0 
3 78 62.0 
4 98 64.0 
4 99 66.0 
5 105 72.0 
19 392 75.0 
21 429 77.0 
27 559 79.0 
31 633 80.0 
34 685 82.0 
37 760 84.0 
40 803 85.0 
40 805 86.0 
41 836 88.0 
43 869 90.0 
45 911 91.0 
49 988 92.0 
49 1000 93.0 
55 1104 95.0 
57 1154 96.0 
67 1359 97.0 
71 1424 99.0 
84 1681 100.0 
==== END RUN ====
0 1 56.0 
0 11 57.0 
1 21 58.0 
1 34 64.0 
7 154 68.0 
9 183 73.0 
14 293 74.0 
16 340 75.0 
22 447 76.0 
24 499 77.0 
25 518 78.0 
26 522 79.0 
27 549 81.0 
36 721 83.0 
37 741 84.0 
40 813 87.0 
45 910 89.0 
49 994 90.0 
50 1019 91.0 
53 1069 93.0 
60 1209 96.0 
66 1324 97.0 
70 1405 98.0 
75 1501 99.0 
78 1561 100.0 
==== END RUN ====
0 1 47.0 
0 2 55.0 
0 13 57.0 
0 14 58.0 
0 16 60.0 
2 49 62.0 
7 149 63.0 
9 188 71.0 
18 362 74.0 
22 456 75.0 
24 484 77.0 
27 556 81.0 
28 570 82.0 
35 701 83.0 
37 741 84.0 
37 758 87.0 
41 838 88.0 
44 890 89.0 
50 1015 90.0 
52 1049 93.0 
56 1125 94.0 
61 1233 95.0 
67 1355 96.0 
68 1379 97.0 
73 1473 98.0 
74 1491 99.0 
77 1546 100.0 
==== END RUN ====
0 1 48.0 
0 2 58.0 
3 70 59.0 
4 86 62.0 
5 117 63.0 
6 128 65.0 
7 158 70.0 
11 229 74.0 
22 443 75.0 
26 526 76.0 
27 550 78.0 
33 680 81.0 
34 681 83.0 
40 814 85.0 
44 895 87.0 
47 952 90.0 
52 1052 91.0 
57 1157 92.0 
59 1187 94.0 
62 1254 95.0 
67 1356 96.0 
69 1393 97.0 
76 1521 98.0 
77 1557 99.0 
86 1724 100.0 
==== END RUN ====
0 1 49.0 
0 3 53.0 
0 7 56.0 
0 20 58.0 
2 59 59.0 
3 71 60.0 
4 98 64.0 
5 120 66.0 
12 242 67.0 
13 267 71.0 
18 363 72.0 
19 387 73.0 
22 457 75.0 
27 546 76.0 
27 555 83.0 
34 693 84.0 
40 806 87.0 
45 919 88.0 
48 977 90.0 
53 1061 91.0 
55 1101 96.0 
71 1429 97.0 
73 1466 98.0 
75 1504 99.0 
88 1769 100.0 
==== END RUN ====
0 1 42.0 
0 2 50.0 
0 4 55.0 
0 9 57.0 
0 14 58.0 
1 24 59.0 
2 46 60.0 
2 58 61.0 
3 67 63.0 
6 121 65.0 
11 228 66.0 
12 245 67.0 
13 269 68.0 
13 279 70.0 
16 321 73.0 
18 378 77.0 
21 430 79.0 
24 493 80.0 
27 542 86.0 
42 854 91.0 
46 927 92.0 
53 1072 94.0 
55 1104 95.0 
58 1162 96.0 
62 1251 97.0 
67 1353 98.0 
70 1406 99.0 
78 1561 100.0 
==== END RUN ====
0 1 45.0 
0 2 57.0 
0 13 58.0 
1 23 61.0 
5 106 64.0 
8 163 66.0 
10 215 68.0 
14 299 70.0 
15 317 71.0 
16 323 77.0 
22 460 78.0 
23 469 80.0 
32 643 83.0 
35 705 85.0 
36 732 87.0 
37 759 89.0 
39 793 91.0 
47 953 92.0 
52 1052 93.0 
53 1078 95.0 
54 1081 97.0 
65 1301 98.0 
72 1446 100.0 
==== END RUN ====
0 1 51.0 
0 3 54.0 
0 4 55.0 
0 8 59.0 
0 20 60.0 
1 37 61.0 
6 129 71.0 
17 344 76.0 
20 405 79.0 
22 450 81.0 
34 699 82.0 
36 739 84.0 
37 756 85.0 
41 839 86.0 
42 850 87.0 
43 869 88.0 
43 877 89.0 
50 1003 91.0 
52 1049 93.0 
53 1067 95.0 
56 1124 97.0 
68 1372 99.0 
78 1580 100.0 
==== END RUN ====
0 1 53.0 
0 2 55.0 
0 3 56.0 
0 13 58.0 
1 40 61.0 
3 61 66.0 
3 64 68.0 
7 142 69.0 
8 165 73.0 
19 384 74.0 
21 424 76.0 
24 498 78.0 
27 552 81.0 
33 662 82.0 
34 689 83.0 
36 738 84.0 
37 748 88.0 
45 913 89.0 
48 972 90.0 
50 1005 93.0 
58 1168 94.0 
60 1215 95.0 
61 1230 96.0 
64 1288 97.0 
65 1308 98.0 
72 1443 99.0 
74 1485 100.0 
==== END RUN ====
0 1 49.0 
0 4 50.0 
0 11 56.0 
1 39 57.0 
2 41 61.0 
2 57 64.0 
5 119 65.0 
6 127 67.0 
9 191 69.0 
12 259 72.0 
20 420 75.0 
24 485 77.0 
25 513 78.0 
29 586 79.0 
31 635 84.0 
33 670 85.0 
38 773 86.0 
41 824 88.0 
47 958 90.0 
53 1079 92.0 
55 1114 93.0 
60 1219 94.0 
62 1242 95.0 
66 1331 96.0 
66 1340 97.0 
71 1433 98.0 
75 1505 99.0 
79 1593 100.0 
==== END RUN ====
0 1 48.0 
0 2 50.0 
0 3 53.0 
0 13 57.0 
1 37 61.0 
4 91 63.0 
6 126 64.0 
9 186 67.0 
10 215 68.0 
13 274 70.0 
16 330 71.0 
17 359 72.0 
19 381 75.0 
20 409 77.0 
21 422 78.0 
23 469 80.0 
30 606 82.0 
30 607 88.0 
44 881 89.0 
45 902 90.0 
47 948 91.0 
52 1058 94.0 
58 1162 95.0 
62 1256 96.0 
65 1302 98.0 
68 1372 99.0 
77 1560 100.0 
==== END RUN ====
0 1 39.0 
0 2 49.0 
0 5 50.0 
0 10 54.0 
0 12 56.0 
1 21 57.0 
1 31 58.0 
2 44 63.0 
7 148 66.0 
9 191 68.0 
11 228 70.0 
11 238 73.0 
18 376 74.0 
19 387 75.0 
22 446 78.0 
26 526 81.0 
34 686 82.0 
34 696 83.0 
35 709 84.0 
38 776 86.0 
40 801 88.0 
44 883 90.0 
44 889 91.0 
48 965 92.0 
52 1050 93.0 
56 1123 94.0 
58 1174 95.0 
65 1302 97.0 
69 1390 98.0 
75 1516 99.0 
82 1644 100.0 
==== END RUN ====
0 1 52.0 
0 3 53.0 
0 4 57.0 
0 19 58.0 
1 35 62.0 
5 110 63.0 
5 114 67.0 
11 235 69.0 
13 261 71.0 
19 392 72.0 
20 417 74.0 
22 457 75.0 
26 522 80.0 
30 605 83.0 
33 665 85.0 
38 766 86.0 
40 804 87.0 
41 822 88.0 
48 968 91.0 
48 974 92.0 
55 1114 94.0 
63 1269 95.0 
67 1359 96.0 
68 1376 98.0 
78 1564 99.0 
84 1690 100.0 
==== END RUN ====
0 1 48.0 
0 3 49.0 
0 4 51.0 
0 5 52.0 
0 6 60.0 
4 90 63.0 
4 99 65.0 
9 190 66.0 
10 207 71.0 
12 247 73.0 
18 362 74.0 
18 379 77.0 
23 470 78.0 
23 477 80.0 
27 559 82.0 
32 658 84.0 
35 719 85.0 
39 790 87.0 
42 842 88.0 
46 927 89.0 
46 928 91.0 
51 1034 93.0 
53 1070 94.0 
60 1210 96.0 
60 1218 98.0 
74 1498 99.0 
77 1549 100.0 
==== END RUN ====
0 1 44.0 
0 2 51.0 
0 5 52.0 
0 7 54.0 
0 12 56.0 
0 13 57.0 
1 36 60.0 
3 61 61.0 
3 79 62.0 
5 117 67.0 
11 240 71.0 
15 304 73.0 
19 385 74.0 
19 387 76.0 
23 479 78.0 
26 529 79.0 
29 588 82.0 
31 631 85.0 
39 782 86.0 
40 802 88.0 
46 927 89.0 
50 1001 92.0 
51 1027 93.0 
55 1112 94.0 
58 1176 95.0 
60 1210 96.0 
63 1264 97.0 
70 1401 98.0 
71 1440 99.0 
72 1442 100.0 
==== END RUN ====
0 1 50.0 
0 3 52.0 
0 5 55.0 
1 24 62.0 
5 101 66.0 
6 127 67.0 
8 172 68.0 
11 238 71.0 
14 296 73.0 
20 401 77.0 
22 443 78.0 
24 494 81.0 
28 571 82.0 
32 645 83.0 
36 721 84.0 
37 746 87.0 
44 891 90.0 
46 926 91.0 
50 1019 92.0 
54 1096 95.0 
59 1187 98.0 
81 1635 100.0 
==== END RUN ====
0 1 48.0 
0 2 49.0 
0 5 54.0 
0 10 60.0 
1 31 65.0 
5 107 71.0 
9 190 73.0 
18 379 74.0 
22 459 77.0 
24 484 79.0 
26 527 80.0 
33 680 82.0 
34 694 83.0 
36 722 86.0 
40 809 87.0 
40 815 91.0 
42 857 92.0 
56 1136 93.0 
58 1161 94.0 
59 1187 96.0 
65 1310 98.0 
70 1406 100.0 
==== END RUN ====
0 1 48.0 
0 2 52.0 
0 4 60.0 
1 24 62.0 
2 41 63.0 
3 74 66.0 
6 139 67.0 
7 154 70.0 
13 277 71.0 
15 313 72.0 
16 340 73.0 
17 356 74.0 
19 400 77.0 
25 505 80.0 
26 526 83.0 
31 633 84.0 
36 732 85.0 
40 820 87.0 
41 825 89.0 
45 906 93.0 
55 1105 97.0 
68 1372 98.0 
72 1455 99.0 
74 1481 100.0 
==== END RUN ====
0 1 39.0 
0 2 50.0 
0 3 51.0 
0 7 55.0 
1 21 58.0 
1 36 61.0 
1 40 63.0 
4 83 64.0 
4 89 67.0 
10 216 69.0 
12 244 71.0 
16 321 76.0 
23 475 78.0 
30 604 79.0 
31 631 81.0 
33 676 82.0 
36 729 84.0 
39 786 85.0 
42 848 86.0 
43 866 88.0 
44 884 89.0 
45 905 90.0 
49 995 91.0 
53 1067 92.0 
54 1094 93.0 
58 1166 94.0 
62 1258 95.0 
65 1303 96.0 
67 1353 97.0 
69 1400 98.0 
77 1549 99.0 
80 1603 100.0 
==== END RUN ====
0 1 45.0 
0 3 58.0 
0 15 63.0 
6 121 65.0 
11 239 66.0 
12 248 72.0 
20 408 74.0 
21 424 77.0 
26 533 79.0 
30 616 81.0 
33 668 83.0 
35 716 88.0 
42 854 90.0 
47 943 92.0 
56 1122 93.0 
56 1123 94.0 
56 1127 96.0 
71 1423 97.0 
76 1540 99.0 
84 1685 100.0 
==== END RUN ====
0 1 54.0 
0 9 60.0 
0 16 61.0 
1 23 62.0 
4 99 66.0 
5 111 68.0 
9 200 69.0 
10 218 71.0 
11 224 72.0 
13 278 74.0 
14 292 76.0 
23 463 81.0 
26 530 82.0 
31 627 83.0 
35 709 90.0 
54 1096 92.0 
56 1128 93.0 
57 1147 94.0 
59 1190 96.0 
63 1271 97.0 
69 1383 99.0 
77 1551 100.0 
==== END RUN ====
0 1 48.0 
0 2 57.0 
0 16 60.0 
1 29 62.0 
2 51 65.0 
5 115 66.0 
8 178 69.0 
11 237 73.0 
17 355 74.0 
19 386 75.0 
21 431 76.0 
22 450 77.0 
25 513 81.0 
34 689 82.0 
34 690 84.0 
39 784 89.0 
47 943 91.0 
50 1001 92.0 
50 1004 94.0 
62 1249 95.0 
66 1332 97.0 
70 1417 98.0 
73 1471 99.0 
81 1637 100.0 
==== END RUN ====
0 1 51.0 
0 5 53.0 
0 8 57.0 
1 30 65.0 
6 135 67.0 
11 227 69.0 
12 242 73.0 
16 334 75.0 
23 463 76.0 
23 475 79.0 
27 560 80.0 
30 606 81.0 
30 607 82.0 
35 701 83.0 
36 731 84.0 
38 766 87.0 
45 901 89.0 
49 982 91.0 
52 1060 92.0 
54 1099 93.0 
58 1162 94.0 
59 1181 95.0 
61 1239 96.0 
62 1244 98.0 
68 1364 99.0 
73 1467 100.0 
==== END RUN ====
0 1 47.0 
0 3 52.0 
0 7 58.0 
1 22 59.0 
4 95 63.0 
5 114 68.0 
11 224 69.0 
15 315 71.0 
17 341 75.0 
21 421 77.0 
23 468 78.0 
25 503 79.0 
27 553 81.0 
34 700 84.0 
38 775 87.0 
40 802 88.0 
41 827 89.0 
48 968 90.0 
54 1082 92.0 
56 1140 94.0 
60 1202 95.0 
64 1283 96.0 
65 1319 97.0 
75 1512 98.0 
81 1630 100.0 
==== END RUN ====
