0 1 45.0 
0 3 55.0 
0 16 56.0 
0 18 61.0 
0 97 63.0 
0 319 65.0 
2 1007 66.0 
4 1651 69.0 
23 9514 70.0 
39 15665 71.0 
40 16188 75.0 
46 18770 77.0 
69 27711 80.0 
90 36189 82.0 
110 44295 84.0 
120 48303 85.0 
134 53994 86.0 
139 55633 89.0 
152 61050 91.0 
163 65250 92.0 
186 74533 93.0 
192 77021 94.0 
215 86233 95.0 
228 91455 96.0 
230 92231 97.0 
255 102111 98.0 
256 102767 99.0 
282 113043 100.0 
==== END RUN ====
0 1 50.0 
0 2 56.0 
0 15 58.0 
0 18 60.0 
0 61 61.0 
0 120 63.0 
0 156 64.0 
1 718 66.0 
8 3367 67.0 
13 5257 70.0 
13 5450 72.0 
16 6484 74.0 
56 22662 75.0 
56 22797 76.0 
68 27449 78.0 
79 31703 80.0 
91 36660 81.0 
104 41773 82.0 
111 44680 83.0 
114 45739 86.0 
128 51309 90.0 
165 66347 91.0 
173 69313 93.0 
179 71837 94.0 
213 85251 96.0 
233 93567 98.0 
263 105305 99.0 
293 117531 100.0 
==== END RUN ====
0 1 44.0 
0 2 49.0 
0 3 53.0 
0 5 54.0 
0 10 65.0 
7 2857 70.0 
18 7273 72.0 
27 10904 73.0 
37 14952 74.0 
58 23355 75.0 
69 27685 77.0 
81 32769 79.0 
88 35233 80.0 
104 41791 81.0 
121 48677 83.0 
131 52511 85.0 
143 57555 86.0 
151 60699 88.0 
161 64475 89.0 
165 66373 93.0 
225 90301 94.0 
234 93761 95.0 
256 102760 97.0 
269 107971 98.0 
291 116765 99.0 
295 118149 100.0 
==== END RUN ====
0 1 55.0 
0 5 56.0 
0 15 61.0 
0 75 64.0 
0 241 68.0 
11 4717 69.0 
15 6025 70.0 
25 10205 71.0 
39 15763 72.0 
43 17389 74.0 
50 20225 75.0 
60 24200 76.0 
70 28184 77.0 
73 29527 78.0 
86 34557 81.0 
111 44445 82.0 
121 48719 83.0 
130 52183 84.0 
137 54983 85.0 
146 58581 87.0 
153 61359 88.0 
171 68458 89.0 
173 69505 91.0 
190 76311 94.0 
205 82321 95.0 
228 91227 96.0 
256 102723 97.0 
269 107657 98.0 
272 109053 99.0 
309 123669 100.0 
==== END RUN ====
0 1 52.0 
0 2 53.0 
0 11 55.0 
0 28 56.0 
0 32 63.0 
0 45 65.0 
2 1017 66.0 
3 1213 67.0 
10 4226 68.0 
16 6505 70.0 
23 9435 71.0 
29 11715 73.0 
45 18207 74.0 
62 24981 77.0 
72 29011 79.0 
87 35150 81.0 
94 37957 82.0 
102 40886 85.0 
106 42675 87.0 
144 57925 88.0 
146 58517 89.0 
151 60617 90.0 
182 73189 91.0 
192 76887 93.0 
212 85142 94.0 
225 90074 97.0 
250 100071 98.0 
281 112543 99.0 
295 118281 100.0 
==== END RUN ====
0 1 46.0 
0 2 52.0 
0 3 53.0 
0 19 56.0 
0 23 61.0 
0 51 63.0 
0 170 66.0 
0 259 70.0 
17 6805 71.0 
20 8041 72.0 
30 12071 73.0 
44 17921 74.0 
57 22983 80.0 
90 36353 83.0 
102 40941 84.0 
120 48013 86.0 
136 54424 89.0 
155 62327 91.0 
178 71541 93.0 
193 77208 95.0 
227 91141 96.0 
236 94407 97.0 
255 102243 98.0 
274 109795 99.0 
305 122343 100.0 
==== END RUN ====
0 1 48.0 
0 2 49.0 
0 4 51.0 
0 5 52.0 
0 12 53.0 
0 16 55.0 
0 32 60.0 
0 118 61.0 
0 167 62.0 
1 564 64.0 
1 758 69.0 
26 10732 70.0 
34 13626 71.0 
35 14268 73.0 
49 19948 74.0 
56 22585 75.0 
59 23637 76.0 
76 30464 77.0 
84 33753 78.0 
99 39967 81.0 
120 48167 84.0 
142 56839 86.0 
151 60579 87.0 
163 65211 90.0 
187 75197 92.0 
214 85679 93.0 
215 86062 94.0 
218 87451 95.0 
251 100563 96.0 
257 103017 97.0 
275 110031 98.0 
301 120455 99.0 
313 125409 100.0 
==== END RUN ====
0 1 63.0 
0 136 65.0 
4 1693 67.0 
4 1983 69.0 
15 6042 71.0 
34 13615 72.0 
35 14001 74.0 
62 25174 77.0 
70 28269 78.0 
91 36787 80.0 
93 37373 81.0 
119 47881 82.0 
120 48109 83.0 
122 49160 85.0 
147 59145 87.0 
165 66063 90.0 
175 70365 91.0 
193 77487 92.0 
219 87811 93.0 
221 88751 94.0 
232 93199 95.0 
239 95789 96.0 
242 96933 97.0 
269 107767 98.0 
293 117595 99.0 
303 121527 100.0 
==== END RUN ====
0 1 54.0 
0 5 56.0 
0 7 57.0 
0 13 59.0 
0 25 66.0 
5 2333 67.0 
6 2762 70.0 
31 12625 71.0 
33 13504 73.0 
37 14965 75.0 
69 27969 80.0 
98 39402 81.0 
110 44324 82.0 
128 51251 83.0 
139 55877 85.0 
148 59359 86.0 
149 59651 87.0 
161 64603 88.0 
181 72465 91.0 
187 75133 92.0 
201 80763 93.0 
219 87823 95.0 
245 98199 97.0 
277 110813 98.0 
306 122415 99.0 
314 125675 100.0 
==== END RUN ====
0 1 57.0 
0 18 58.0 
0 42 63.0 
0 50 64.0 
1 635 65.0 
4 1746 67.0 
14 5671 68.0 
16 6637 69.0 
24 9917 70.0 
31 12413 72.0 
39 15933 75.0 
49 19762 77.0 
60 24141 78.0 
72 28981 79.0 
80 32103 80.0 
83 33395 81.0 
102 40942 83.0 
122 49113 84.0 
122 49119 86.0 
142 57181 87.0 
145 58151 92.0 
204 81840 93.0 
207 82969 94.0 
212 84995 95.0 
230 92111 96.0 
243 97353 97.0 
257 102895 98.0 
278 111527 99.0 
283 113223 100.0 
==== END RUN ====
0 1 48.0 
0 4 49.0 
0 5 50.0 
0 6 53.0 
0 17 61.0 
0 137 63.0 
0 143 64.0 
4 1601 66.0 
6 2410 67.0 
7 3001 68.0 
16 6698 69.0 
26 10737 76.0 
46 18603 77.0 
67 27039 79.0 
78 31387 82.0 
101 40739 83.0 
109 43785 84.0 
117 46915 85.0 
125 50257 86.0 
138 55214 87.0 
138 55375 89.0 
142 57147 90.0 
162 64951 92.0 
175 70053 93.0 
197 79188 95.0 
221 88770 96.0 
237 94841 97.0 
255 102102 98.0 
264 105871 99.0 
293 117383 100.0 
==== END RUN ====
0 1 53.0 
0 2 61.0 
0 211 63.0 
2 811 65.0 
2 857 66.0 
6 2455 70.0 
19 7618 72.0 
33 13277 76.0 
53 21557 78.0 
89 35774 79.0 
89 35797 80.0 
97 38808 82.0 
109 43853 84.0 
115 46261 85.0 
133 53552 86.0 
144 57629 87.0 
149 60000 88.0 
163 65435 89.0 
164 65695 91.0 
182 73165 92.0 
198 79485 93.0 
213 85595 94.0 
219 87621 95.0 
232 92833 97.0 
250 100163 98.0 
265 106393 99.0 
296 118581 100.0 
==== END RUN ====
0 1 58.0 
0 3 59.0 
0 22 60.0 
0 96 66.0 
4 1998 68.0 
10 4360 69.0 
15 6384 70.0 
27 10935 76.0 
62 24985 77.0 
71 28569 78.0 
86 34673 81.0 
100 40273 82.0 
112 45170 83.0 
135 54265 84.0 
136 54448 85.0 
136 54703 86.0 
144 57975 87.0 
154 61935 89.0 
155 62215 91.0 
181 72635 92.0 
205 82292 93.0 
217 86964 95.0 
220 88039 96.0 
260 104214 97.0 
266 106617 98.0 
285 114225 99.0 
321 128651 100.0 
==== END RUN ====
0 1 44.0 
0 2 47.0 
0 3 58.0 
0 15 61.0 
0 137 62.0 
0 145 64.0 
1 515 65.0 
5 2211 67.0 
10 4079 71.0 
25 10382 73.0 
45 18135 74.0 
48 19384 75.0 
58 23467 76.0 
65 26356 78.0 
66 26768 79.0 
90 36343 80.0 
108 43323 81.0 
117 47156 82.0 
125 50323 85.0 
132 52940 87.0 
156 62777 88.0 
170 68297 91.0 
181 72471 92.0 
212 85111 93.0 
215 86045 94.0 
229 91804 96.0 
256 102729 98.0 
291 116487 99.0 
324 129725 100.0 
==== END RUN ====
0 1 44.0 
0 2 50.0 
0 3 59.0 
0 8 63.0 
0 233 64.0 
6 2753 65.0 
7 2863 67.0 
12 5159 69.0 
15 6093 72.0 
37 14973 74.0 
49 19613 76.0 
53 21508 77.0 
61 24700 78.0 
64 25995 79.0 
76 30492 80.0 
86 34705 81.0 
90 36261 82.0 
108 43595 85.0 
126 50709 87.0 
150 60169 90.0 
157 62899 91.0 
177 70927 92.0 
196 78433 94.0 
225 90378 96.0 
240 96353 97.0 
263 105398 98.0 
264 105601 99.0 
305 122057 100.0 
==== END RUN ====
0 1 50.0 
0 5 54.0 
0 13 60.0 
0 25 66.0 
6 2412 68.0 
10 4273 72.0 
23 9271 73.0 
41 16625 74.0 
51 20448 75.0 
52 20832 77.0 
62 24832 79.0 
79 31671 80.0 
90 36215 81.0 
96 38464 82.0 
105 42399 83.0 
113 45589 84.0 
115 46063 85.0 
117 47077 88.0 
139 55860 91.0 
190 76077 93.0 
200 80043 94.0 
223 89561 95.0 
228 91229 97.0 
271 108429 98.0 
282 113015 99.0 
305 122089 100.0 
==== END RUN ====
0 1 40.0 
0 2 47.0 
0 7 55.0 
0 13 65.0 
1 409 66.0 
5 2056 68.0 
8 3383 70.0 
18 7295 73.0 
35 14164 74.0 
53 21234 76.0 
59 23737 80.0 
78 31279 81.0 
80 32251 82.0 
115 46329 84.0 
120 48232 87.0 
140 56031 89.0 
148 59431 90.0 
161 64652 91.0 
175 70362 92.0 
188 75247 93.0 
206 82430 94.0 
207 82949 97.0 
268 107211 98.0 
277 110851 99.0 
299 119973 100.0 
==== END RUN ====
0 1 40.0 
0 2 45.0 
0 3 47.0 
0 4 49.0 
0 5 52.0 
0 7 53.0 
0 9 56.0 
0 13 57.0 
0 34 61.0 
0 66 64.0 
1 664 66.0 
6 2507 68.0 
9 3869 70.0 
15 6389 71.0 
36 14509 73.0 
40 16034 74.0 
55 22217 77.0 
72 29133 78.0 
82 32976 79.0 
86 34429 80.0 
102 40933 83.0 
105 42339 84.0 
129 51836 86.0 
137 55047 87.0 
141 56405 90.0 
163 65269 93.0 
203 81597 94.0 
217 86819 95.0 
231 92771 96.0 
232 92902 97.0 
254 101725 99.0 
304 121929 100.0 
==== END RUN ====
0 1 54.0 
0 4 55.0 
0 7 56.0 
0 11 63.0 
0 138 65.0 
0 259 66.0 
1 627 67.0 
3 1213 71.0 
19 7987 73.0 
52 21158 75.0 
57 22827 76.0 
69 27607 77.0 
75 30071 78.0 
84 33725 80.0 
98 39215 81.0 
102 41036 82.0 
111 44757 83.0 
112 45079 84.0 
116 46749 86.0 
153 61339 87.0 
157 63080 88.0 
163 65217 89.0 
172 68893 92.0 
189 75905 93.0 
196 78688 94.0 
216 86641 95.0 
223 89523 96.0 
244 97943 97.0 
254 101997 98.0 
278 111439 99.0 
299 119603 100.0 
==== END RUN ====
0 1 50.0 
0 2 51.0 
0 4 60.0 
0 33 61.0 
0 63 63.0 
1 785 65.0 
3 1416 67.0 
5 2023 68.0 
10 4219 70.0 
26 10696 73.0 
26 10757 75.0 
60 24377 77.0 
70 28311 78.0 
78 31347 79.0 
84 33908 82.0 
118 47334 85.0 
119 47791 86.0 
124 49799 87.0 
153 61459 90.0 
174 69923 92.0 
192 76891 93.0 
207 82933 94.0 
217 87065 95.0 
220 88395 96.0 
253 101377 97.0 
267 107147 99.0 
300 120129 100.0 
==== END RUN ====
0 1 53.0 
0 3 56.0 
0 16 57.0 
0 27 58.0 
0 29 63.0 
0 246 64.0 
4 1641 67.0 
8 3514 68.0 
17 6993 69.0 
28 11279 70.0 
32 12824 71.0 
35 14197 72.0 
41 16541 73.0 
47 18869 74.0 
48 19542 75.0 
51 20717 77.0 
66 26625 79.0 
78 31430 80.0 
85 34306 81.0 
98 39328 83.0 
99 39849 84.0 
107 42999 85.0 
141 56778 87.0 
143 57251 88.0 
163 65563 89.0 
168 67521 90.0 
178 71457 91.0 
184 73617 93.0 
192 77139 95.0 
236 94414 96.0 
239 95617 97.0 
263 105235 98.0 
282 112963 99.0 
296 118561 100.0 
==== END RUN ====
0 1 55.0 
0 14 57.0 
0 23 60.0 
0 60 64.0 
0 299 65.0 
3 1391 66.0 
3 1512 68.0 
11 4444 70.0 
11 4466 72.0 
21 8493 73.0 
35 14225 77.0 
67 27149 78.0 
72 29050 79.0 
77 30863 81.0 
77 31088 82.0 
104 41640 84.0 
118 47415 85.0 
137 54901 87.0 
144 57735 88.0 
151 60567 89.0 
155 62219 90.0 
164 65703 91.0 
180 72337 94.0 
195 78371 95.0 
220 88055 96.0 
240 96307 97.0 
256 102414 98.0 
272 108911 99.0 
291 116439 100.0 
==== END RUN ====
0 1 55.0 
0 4 57.0 
0 20 60.0 
0 142 61.0 
0 211 63.0 
1 490 65.0 
1 536 66.0 
2 956 67.0 
3 1203 69.0 
14 5683 71.0 
40 16033 74.0 
44 17724 75.0 
54 21637 76.0 
58 23417 78.0 
73 29496 79.0 
88 35424 83.0 
95 38031 84.0 
115 46254 87.0 
142 56916 88.0 
148 59588 90.0 
166 66411 92.0 
190 76147 93.0 
201 80621 94.0 
224 89863 96.0 
234 93761 97.0 
252 101101 98.0 
285 114153 99.0 
296 118561 100.0 
==== END RUN ====
0 1 52.0 
0 3 57.0 
0 29 58.0 
0 132 61.0 
1 449 62.0 
1 480 63.0 
2 804 64.0 
2 925 65.0 
2 1079 68.0 
4 1865 69.0 
14 5929 70.0 
23 9385 74.0 
44 17653 75.0 
57 23192 76.0 
62 25100 79.0 
84 33953 80.0 
94 37825 82.0 
101 40514 84.0 
107 42947 86.0 
127 50901 88.0 
150 60109 89.0 
156 62759 91.0 
181 72587 92.0 
186 74708 93.0 
202 81105 95.0 
219 87614 96.0 
236 94631 97.0 
245 98031 98.0 
256 102459 100.0 
==== END RUN ====
0 1 57.0 
0 6 61.0 
0 209 62.0 
1 427 63.0 
1 537 67.0 
13 5327 69.0 
14 5775 70.0 
23 9467 71.0 
30 12047 72.0 
40 16015 75.0 
42 16891 77.0 
73 29264 79.0 
79 31877 80.0 
95 38088 81.0 
98 39283 83.0 
118 47349 84.0 
121 48482 86.0 
136 54624 87.0 
154 61711 88.0 
162 65137 89.0 
172 68912 90.0 
172 68979 91.0 
186 74522 92.0 
200 80045 94.0 
221 88585 95.0 
224 89828 96.0 
226 90735 97.0 
268 107407 98.0 
286 114701 100.0 
==== END RUN ====
0 1 45.0 
0 3 55.0 
0 5 56.0 
0 6 57.0 
0 9 62.0 
0 254 63.0 
1 489 65.0 
2 986 66.0 
4 1609 70.0 
19 7959 72.0 
21 8757 73.0 
32 13152 76.0 
59 23927 78.0 
75 30323 79.0 
78 31266 81.0 
95 38374 82.0 
99 39748 83.0 
105 42006 84.0 
121 48481 85.0 
125 50105 86.0 
132 53183 88.0 
139 55859 89.0 
139 55894 90.0 
160 64325 91.0 
170 68151 92.0 
187 75005 93.0 
190 76271 94.0 
202 81062 96.0 
228 91568 97.0 
232 93081 98.0 
258 103389 99.0 
287 114975 100.0 
==== END RUN ====
0 1 44.0 
0 2 55.0 
0 15 61.0 
0 17 62.0 
0 345 63.0 
1 677 65.0 
2 1027 70.0 
22 9192 71.0 
28 11511 72.0 
30 12331 73.0 
40 16387 74.0 
52 21151 76.0 
67 27165 77.0 
75 30117 80.0 
83 33261 82.0 
87 35116 85.0 
121 48663 86.0 
125 50240 87.0 
140 56210 90.0 
155 62237 91.0 
183 73313 92.0 
192 76815 95.0 
217 86887 96.0 
228 91233 97.0 
249 99907 98.0 
269 107621 99.0 
278 111319 100.0 
==== END RUN ====
0 1 51.0 
0 2 52.0 
0 4 56.0 
0 6 58.0 
0 24 61.0 
0 86 62.0 
0 155 63.0 
0 196 65.0 
3 1455 68.0 
13 5248 70.0 
21 8525 71.0 
32 13171 73.0 
61 24535 76.0 
73 29523 79.0 
94 37641 80.0 
103 41285 81.0 
118 47419 82.0 
135 54273 83.0 
137 54909 84.0 
146 58725 85.0 
149 59779 87.0 
172 69199 89.0 
180 72071 90.0 
185 74101 91.0 
199 79723 93.0 
220 88157 95.0 
240 96247 96.0 
248 99549 97.0 
268 107459 98.0 
297 119085 99.0 
310 124023 100.0 
==== END RUN ====
0 1 55.0 
0 12 56.0 
0 26 60.0 
0 30 61.0 
0 219 64.0 
1 414 65.0 
4 1828 67.0 
10 4141 70.0 
19 7878 75.0 
71 28410 77.0 
74 29609 80.0 
85 34150 82.0 
114 45985 84.0 
146 58733 86.0 
157 62836 88.0 
163 65577 92.0 
191 76730 94.0 
225 90153 95.0 
235 94317 96.0 
259 103695 97.0 
275 110077 98.0 
292 117047 99.0 
304 121995 100.0 
==== END RUN ====
0 1 57.0 
0 8 58.0 
0 86 59.0 
0 96 60.0 
0 108 62.0 
1 507 63.0 
1 606 66.0 
1 790 70.0 
34 13603 71.0 
35 14150 72.0 
35 14345 73.0 
40 16215 75.0 
53 21457 76.0 
57 23009 79.0 
73 29576 81.0 
88 35332 83.0 
97 39172 85.0 
128 51595 87.0 
139 55813 89.0 
145 58191 90.0 
160 64185 92.0 
189 75961 95.0 
222 89036 96.0 
237 94803 97.0 
246 98477 98.0 
257 103045 99.0 
270 108207 100.0 
==== END RUN ====
0 1 44.0 
0 3 50.0 
0 6 53.0 
0 7 55.0 
0 8 57.0 
0 10 60.0 
0 19 61.0 
0 55 62.0 
0 242 63.0 
0 309 64.0 
1 571 66.0 
3 1233 67.0 
9 3693 68.0 
14 5669 70.0 
22 8865 72.0 
24 9887 74.0 
36 14593 75.0 
55 22205 81.0 
83 33344 82.0 
102 40818 83.0 
117 46921 86.0 
151 60681 88.0 
162 65109 89.0 
170 68145 93.0 
208 83214 94.0 
234 93735 96.0 
264 105643 98.0 
272 108880 99.0 
330 132181 100.0 
==== END RUN ====
0 1 42.0 
0 2 54.0 
0 9 56.0 
0 11 61.0 
0 237 67.0 
18 7355 69.0 
22 8981 70.0 
28 11233 72.0 
38 15205 75.0 
54 21643 76.0 
59 23889 78.0 
67 27011 79.0 
75 30131 82.0 
117 47153 84.0 
131 52401 85.0 
131 52437 88.0 
146 58453 89.0 
168 67499 91.0 
187 74843 92.0 
199 79601 95.0 
223 89599 97.0 
268 107217 98.0 
290 116117 99.0 
320 128211 100.0 
==== END RUN ====
0 1 56.0 
0 5 59.0 
0 11 63.0 
0 352 66.0 
2 832 68.0 
6 2677 69.0 
22 9053 73.0 
42 17034 75.0 
56 22679 76.0 
59 23634 78.0 
64 25803 79.0 
79 31821 80.0 
82 32951 83.0 
106 42685 84.0 
126 50479 86.0 
133 53209 87.0 
139 55847 88.0 
146 58553 89.0 
161 64419 90.0 
176 70453 91.0 
179 71777 92.0 
192 76935 93.0 
211 84427 95.0 
244 97977 96.0 
252 100910 98.0 
282 113125 99.0 
300 120053 100.0 
==== END RUN ====
0 1 56.0 
0 9 61.0 
1 497 62.0 
2 953 64.0 
3 1247 70.0 
17 6925 74.0 
49 19793 75.0 
56 22421 77.0 
67 26834 79.0 
71 28629 80.0 
89 35812 81.0 
98 39417 82.0 
107 43093 83.0 
109 43903 84.0 
116 46759 85.0 
125 50145 86.0 
141 56464 87.0 
156 62584 88.0 
159 63724 89.0 
167 67057 91.0 
189 75627 92.0 
195 78371 93.0 
209 83963 94.0 
223 89336 96.0 
239 95877 97.0 
276 110511 98.0 
284 113639 99.0 
307 122873 100.0 
==== END RUN ====
0 1 50.0 
0 6 51.0 
0 8 56.0 
0 13 59.0 
0 42 60.0 
0 104 61.0 
0 199 62.0 
0 252 63.0 
2 1092 64.0 
3 1353 68.0 
5 2200 69.0 
6 2739 70.0 
30 12203 72.0 
44 17742 73.0 
46 18563 74.0 
59 23939 76.0 
63 25317 78.0 
65 26037 81.0 
102 40917 82.0 
115 46267 83.0 
119 47753 84.0 
122 49103 86.0 
130 52137 87.0 
157 63077 89.0 
166 66766 90.0 
181 72745 91.0 
189 75975 93.0 
214 85951 94.0 
229 91940 95.0 
229 91957 96.0 
243 97331 97.0 
271 108593 98.0 
284 113931 99.0 
301 120493 100.0 
==== END RUN ====
0 1 53.0 
0 4 57.0 
0 13 59.0 
0 25 65.0 
6 2707 66.0 
7 3005 67.0 
8 3363 68.0 
14 5833 69.0 
16 6702 71.0 
33 13357 73.0 
38 15238 74.0 
48 19437 75.0 
48 19535 76.0 
48 19557 78.0 
60 24296 79.0 
78 31359 81.0 
97 38805 82.0 
97 39057 83.0 
117 46892 84.0 
128 51375 86.0 
129 51605 87.0 
153 61273 89.0 
155 62307 90.0 
158 63565 91.0 
190 76330 92.0 
191 76773 93.0 
210 84288 94.0 
215 86119 95.0 
234 93775 96.0 
244 97859 97.0 
263 105439 99.0 
299 119741 100.0 
==== END RUN ====
0 1 50.0 
0 2 55.0 
0 9 57.0 
0 29 58.0 
0 50 59.0 
0 53 60.0 
0 105 62.0 
0 135 64.0 
0 356 65.0 
3 1510 66.0 
3 1581 67.0 
9 3613 69.0 
24 9701 70.0 
25 10181 71.0 
38 15432 72.0 
39 15698 73.0 
42 17169 74.0 
47 19093 75.0 
60 24254 77.0 
67 26804 78.0 
93 37458 80.0 
93 37506 84.0 
131 52467 88.0 
163 65357 90.0 
191 76733 91.0 
194 77842 92.0 
209 83859 93.0 
214 85964 94.0 
216 86497 95.0 
226 90697 96.0 
249 99966 97.0 
261 104721 98.0 
262 104885 99.0 
297 119169 100.0 
==== END RUN ====
0 1 55.0 
0 14 58.0 
0 42 63.0 
2 868 66.0 
6 2491 69.0 
20 8199 70.0 
33 13442 73.0 
36 14705 74.0 
55 22113 75.0 
62 25175 77.0 
79 31859 79.0 
85 34069 80.0 
105 42290 81.0 
109 43749 82.0 
110 44201 83.0 
124 49933 84.0 
141 56409 85.0 
149 59693 86.0 
164 65807 89.0 
180 72263 91.0 
181 72721 93.0 
219 87657 94.0 
225 90019 96.0 
272 109013 97.0 
291 116449 98.0 
297 119053 99.0 
322 128949 100.0 
==== END RUN ====
0 1 59.0 
0 21 60.0 
0 95 64.0 
2 1072 67.0 
5 2091 68.0 
20 8103 70.0 
27 10857 71.0 
30 12072 72.0 
35 14067 77.0 
76 30745 82.0 
111 44558 83.0 
112 45187 84.0 
121 48536 87.0 
135 54071 88.0 
150 60256 90.0 
181 72551 92.0 
182 73159 94.0 
206 82636 95.0 
235 94207 98.0 
265 106249 99.0 
282 112811 100.0 
==== END RUN ====
0 1 47.0 
0 2 51.0 
0 3 55.0 
0 17 59.0 
0 39 60.0 
0 103 61.0 
0 209 65.0 
5 2204 70.0 
28 11443 71.0 
37 14855 74.0 
40 16026 75.0 
53 21355 76.0 
70 28070 77.0 
71 28430 80.0 
82 33165 82.0 
102 40869 83.0 
111 44441 85.0 
111 44551 87.0 
131 52639 88.0 
133 53291 90.0 
165 66215 92.0 
181 72743 93.0 
199 79795 94.0 
201 80758 95.0 
223 89201 96.0 
245 98009 97.0 
257 102854 98.0 
271 108799 99.0 
309 123845 100.0 
==== END RUN ====
0 1 47.0 
0 2 54.0 
0 3 58.0 
0 5 63.0 
0 229 65.0 
3 1218 67.0 
3 1439 68.0 
11 4741 71.0 
28 11473 73.0 
37 15154 74.0 
48 19245 75.0 
53 21459 76.0 
63 25405 77.0 
72 29085 81.0 
100 40291 82.0 
105 42307 83.0 
113 45555 85.0 
116 46446 86.0 
129 51618 89.0 
142 57117 90.0 
152 61119 91.0 
174 69706 93.0 
180 72005 96.0 
219 87703 97.0 
244 97817 98.0 
259 103695 99.0 
274 109805 100.0 
==== END RUN ====
0 1 58.0 
0 24 59.0 
0 25 60.0 
0 42 65.0 
4 1835 66.0 
6 2544 67.0 
13 5223 68.0 
15 6122 71.0 
33 13443 75.0 
72 28880 78.0 
77 31118 80.0 
96 38517 81.0 
106 42456 83.0 
117 47112 84.0 
117 47150 89.0 
157 62995 91.0 
201 80749 92.0 
204 81787 93.0 
212 84951 94.0 
226 90751 96.0 
266 106573 97.0 
285 114363 99.0 
302 121069 100.0 
==== END RUN ====
0 1 52.0 
0 2 58.0 
0 37 61.0 
0 107 64.0 
3 1379 65.0 
6 2682 66.0 
7 2911 67.0 
10 4257 68.0 
11 4669 69.0 
21 8630 70.0 
26 10527 71.0 
37 14988 73.0 
53 21394 77.0 
62 25185 79.0 
76 30778 80.0 
87 34947 81.0 
89 35778 82.0 
95 38157 83.0 
116 46575 85.0 
132 53093 88.0 
166 66545 89.0 
169 67654 90.0 
179 71663 92.0 
197 79059 93.0 
206 82409 95.0 
232 93159 96.0 
244 97639 97.0 
253 101403 98.0 
259 103927 99.0 
307 122805 100.0 
==== END RUN ====
0 1 44.0 
0 2 47.0 
0 3 62.0 
0 31 63.0 
0 98 64.0 
0 176 66.0 
4 1820 68.0 
9 3836 69.0 
22 8905 70.0 
28 11371 71.0 
28 11561 73.0 
43 17333 74.0 
53 21303 75.0 
63 25479 79.0 
92 36811 80.0 
100 40381 81.0 
103 41551 84.0 
123 49367 85.0 
139 55773 86.0 
143 57549 87.0 
157 62844 88.0 
157 62895 90.0 
159 63995 91.0 
184 73961 92.0 
199 79697 93.0 
206 82569 95.0 
222 89081 96.0 
247 98888 98.0 
266 106447 99.0 
290 116339 100.0 
==== END RUN ====
0 1 60.0 
0 53 62.0 
1 574 66.0 
4 1818 67.0 
8 3391 68.0 
13 5330 71.0 
39 15936 72.0 
57 22909 73.0 
58 23484 74.0 
62 24961 75.0 
66 26500 76.0 
76 30684 78.0 
83 33545 79.0 
84 33887 80.0 
102 40899 81.0 
119 47803 84.0 
132 52949 85.0 
140 56246 88.0 
171 68778 89.0 
175 70391 90.0 
182 73001 94.0 
225 90133 95.0 
230 92275 96.0 
241 96477 97.0 
256 102597 98.0 
278 111291 99.0 
302 120805 100.0 
==== END RUN ====
0 1 54.0 
0 11 58.0 
0 87 60.0 
0 92 66.0 
1 759 67.0 
10 4055 68.0 
13 5201 69.0 
24 9752 70.0 
29 11714 71.0 
35 14157 73.0 
63 25251 74.0 
64 25915 75.0 
65 26126 79.0 
74 29955 80.0 
93 37231 81.0 
109 43671 82.0 
127 51141 86.0 
135 54058 87.0 
157 63139 88.0 
169 67871 89.0 
173 69403 90.0 
181 72433 91.0 
184 73749 92.0 
195 78217 93.0 
213 85409 94.0 
217 86831 95.0 
229 91919 96.0 
233 93511 97.0 
260 104317 98.0 
275 110217 99.0 
305 122315 100.0 
==== END RUN ====
0 1 49.0 
0 2 52.0 
0 7 53.0 
0 8 54.0 
0 9 57.0 
0 10 60.0 
0 93 61.0 
0 186 63.0 
0 303 64.0 
1 608 66.0 
3 1324 67.0 
4 1631 68.0 
11 4401 71.0 
33 13317 78.0 
55 22135 81.0 
91 36765 84.0 
107 43055 85.0 
134 53851 86.0 
145 58196 89.0 
157 62945 90.0 
159 63949 91.0 
189 75676 93.0 
197 79088 95.0 
225 90005 96.0 
231 92415 98.0 
266 106615 99.0 
296 118741 100.0 
==== END RUN ====
0 1 53.0 
0 5 55.0 
0 9 58.0 
0 32 62.0 
0 43 69.0 
20 8106 71.0 
24 9608 73.0 
29 11955 74.0 
54 21773 75.0 
57 22817 77.0 
60 24087 78.0 
66 26427 79.0 
73 29209 80.0 
79 31812 81.0 
87 34995 82.0 
114 45649 83.0 
119 47976 85.0 
127 51091 87.0 
137 54895 88.0 
146 58603 89.0 
173 69343 90.0 
177 70832 91.0 
179 71659 92.0 
195 78179 93.0 
201 80554 94.0 
222 88978 95.0 
230 92122 97.0 
268 107363 98.0 
281 112617 99.0 
318 127315 100.0 
==== END RUN ====
0 1 53.0 
0 4 57.0 
0 5 66.0 
5 2031 67.0 
7 2981 70.0 
30 12238 73.0 
38 15452 75.0 
50 20197 77.0 
57 22961 78.0 
73 29279 80.0 
84 33829 81.0 
99 39967 83.0 
112 45063 84.0 
131 52619 86.0 
138 55376 89.0 
172 68883 92.0 
203 81251 93.0 
219 87691 94.0 
237 95137 96.0 
262 105173 97.0 
269 107805 98.0 
281 112665 99.0 
309 123667 100.0 
==== END RUN ====
0 1 44.0 
0 2 57.0 
0 21 58.0 
0 83 59.0 
0 90 61.0 
0 337 62.0 
1 483 65.0 
2 907 67.0 
10 4259 68.0 
11 4598 70.0 
26 10561 74.0 
42 16972 75.0 
42 17173 76.0 
74 29987 79.0 
92 36977 80.0 
98 39460 81.0 
119 47656 82.0 
120 48385 83.0 
129 51966 85.0 
141 56627 86.0 
142 57109 89.0 
173 69243 90.0 
185 74367 91.0 
195 78119 92.0 
208 83415 93.0 
234 93665 94.0 
243 97417 95.0 
258 103503 96.0 
261 104529 97.0 
278 111562 98.0 
281 112505 99.0 
326 130617 100.0 
==== END RUN ====
