0 1 27.0 
0 2 36.0 
0 7 38.0 
0 9 40.0 
0 51 43.0 
0 53 44.0 
0 91 45.0 
0 248 48.0 
0 959 49.0 
0 1002 50.0 
0 1662 53.0 
0 2226 55.0 
4 14062 56.0 
6 19496 57.0 
6 19932 58.0 
6 20279 59.0 
6 21291 60.0 
7 23316 61.0 
7 24093 63.0 
8 26184 65.0 
8 28078 66.0 
9 30072 69.0 
12 38772 70.0 
13 43218 71.0 
18 58622 72.0 
21 67402 73.0 
23 73942 74.0 
26 84808 75.0 
31 99540 76.0 
34 109150 77.0 
38 121934 78.0 
46 149034 79.0 
58 186636 80.0 
65 208344 81.0 
==== END RUN ====
0 1 31.0 
0 2 39.0 
0 19 41.0 
0 44 44.0 
0 62 50.0 
0 1317 51.0 
1 3976 52.0 
1 4288 54.0 
1 4844 55.0 
3 11807 58.0 
4 12976 59.0 
4 14940 60.0 
5 16276 62.0 
5 18272 63.0 
6 19906 65.0 
6 20137 66.0 
7 22722 67.0 
7 23196 68.0 
7 24904 69.0 
8 27386 70.0 
9 29032 71.0 
10 33400 72.0 
10 33586 73.0 
14 45204 74.0 
16 51658 75.0 
18 58014 76.0 
20 66464 77.0 
26 85988 78.0 
34 111286 79.0 
39 126390 80.0 
41 133312 81.0 
46 150012 82.0 
63 202218 83.0 
==== END RUN ====
0 1 40.0 
0 7 43.0 
0 23 46.0 
0 151 47.0 
0 518 49.0 
0 546 52.0 
0 1632 53.0 
1 3283 56.0 
7 22479 59.0 
9 29346 60.0 
9 31878 61.0 
10 32794 62.0 
11 37628 63.0 
12 38751 64.0 
13 42398 65.0 
13 44184 66.0 
14 44986 67.0 
15 48254 68.0 
18 57844 69.0 
18 59454 70.0 
20 64176 71.0 
21 68954 72.0 
25 80822 73.0 
28 92472 74.0 
30 97348 75.0 
37 119766 76.0 
39 127652 77.0 
46 149044 78.0 
55 179022 79.0 
63 203602 80.0 
==== END RUN ====
0 1 35.0 
0 5 37.0 
0 6 39.0 
0 7 40.0 
0 8 44.0 
0 14 47.0 
0 269 48.0 
0 378 51.0 
0 394 56.0 
5 16382 59.0 
5 16665 60.0 
6 19399 61.0 
6 19945 62.0 
7 24606 63.0 
9 28815 64.0 
9 28970 65.0 
9 28996 68.0 
9 29254 69.0 
10 32304 70.0 
11 35656 71.0 
12 38466 72.0 
12 40386 73.0 
14 47004 74.0 
17 55150 75.0 
20 66852 76.0 
24 77480 77.0 
26 83946 78.0 
28 91600 79.0 
31 99948 80.0 
35 112740 81.0 
40 130016 82.0 
45 146010 83.0 
58 186050 84.0 
==== END RUN ====
0 1 30.0 
0 2 31.0 
0 3 39.0 
0 4 40.0 
0 16 48.0 
0 55 49.0 
0 770 50.0 
0 1135 52.0 
0 1859 53.0 
1 5807 54.0 
4 15480 55.0 
5 17978 56.0 
6 19234 58.0 
6 20890 59.0 
7 22994 61.0 
8 25624 62.0 
8 25840 63.0 
8 26044 65.0 
8 28730 66.0 
10 32498 68.0 
11 35940 69.0 
11 36266 70.0 
13 42872 72.0 
15 48388 73.0 
17 55004 74.0 
19 62552 75.0 
25 82612 76.0 
34 109116 77.0 
36 116936 78.0 
41 132278 79.0 
51 164058 80.0 
56 179632 81.0 
62 198818 82.0 
==== END RUN ====
0 1 30.0 
0 2 38.0 
0 3 43.0 
0 16 48.0 
0 71 51.0 
0 520 52.0 
2 6415 53.0 
2 7812 54.0 
3 10263 55.0 
3 10851 57.0 
4 14278 61.0 
6 20763 62.0 
7 22784 63.0 
7 24521 65.0 
8 25786 66.0 
8 27166 68.0 
10 32514 69.0 
11 35866 70.0 
11 35868 71.0 
12 40754 72.0 
14 47116 73.0 
18 59048 74.0 
20 64476 75.0 
22 70588 76.0 
23 75060 77.0 
26 83844 78.0 
31 99404 79.0 
34 109462 80.0 
38 121802 81.0 
52 166604 82.0 
==== END RUN ====
0 1 32.0 
0 3 33.0 
0 5 44.0 
0 8 45.0 
0 61 47.0 
0 394 52.0 
0 1089 53.0 
0 1846 55.0 
3 10489 58.0 
4 13164 61.0 
7 22737 62.0 
7 22994 63.0 
7 23850 64.0 
8 27660 65.0 
10 32088 67.0 
12 38496 68.0 
13 41632 69.0 
14 44994 70.0 
15 48404 71.0 
17 56148 72.0 
19 61722 73.0 
22 70878 74.0 
23 73832 75.0 
25 80678 76.0 
29 93478 77.0 
32 103448 78.0 
48 155384 79.0 
57 183853 80.0 
59 189830 81.0 
63 204294 82.0 
==== END RUN ====
0 1 40.0 
0 5 42.0 
0 12 44.0 
0 56 46.0 
0 91 50.0 
0 905 55.0 
2 9392 56.0 
4 13224 58.0 
5 16139 59.0 
5 16175 69.0 
7 22419 71.0 
8 25616 74.0 
12 38754 75.0 
14 44818 76.0 
16 53134 77.0 
18 57620 78.0 
22 70504 79.0 
30 96108 80.0 
37 118430 81.0 
40 128826 82.0 
51 163216 83.0 
56 179226 84.0 
==== END RUN ====
0 1 40.0 
0 11 41.0 
0 35 42.0 
0 42 45.0 
0 58 46.0 
0 69 48.0 
0 315 55.0 
3 10256 56.0 
3 12624 58.0 
4 13489 60.0 
6 20438 63.0 
7 23464 64.0 
8 25634 65.0 
8 27096 68.0 
10 32076 70.0 
11 36238 71.0 
12 40188 72.0 
14 44892 73.0 
17 55082 74.0 
18 60714 75.0 
20 64302 76.0 
22 72032 77.0 
29 93102 78.0 
47 150696 79.0 
57 185506 80.0 
==== END RUN ====
0 1 38.0 
0 5 42.0 
0 12 45.0 
0 17 48.0 
0 25 49.0 
0 84 50.0 
0 453 51.0 
0 1971 52.0 
0 2609 54.0 
0 2689 57.0 
5 19200 59.0 
6 19805 60.0 
6 20095 61.0 
7 22653 64.0 
9 29846 65.0 
10 32466 66.0 
11 35654 67.0 
12 39607 68.0 
13 42052 69.0 
14 45044 70.0 
15 49663 71.0 
16 51988 72.0 
18 58366 73.0 
19 62226 74.0 
22 72048 75.0 
25 80484 76.0 
27 86894 77.0 
28 91010 78.0 
42 137170 79.0 
64 206170 80.0 
==== END RUN ====
0 1 45.0 
0 90 48.0 
0 170 50.0 
0 340 52.0 
1 3375 53.0 
3 10429 55.0 
4 13465 56.0 
4 13947 58.0 
5 17716 59.0 
7 23106 60.0 
8 25886 61.0 
8 28526 62.0 
9 28966 63.0 
9 31522 64.0 
10 32756 65.0 
10 34848 66.0 
11 35370 67.0 
12 39776 68.0 
13 42074 69.0 
14 46558 70.0 
15 49730 71.0 
16 53282 72.0 
20 65746 73.0 
23 76040 74.0 
27 88380 75.0 
31 101900 76.0 
36 116948 77.0 
38 124536 78.0 
42 137182 79.0 
50 162092 80.0 
55 178782 81.0 
59 191558 82.0 
==== END RUN ====
0 1 25.0 
0 2 35.0 
0 3 41.0 
0 10 44.0 
0 62 48.0 
0 89 50.0 
0 1028 56.0 
3 12259 61.0 
5 16439 64.0 
8 25990 66.0 
10 34532 67.0 
11 35224 68.0 
13 42491 69.0 
14 45070 70.0 
14 45672 71.0 
15 51120 72.0 
19 60900 73.0 
21 69196 74.0 
23 73724 75.0 
25 80172 76.0 
27 88946 77.0 
31 99388 78.0 
34 108962 79.0 
41 131374 80.0 
51 164088 81.0 
==== END RUN ====
0 1 38.0 
0 6 40.0 
0 13 42.0 
0 17 46.0 
0 112 49.0 
0 466 51.0 
0 1445 52.0 
3 10400 53.0 
3 10882 55.0 
6 19214 56.0 
6 19319 58.0 
6 20114 59.0 
7 23037 63.0 
9 29721 64.0 
10 32002 65.0 
12 38913 66.0 
13 44332 67.0 
14 44906 68.0 
14 45490 69.0 
15 50466 70.0 
17 55698 71.0 
18 59310 72.0 
20 65308 73.0 
22 71260 74.0 
25 82620 75.0 
34 108944 76.0 
35 113795 77.0 
38 121752 78.0 
44 140934 79.0 
45 146442 80.0 
48 154540 81.0 
53 170560 82.0 
55 178448 83.0 
66 213948 84.0 
==== END RUN ====
0 1 36.0 
0 2 38.0 
0 8 40.0 
0 25 42.0 
0 45 45.0 
0 117 46.0 
0 207 47.0 
0 231 49.0 
0 1314 53.0 
0 2374 55.0 
1 4352 56.0 
2 6616 57.0 
3 10455 60.0 
4 13214 61.0 
5 16192 63.0 
5 17696 65.0 
6 19404 67.0 
6 21824 69.0 
8 25868 72.0 
13 41793 73.0 
15 48834 74.0 
16 51844 75.0 
19 62410 76.0 
23 76480 77.0 
24 78424 78.0 
29 93146 79.0 
31 100762 80.0 
33 105940 81.0 
43 137900 82.0 
48 156560 83.0 
==== END RUN ====
0 1 36.0 
0 7 39.0 
0 13 41.0 
0 23 43.0 
0 146 45.0 
0 192 46.0 
0 317 47.0 
0 413 49.0 
0 876 51.0 
0 1247 55.0 
2 7046 60.0 
3 10058 62.0 
5 16206 65.0 
5 16800 67.0 
5 17145 68.0 
6 20437 69.0 
7 22406 70.0 
7 23106 71.0 
8 25986 72.0 
9 28893 75.0 
9 30649 77.0 
10 33839 78.0 
11 37031 79.0 
12 40249 80.0 
14 46653 81.0 
22 70616 82.0 
23 74000 83.0 
38 123368 84.0 
45 145762 85.0 
==== END RUN ====
0 1 33.0 
0 2 38.0 
0 3 39.0 
0 7 48.0 
0 311 50.0 
0 564 53.0 
1 6018 54.0 
2 6545 55.0 
2 6639 58.0 
3 10410 67.0 
7 23900 68.0 
8 25789 69.0 
9 29149 71.0 
11 37077 72.0 
12 40126 73.0 
13 41774 74.0 
14 44990 75.0 
17 54590 76.0 
18 59160 77.0 
20 65724 78.0 
23 75596 79.0 
35 112190 80.0 
51 163674 81.0 
==== END RUN ====
0 1 34.0 
0 8 40.0 
0 15 42.0 
0 31 45.0 
0 119 48.0 
0 135 50.0 
0 984 51.0 
1 3221 52.0 
1 3404 54.0 
1 5439 58.0 
2 7746 59.0 
4 14382 60.0 
5 17412 61.0 
6 19521 62.0 
7 22506 63.0 
7 23171 64.0 
8 25620 66.0 
8 26380 67.0 
9 29187 68.0 
9 31608 69.0 
10 32082 70.0 
11 35320 71.0 
11 38312 72.0 
13 44492 73.0 
15 49966 74.0 
18 58658 75.0 
21 69086 76.0 
26 84288 77.0 
31 99282 78.0 
35 112692 79.0 
39 124960 80.0 
44 140944 81.0 
48 153736 82.0 
50 162208 83.0 
66 211274 84.0 
==== END RUN ====
0 1 34.0 
0 2 36.0 
0 3 38.0 
0 14 40.0 
0 18 47.0 
0 458 48.0 
0 507 51.0 
0 1410 52.0 
1 3371 55.0 
2 7918 57.0 
4 12807 58.0 
4 13482 61.0 
4 14352 62.0 
5 17995 63.0 
7 22574 65.0 
8 25985 66.0 
8 26339 67.0 
10 32401 68.0 
10 32522 69.0 
12 39010 70.0 
12 39158 71.0 
13 42396 72.0 
14 45554 73.0 
15 48744 74.0 
17 54796 75.0 
18 57720 76.0 
18 60208 77.0 
21 70250 78.0 
25 80750 79.0 
33 106364 80.0 
54 175856 81.0 
==== END RUN ====
0 1 41.0 
0 24 42.0 
0 29 45.0 
0 209 46.0 
0 246 47.0 
0 796 53.0 
0 1033 57.0 
1 3711 58.0 
1 3852 61.0 
5 16485 63.0 
5 16886 64.0 
6 21086 65.0 
8 26110 66.0 
9 30082 68.0 
10 33840 69.0 
12 39264 70.0 
14 45008 71.0 
18 59430 72.0 
21 68828 73.0 
24 78658 74.0 
28 90092 75.0 
31 100950 76.0 
35 113748 77.0 
43 138444 78.0 
==== END RUN ====
0 1 32.0 
0 2 34.0 
0 6 41.0 
0 17 43.0 
0 78 46.0 
0 112 49.0 
0 492 53.0 
0 2443 54.0 
1 4299 57.0 
3 11397 58.0 
6 19627 59.0 
7 25185 60.0 
8 25666 61.0 
8 27834 62.0 
9 28858 63.0 
11 35205 64.0 
12 38564 65.0 
12 38856 66.0 
15 48042 68.0 
16 51814 69.0 
17 55170 70.0 
18 58578 71.0 
19 62154 72.0 
22 71010 73.0 
26 83676 74.0 
29 93430 75.0 
31 102022 76.0 
34 110840 77.0 
37 119650 78.0 
40 128454 79.0 
43 140300 80.0 
52 169096 81.0 
62 201098 82.0 
==== END RUN ====
0 1 36.0 
0 4 39.0 
0 6 40.0 
0 17 42.0 
0 23 45.0 
0 242 47.0 
0 689 50.0 
0 1210 51.0 
2 7284 53.0 
4 12972 54.0 
5 16469 55.0 
5 17024 56.0 
5 17152 57.0 
6 19201 58.0 
6 19504 61.0 
6 22062 62.0 
8 28044 63.0 
9 30144 65.0 
9 30226 66.0 
11 36616 67.0 
11 37169 68.0 
13 43641 69.0 
13 44060 71.0 
17 54918 72.0 
21 67496 73.0 
25 81426 74.0 
27 87956 75.0 
34 109332 76.0 
41 131506 77.0 
43 138510 78.0 
47 151816 79.0 
61 196620 80.0 
66 212624 81.0 
==== END RUN ====
0 1 32.0 
0 3 34.0 
0 4 35.0 
0 8 38.0 
0 18 39.0 
0 24 40.0 
0 36 46.0 
0 95 48.0 
0 132 50.0 
0 1506 52.0 
0 2495 53.0 
0 2816 54.0 
2 7873 61.0 
5 16956 62.0 
6 19214 65.0 
7 22797 68.0 
8 25636 69.0 
8 26518 70.0 
9 30116 71.0 
10 32536 73.0 
11 35420 74.0 
12 40576 75.0 
14 46394 76.0 
15 50330 77.0 
20 66010 78.0 
27 86916 79.0 
36 117754 80.0 
40 130560 81.0 
43 140044 82.0 
52 168940 83.0 
==== END RUN ====
0 1 29.0 
0 2 30.0 
0 3 38.0 
0 4 39.0 
0 13 49.0 
0 114 51.0 
0 1319 52.0 
0 2056 54.0 
2 6422 55.0 
2 6461 59.0 
5 16030 61.0 
5 16597 62.0 
5 18012 63.0 
5 18998 65.0 
6 19595 67.0 
7 24117 69.0 
9 29286 70.0 
9 29486 71.0 
10 32394 72.0 
11 35280 74.0 
12 38474 75.0 
13 41728 76.0 
13 41790 77.0 
14 46252 78.0 
16 51276 79.0 
17 55773 80.0 
18 59058 81.0 
21 69758 82.0 
25 81226 83.0 
==== END RUN ====
0 1 28.0 
0 2 31.0 
0 4 36.0 
0 9 39.0 
0 16 44.0 
0 25 48.0 
0 218 49.0 
0 335 51.0 
0 2672 54.0 
2 9228 56.0 
3 11876 59.0 
7 22909 60.0 
8 25830 62.0 
10 32212 64.0 
12 39385 65.0 
13 41973 66.0 
15 48677 67.0 
15 49844 68.0 
17 54769 69.0 
17 55189 70.0 
18 57800 72.0 
20 64848 73.0 
22 72454 74.0 
29 93164 75.0 
33 106458 76.0 
47 151276 77.0 
55 177266 78.0 
==== END RUN ====
0 1 33.0 
0 2 38.0 
0 9 39.0 
0 17 43.0 
0 18 49.0 
0 842 51.0 
0 1604 52.0 
1 5668 53.0 
4 14087 54.0 
5 16297 55.0 
5 16382 57.0 
5 18538 58.0 
7 22666 59.0 
8 25876 60.0 
9 28860 61.0 
9 28896 62.0 
10 32044 63.0 
10 32388 64.0 
10 34444 65.0 
11 35562 67.0 
12 40878 68.0 
13 43362 69.0 
17 54998 70.0 
17 56166 71.0 
19 62584 72.0 
21 68516 73.0 
25 83190 74.0 
31 99426 75.0 
33 106928 76.0 
35 113774 77.0 
40 129322 78.0 
50 161766 79.0 
==== END RUN ====
0 1 35.0 
0 8 40.0 
0 10 42.0 
0 11 43.0 
0 14 47.0 
0 329 53.0 
1 3599 54.0 
1 4590 55.0 
1 5940 57.0 
2 7332 60.0 
3 10806 61.0 
4 13385 65.0 
5 16367 66.0 
5 16506 68.0 
5 18038 70.0 
5 18338 71.0 
8 25714 72.0 
9 29133 73.0 
9 30338 74.0 
10 32745 75.0 
11 35718 76.0 
12 38612 77.0 
13 42342 78.0 
15 50306 79.0 
18 59204 80.0 
20 64962 81.0 
20 65666 82.0 
27 88340 83.0 
==== END RUN ====
0 1 28.0 
0 2 31.0 
0 3 38.0 
0 10 40.0 
0 25 45.0 
0 38 46.0 
0 390 47.0 
0 554 49.0 
0 1198 51.0 
0 1775 54.0 
1 4052 55.0 
2 7526 57.0 
4 12958 59.0 
5 16284 60.0 
5 19018 61.0 
6 22131 62.0 
7 24338 63.0 
8 25715 64.0 
8 26998 65.0 
8 28741 66.0 
9 30392 67.0 
10 33442 68.0 
11 35696 69.0 
12 38418 70.0 
13 41610 71.0 
14 46482 72.0 
15 48820 73.0 
18 57612 74.0 
19 62378 75.0 
29 92822 76.0 
32 103736 77.0 
51 164616 78.0 
60 192022 79.0 
==== END RUN ====
0 1 35.0 
0 2 36.0 
0 4 39.0 
0 6 43.0 
0 14 46.0 
0 64 49.0 
0 562 50.0 
0 770 51.0 
0 1533 53.0 
1 5995 54.0 
2 7410 55.0 
2 9032 56.0 
3 9749 57.0 
3 9928 58.0 
3 10069 59.0 
3 10338 60.0 
4 13424 62.0 
4 14999 64.0 
5 16223 65.0 
5 19082 67.0 
7 23624 68.0 
8 25806 71.0 
10 32700 74.0 
12 38465 75.0 
12 40322 76.0 
15 48842 77.0 
19 61770 78.0 
21 69390 79.0 
28 90442 80.0 
31 100058 81.0 
35 112852 82.0 
42 135700 83.0 
47 151698 84.0 
==== END RUN ====
0 1 35.0 
0 5 36.0 
0 7 38.0 
0 16 40.0 
0 49 46.0 
0 280 49.0 
0 350 50.0 
0 644 53.0 
0 2809 54.0 
2 6486 58.0 
4 13128 60.0 
4 14492 61.0 
6 21053 62.0 
7 22475 64.0 
7 24212 65.0 
7 25323 66.0 
10 32057 67.0 
10 32072 68.0 
10 35161 69.0 
11 35598 70.0 
11 37858 71.0 
12 39890 72.0 
13 43950 73.0 
14 46048 74.0 
16 52876 75.0 
16 52930 76.0 
20 64118 77.0 
23 73769 78.0 
23 75292 79.0 
26 84704 80.0 
47 151884 81.0 
57 183884 82.0 
==== END RUN ====
0 1 40.0 
0 7 41.0 
0 8 46.0 
0 307 48.0 
0 686 51.0 
0 950 53.0 
0 2368 54.0 
0 2421 55.0 
1 5402 57.0 
5 16820 58.0 
6 19234 59.0 
6 19407 60.0 
6 19741 61.0 
6 20008 66.0 
7 24604 67.0 
8 25885 68.0 
8 26715 69.0 
10 33472 71.0 
12 39240 72.0 
13 43936 73.0 
14 47946 74.0 
15 49152 75.0 
17 55052 76.0 
18 57837 77.0 
20 65116 78.0 
20 65992 79.0 
22 73550 80.0 
25 83142 81.0 
30 99166 82.0 
49 159964 83.0 
==== END RUN ====
0 1 28.0 
0 2 41.0 
0 10 42.0 
0 12 43.0 
0 24 46.0 
0 87 50.0 
0 104 51.0 
0 277 52.0 
0 1860 59.0 
3 11073 60.0 
3 11763 61.0 
6 21375 63.0 
8 26019 65.0 
8 26381 66.0 
9 28941 67.0 
9 29524 68.0 
10 32048 69.0 
12 38554 70.0 
12 40172 72.0 
13 43812 73.0 
15 48486 74.0 
15 49764 75.0 
17 54984 76.0 
18 59368 77.0 
21 69222 78.0 
==== END RUN ====
0 1 48.0 
0 216 49.0 
0 259 50.0 
0 1500 52.0 
1 6021 55.0 
4 15371 56.0 
6 21222 59.0 
7 22460 60.0 
7 23174 62.0 
11 35554 64.0 
12 39817 65.0 
13 42490 66.0 
13 42528 67.0 
15 48402 68.0 
15 50792 69.0 
18 57620 70.0 
19 62210 71.0 
20 64866 72.0 
23 74478 73.0 
25 81408 74.0 
28 89984 75.0 
31 99594 76.0 
33 106484 77.0 
37 120592 78.0 
44 141216 79.0 
51 163202 80.0 
53 170012 81.0 
==== END RUN ====
0 1 24.0 
0 2 42.0 
0 3 46.0 
0 32 47.0 
0 177 48.0 
0 637 51.0 
0 1040 52.0 
0 1109 53.0 
0 2056 55.0 
2 7012 64.0 
4 14842 67.0 
7 23556 68.0 
7 23969 70.0 
7 24706 73.0 
9 30054 74.0 
10 33262 75.0 
10 34194 76.0 
12 39020 77.0 
13 43742 78.0 
18 58228 79.0 
20 65444 80.0 
24 79116 81.0 
27 87582 82.0 
31 99836 83.0 
41 133140 84.0 
==== END RUN ====
0 1 33.0 
0 5 41.0 
0 17 46.0 
0 152 47.0 
0 675 49.0 
0 1864 52.0 
0 1960 53.0 
1 5528 54.0 
4 13393 55.0 
4 14297 56.0 
5 16027 57.0 
5 18151 59.0 
6 22197 60.0 
9 30827 61.0 
10 32028 62.0 
10 32170 63.0 
10 33033 64.0 
10 33297 66.0 
12 38724 68.0 
18 58972 69.0 
19 61252 70.0 
19 63102 71.0 
21 67266 72.0 
22 72648 73.0 
26 85222 74.0 
31 100608 75.0 
35 114790 76.0 
37 120532 77.0 
44 143592 78.0 
58 188056 79.0 
64 206156 80.0 
71 228604 81.0 
==== END RUN ====
0 1 29.0 
0 2 32.0 
0 4 42.0 
0 6 44.0 
0 39 47.0 
0 443 49.0 
0 2350 53.0 
2 7508 54.0 
3 9776 56.0 
3 11260 57.0 
4 12821 59.0 
4 14560 62.0 
5 16702 64.0 
6 19726 65.0 
6 20731 68.0 
7 25080 70.0 
10 32236 71.0 
10 33256 72.0 
11 35236 73.0 
12 41136 74.0 
13 42158 75.0 
14 47542 76.0 
15 49487 77.0 
17 55302 78.0 
21 68632 79.0 
33 108348 80.0 
52 169138 81.0 
==== END RUN ====
0 1 32.0 
0 2 33.0 
0 5 40.0 
0 12 43.0 
0 14 47.0 
0 43 48.0 
0 142 49.0 
0 617 52.0 
0 2412 53.0 
1 4376 54.0 
3 9888 56.0 
5 16628 57.0 
6 19404 58.0 
7 22490 59.0 
7 24796 60.0 
8 25753 61.0 
8 26070 63.0 
11 36482 64.0 
12 39765 65.0 
13 44006 66.0 
15 50514 68.0 
18 59682 69.0 
19 63702 70.0 
24 78010 71.0 
34 109590 72.0 
40 128788 73.0 
43 138380 74.0 
46 149376 75.0 
49 158082 76.0 
53 169946 77.0 
==== END RUN ====
0 1 41.0 
0 18 43.0 
0 35 45.0 
0 150 49.0 
0 1299 51.0 
0 1388 52.0 
0 1535 53.0 
0 1932 54.0 
4 12969 56.0 
4 13327 57.0 
5 16352 59.0 
7 22445 61.0 
8 27398 62.0 
10 32545 64.0 
11 35759 65.0 
11 37086 66.0 
12 39091 67.0 
13 42072 68.0 
14 46470 69.0 
15 50607 70.0 
17 55954 71.0 
19 61144 72.0 
20 64104 73.0 
21 69566 74.0 
24 79860 75.0 
29 95150 76.0 
34 111862 77.0 
38 123102 78.0 
55 176114 79.0 
67 216738 80.0 
73 235948 81.0 
==== END RUN ====
0 1 40.0 
0 4 42.0 
0 51 45.0 
0 83 51.0 
0 872 52.0 
0 1412 53.0 
1 5665 56.0 
3 12333 57.0 
4 13276 58.0 
4 14192 59.0 
5 16042 61.0 
5 16426 62.0 
5 18280 63.0 
6 19444 64.0 
6 19898 65.0 
7 22620 66.0 
7 23989 69.0 
9 29530 70.0 
11 36714 71.0 
13 43074 72.0 
16 51496 73.0 
19 61744 74.0 
21 68688 75.0 
22 72228 76.0 
24 77734 77.0 
25 80304 78.0 
31 101578 79.0 
==== END RUN ====
0 1 29.0 
0 3 30.0 
0 5 34.0 
0 7 35.0 
0 9 39.0 
0 12 41.0 
0 22 45.0 
0 43 46.0 
0 103 51.0 
0 207 55.0 
4 14514 57.0 
4 15667 61.0 
5 18201 65.0 
8 25964 66.0 
8 28260 69.0 
12 38758 70.0 
13 44119 71.0 
15 50222 73.0 
18 57647 74.0 
19 61115 75.0 
19 61160 76.0 
24 77154 77.0 
28 92462 78.0 
33 108456 79.0 
40 130370 80.0 
45 146388 81.0 
62 198780 82.0 
==== END RUN ====
0 1 29.0 
0 3 37.0 
0 5 44.0 
0 13 46.0 
0 36 50.0 
0 722 55.0 
2 9572 57.0 
3 10191 60.0 
5 18920 61.0 
7 23607 62.0 
7 23852 63.0 
7 24856 65.0 
8 26584 66.0 
8 28602 67.0 
10 34398 68.0 
11 35838 69.0 
13 42202 70.0 
13 43974 71.0 
15 49594 72.0 
18 57806 73.0 
21 68204 74.0 
25 80406 75.0 
30 97216 76.0 
32 102796 77.0 
35 112280 78.0 
39 125410 79.0 
48 154840 80.0 
63 202660 81.0 
==== END RUN ====
0 1 27.0 
0 2 39.0 
0 5 43.0 
0 8 46.0 
0 137 47.0 
0 258 48.0 
0 259 51.0 
0 1755 52.0 
0 2170 53.0 
1 5147 54.0 
3 9924 56.0 
4 15389 58.0 
5 17517 59.0 
6 19352 60.0 
6 19793 61.0 
6 20914 64.0 
8 25730 65.0 
8 26519 66.0 
9 28876 67.0 
9 29240 68.0 
9 30278 70.0 
11 37682 71.0 
12 39878 72.0 
14 45032 73.0 
14 45066 74.0 
16 51438 75.0 
18 57874 76.0 
20 66490 77.0 
25 80246 78.0 
30 96480 79.0 
32 102666 80.0 
36 115458 81.0 
38 122454 82.0 
==== END RUN ====
0 1 35.0 
0 3 43.0 
0 45 45.0 
0 116 47.0 
0 142 48.0 
0 1044 49.0 
0 1046 50.0 
0 2245 51.0 
2 6790 52.0 
2 7303 55.0 
2 8237 56.0 
2 8386 57.0 
3 9842 58.0 
3 12445 60.0 
5 16161 63.0 
6 19800 64.0 
6 20515 65.0 
7 23035 67.0 
8 26195 69.0 
9 29026 70.0 
9 29764 71.0 
10 32010 72.0 
11 36171 73.0 
13 41662 74.0 
14 45384 75.0 
15 48790 76.0 
16 51744 77.0 
18 58484 78.0 
20 64888 79.0 
21 68088 80.0 
23 74192 81.0 
46 148174 82.0 
57 183274 83.0 
==== END RUN ====
0 1 40.0 
0 6 42.0 
0 40 48.0 
0 289 52.0 
0 390 53.0 
0 1520 58.0 
3 10933 60.0 
5 16026 61.0 
5 16525 62.0 
5 17875 64.0 
5 18594 65.0 
7 24476 66.0 
8 25677 67.0 
8 28766 68.0 
9 30290 69.0 
9 31183 70.0 
12 38470 71.0 
13 43038 72.0 
15 50138 73.0 
16 52686 74.0 
18 58310 75.0 
19 63198 76.0 
21 69388 77.0 
25 80714 78.0 
28 91714 79.0 
32 103106 80.0 
==== END RUN ====
0 1 31.0 
0 2 42.0 
0 12 43.0 
0 25 48.0 
0 71 52.0 
0 964 56.0 
2 7011 58.0 
4 14063 59.0 
4 15419 61.0 
7 23099 62.0 
7 24412 64.0 
9 31350 65.0 
11 35876 66.0 
12 38540 67.0 
13 43590 68.0 
14 45994 69.0 
16 51788 70.0 
17 56644 71.0 
20 64698 72.0 
24 79602 73.0 
28 90794 74.0 
33 106212 75.0 
50 160692 76.0 
52 169156 77.0 
57 185440 78.0 
59 189992 79.0 
63 202896 80.0 
69 223556 81.0 
==== END RUN ====
0 1 25.0 
0 2 30.0 
0 3 41.0 
0 23 42.0 
0 65 45.0 
0 73 51.0 
0 1920 52.0 
3 11499 53.0 
4 13327 55.0 
4 15843 57.0 
4 15852 58.0 
5 17220 61.0 
7 24699 62.0 
8 25648 63.0 
8 25961 64.0 
8 26015 65.0 
9 29981 67.0 
11 37423 68.0 
12 39754 69.0 
13 41880 70.0 
14 45368 71.0 
15 48230 72.0 
15 48408 73.0 
17 54892 74.0 
18 58162 75.0 
19 62560 76.0 
21 67772 77.0 
26 84034 78.0 
29 93062 79.0 
30 96288 80.0 
35 112260 81.0 
46 148948 82.0 
==== END RUN ====
0 1 42.0 
0 4 44.0 
0 32 47.0 
0 84 48.0 
0 526 50.0 
0 2055 52.0 
0 2320 54.0 
1 3242 56.0 
2 6658 57.0 
2 8573 58.0 
5 16016 60.0 
5 16078 64.0 
6 20321 65.0 
6 21618 66.0 
7 22941 68.0 
9 29142 69.0 
10 33375 70.0 
11 36992 71.0 
13 41772 73.0 
16 54302 74.0 
19 61036 75.0 
21 69558 76.0 
27 87896 77.0 
34 109946 78.0 
40 128610 79.0 
48 154210 80.0 
58 187954 81.0 
65 208608 82.0 
==== END RUN ====
0 1 36.0 
0 6 40.0 
0 12 43.0 
0 15 45.0 
0 88 48.0 
0 582 52.0 
0 1663 56.0 
5 16568 58.0 
5 17769 60.0 
7 22556 61.0 
7 22560 62.0 
7 25224 63.0 
8 25630 64.0 
9 29883 66.0 
9 30971 67.0 
10 32969 68.0 
11 36778 69.0 
12 39990 70.0 
14 44846 72.0 
15 49001 73.0 
16 51516 74.0 
18 58274 75.0 
19 63586 76.0 
28 90494 77.0 
32 104550 78.0 
44 141238 79.0 
51 163638 80.0 
==== END RUN ====
0 1 31.0 
0 3 32.0 
0 6 39.0 
0 18 45.0 
0 188 46.0 
0 345 51.0 
0 1310 54.0 
2 6933 61.0 
7 22446 62.0 
8 26773 63.0 
10 32033 64.0 
11 35241 65.0 
11 35884 67.0 
12 38435 68.0 
13 41663 70.0 
14 46890 71.0 
15 48936 72.0 
17 56496 73.0 
22 72842 74.0 
27 88510 75.0 
30 97422 76.0 
33 107964 77.0 
36 115574 78.0 
40 128904 79.0 
49 157180 80.0 
60 194334 81.0 
63 203706 82.0 
==== END RUN ====
0 1 41.0 
0 4 43.0 
0 80 44.0 
0 112 45.0 
0 154 48.0 
0 216 53.0 
0 3081 56.0 
3 11601 57.0 
4 12920 58.0 
4 13022 60.0 
4 15951 62.0 
5 17052 64.0 
6 19681 68.0 
9 28920 69.0 
9 29098 71.0 
13 44698 72.0 
14 44980 73.0 
16 51562 74.0 
17 55269 75.0 
18 57636 76.0 
19 63142 77.0 
21 68908 78.0 
24 77596 79.0 
27 87430 80.0 
33 105790 81.0 
36 115382 82.0 
39 127826 83.0 
41 133530 84.0 
==== END RUN ====
0 1 39.0 
0 2 44.0 
0 12 46.0 
0 15 49.0 
0 232 51.0 
0 2326 52.0 
0 3039 53.0 
2 7534 54.0 
4 14114 56.0 
5 16504 57.0 
6 19223 60.0 
8 25602 61.0 
8 26452 62.0 
8 27430 63.0 
9 29534 64.0 
10 32030 65.0 
11 35796 67.0 
13 42574 68.0 
14 45074 69.0 
16 51344 70.0 
16 51710 71.0 
19 61714 72.0 
20 65020 73.0 
22 71310 74.0 
25 80980 75.0 
28 90248 76.0 
31 100772 77.0 
37 119196 78.0 
44 141382 79.0 
63 204710 80.0 
==== END RUN ====
