0 1 2.0 
0 3 4.0 
0 5 5.0 
0 9 7.0 
0 99 8.0 
0 752 9.0 
0 958 11.0 
2 7065 12.0 
6 20717 13.0 
6 20974 14.0 
10 32263 18.0 
32 104617 22.0 
50 161173 23.0 
52 167157 24.0 
65 209549 25.0 
66 212355 26.0 
78 250556 27.0 
80 256287 28.0 
83 265735 29.0 
96 307841 30.0 
97 311201 31.0 
106 340051 34.0 
116 372360 35.0 
131 421946 37.0 
142 456460 38.0 
150 481970 39.0 
169 541701 40.0 
177 567701 42.0 
184 591929 43.0 
190 610250 44.0 
204 654887 45.0 
205 657850 46.0 
206 661294 48.0 
213 683790 50.0 
240 769539 53.0 
260 834099 56.0 
270 866661 57.0 
279 895742 58.0 
282 903801 61.0 
301 965031 63.0 
326 1045308 64.0 
333 1067675 66.0 
343 1099437 67.0 
354 1134041 68.0 
363 1163765 74.0 
383 1226231 75.0 
398 1275459 76.0 
410 1314637 79.0 
429 1375841 80.0 
451 1444729 81.0 
460 1474427 86.0 
466 1491293 87.0 
482 1545421 88.0 
488 1564726 89.0 
493 1579619 90.0 
495 1586861 91.0 
508 1626875 94.0 
524 1678659 97.0 
557 1785359 100.0 
==== END RUN ====
0 1 3.0 
0 13 5.0 
0 19 6.0 
0 109 7.0 
0 257 12.0 
0 2080 13.0 
1 4783 14.0 
4 14048 15.0 
17 56117 18.0 
25 81465 19.0 
30 96559 20.0 
46 149111 21.0 
49 159611 22.0 
54 175500 25.0 
60 194051 29.0 
90 288477 30.0 
96 309461 32.0 
121 388922 33.0 
126 406285 36.0 
130 416937 39.0 
161 515955 40.0 
165 530998 42.0 
183 587054 44.0 
200 641887 45.0 
200 641933 47.0 
216 692966 50.0 
239 765241 55.0 
252 807087 57.0 
264 847336 59.0 
287 920075 60.0 
289 927620 62.0 
291 933819 71.0 
329 1053025 72.0 
347 1112455 73.0 
355 1138027 74.0 
361 1156763 75.0 
363 1161961 76.0 
369 1181277 81.0 
399 1277573 82.0 
402 1288599 83.0 
417 1336483 88.0 
446 1427885 91.0 
462 1480501 92.0 
472 1513091 98.0 
498 1595691 100.0 
==== END RUN ====
0 1 2.0 
0 3 5.0 
0 19 10.0 
0 407 11.0 
0 1451 13.0 
1 4048 14.0 
3 12238 20.0 
34 110475 21.0 
46 150220 23.0 
49 159551 25.0 
52 169173 26.0 
77 248274 29.0 
84 270948 32.0 
90 289039 34.0 
128 409971 35.0 
129 413519 39.0 
148 474979 40.0 
149 477165 42.0 
177 569109 44.0 
193 620013 51.0 
219 702159 56.0 
271 867691 57.0 
272 872165 58.0 
282 905585 59.0 
285 913887 61.0 
293 938931 62.0 
294 943205 65.0 
296 948751 67.0 
325 1040219 68.0 
335 1072691 69.0 
337 1080905 72.0 
360 1152159 73.0 
374 1199457 74.0 
375 1203100 76.0 
384 1231583 77.0 
392 1254897 80.0 
418 1339089 81.0 
426 1364831 82.0 
430 1376447 83.0 
450 1440745 85.0 
462 1481156 86.0 
464 1487379 87.0 
473 1515813 88.0 
483 1546381 92.0 
485 1552707 95.0 
524 1678313 96.0 
538 1724405 97.0 
546 1748139 98.0 
549 1759441 100.0 
==== END RUN ====
0 1 2.0 
0 7 5.0 
0 11 6.0 
0 117 7.0 
0 149 8.0 
0 468 11.0 
0 3011 12.0 
2 8371 13.0 
3 10247 15.0 
7 25428 16.0 
9 31146 17.0 
16 54378 18.0 
31 99273 20.0 
31 100029 22.0 
36 117507 23.0 
45 146967 24.0 
64 207687 26.0 
72 233485 27.0 
85 275070 28.0 
88 284674 30.0 
89 285059 33.0 
112 359311 34.0 
120 387079 36.0 
134 431894 37.0 
139 445881 39.0 
152 489326 40.0 
156 502077 41.0 
170 546200 43.0 
179 575847 44.0 
183 587864 46.0 
184 591927 48.0 
202 648711 49.0 
209 670115 52.0 
240 769587 54.0 
240 770771 55.0 
247 792876 56.0 
255 818090 57.0 
268 859974 59.0 
283 907377 61.0 
293 940539 66.0 
312 999115 69.0 
324 1038747 70.0 
337 1080519 72.0 
342 1096791 75.0 
353 1129649 76.0 
355 1138974 79.0 
368 1179703 80.0 
387 1238917 81.0 
401 1286166 84.0 
406 1301319 85.0 
414 1327431 86.0 
442 1415403 87.0 
442 1415569 91.0 
476 1525063 92.0 
479 1533537 93.0 
481 1541573 94.0 
506 1621425 97.0 
517 1656445 100.0 
==== END RUN ====
0 1 1.0 
0 3 2.0 
0 7 5.0 
0 25 6.0 
0 61 8.0 
0 1013 10.0 
1 4296 12.0 
2 9419 13.0 
6 22118 16.0 
7 24816 18.0 
21 68335 19.0 
37 120700 21.0 
38 122329 23.0 
51 164332 26.0 
55 178119 28.0 
90 288031 29.0 
95 306819 33.0 
103 331390 34.0 
114 366263 37.0 
132 423449 38.0 
144 462588 39.0 
153 492575 44.0 
167 535015 45.0 
180 577269 46.0 
196 627765 49.0 
198 636698 50.0 
217 694633 51.0 
217 697172 52.0 
220 707183 53.0 
224 718801 55.0 
244 781725 57.0 
246 789031 59.0 
256 822017 60.0 
262 840546 62.0 
278 891223 66.0 
299 959821 68.0 
314 1005815 70.0 
330 1056305 73.0 
332 1064347 74.0 
351 1126074 75.0 
354 1133137 76.0 
363 1164007 78.0 
377 1209526 79.0 
389 1246689 81.0 
396 1269805 82.0 
400 1282463 84.0 
426 1365713 85.0 
426 1366367 87.0 
431 1380507 89.0 
440 1408473 91.0 
470 1505413 93.0 
501 1605907 96.0 
527 1688909 98.0 
534 1711907 100.0 
==== END RUN ====
0 1 2.0 
0 9 5.0 
0 93 6.0 
0 364 8.0 
0 381 10.0 
0 930 12.0 
0 2620 15.0 
9 30788 16.0 
19 61534 17.0 
21 70045 18.0 
32 103100 20.0 
44 142339 23.0 
56 180164 24.0 
60 192789 27.0 
80 257561 28.0 
87 280153 29.0 
101 324418 31.0 
107 344630 33.0 
123 395543 37.0 
153 491605 39.0 
153 492002 41.0 
170 545538 43.0 
182 583817 45.0 
184 590693 46.0 
198 633859 47.0 
212 678593 51.0 
247 791507 52.0 
254 814159 54.0 
267 855523 55.0 
282 904129 57.0 
283 908720 63.0 
307 985321 64.0 
319 1023472 65.0 
324 1038637 67.0 
344 1103546 73.0 
391 1253445 74.0 
415 1329873 75.0 
419 1341425 79.0 
444 1423789 84.0 
477 1529571 85.0 
479 1534483 86.0 
503 1612369 87.0 
516 1654263 89.0 
527 1688463 91.0 
541 1733419 92.0 
541 1734346 96.0 
562 1801489 97.0 
585 1873613 98.0 
586 1876675 99.0 
587 1879713 100.0 
==== END RUN ====
0 1 1.0 
0 7 2.0 
0 11 3.0 
0 49 4.0 
0 135 5.0 
0 187 6.0 
0 316 8.0 
0 1279 9.0 
0 1333 10.0 
0 2917 12.0 
3 11282 15.0 
5 18014 17.0 
9 30936 18.0 
33 108472 19.0 
43 138915 23.0 
52 168972 30.0 
105 337715 32.0 
112 358547 33.0 
117 377385 37.0 
129 414997 41.0 
159 511822 43.0 
159 511963 44.0 
171 548053 47.0 
195 625023 49.0 
209 671559 50.0 
213 683131 51.0 
225 721421 54.0 
239 767748 57.0 
242 776009 60.0 
278 890251 61.0 
281 901059 64.0 
287 918741 65.0 
301 965994 66.0 
303 971851 73.0 
336 1077989 75.0 
349 1117393 76.0 
352 1128954 77.0 
355 1139188 78.0 
358 1148099 82.0 
388 1244211 83.0 
401 1283359 84.0 
401 1285775 86.0 
431 1380005 89.0 
446 1429093 91.0 
458 1466817 92.0 
471 1509609 94.0 
503 1612001 96.0 
515 1648363 98.0 
521 1668399 99.0 
522 1673111 100.0 
==== END RUN ====
0 1 1.0 
0 3 6.0 
0 11 9.0 
0 888 11.0 
1 4691 12.0 
2 9468 13.0 
4 13195 14.0 
4 14312 17.0 
25 81379 19.0 
32 103585 20.0 
42 135455 22.0 
49 158119 23.0 
54 174646 27.0 
79 253897 28.0 
85 272019 32.0 
106 341736 40.0 
149 477219 42.0 
160 513117 43.0 
172 551069 46.0 
199 637477 48.0 
212 680608 53.0 
235 752099 56.0 
236 756677 58.0 
263 842701 59.0 
264 845701 62.0 
279 894977 64.0 
295 946198 65.0 
310 993495 68.0 
318 1020114 70.0 
338 1084316 75.0 
357 1144109 76.0 
381 1220275 79.0 
389 1247035 81.0 
397 1272263 84.0 
414 1325799 86.0 
424 1358767 88.0 
437 1399389 90.0 
464 1486351 91.0 
478 1530505 96.0 
482 1544015 97.0 
492 1575517 98.0 
515 1649205 99.0 
526 1685877 100.0 
==== END RUN ====
0 1 1.0 
0 3 3.0 
0 49 5.0 
0 109 7.0 
0 211 8.0 
0 553 9.0 
0 1222 10.0 
0 1956 12.0 
1 5763 13.0 
2 9193 16.0 
4 15716 17.0 
13 44670 18.0 
29 94780 19.0 
36 116944 21.0 
50 160952 23.0 
60 192143 25.0 
64 206393 29.0 
102 327672 30.0 
102 329167 31.0 
106 340706 33.0 
116 374360 34.0 
121 389969 36.0 
145 466765 38.0 
146 470051 41.0 
179 572837 42.0 
180 578227 43.0 
183 585705 46.0 
215 689471 47.0 
220 704129 48.0 
222 712155 51.0 
255 818773 55.0 
282 904149 58.0 
285 914645 64.0 
315 1010069 66.0 
334 1071181 69.0 
374 1197931 74.0 
387 1240886 75.0 
392 1257574 77.0 
421 1349443 80.0 
427 1369445 81.0 
430 1378645 83.0 
439 1405331 84.0 
447 1431841 85.0 
459 1469363 88.0 
469 1503852 90.0 
475 1520897 92.0 
479 1533673 93.0 
494 1583579 94.0 
506 1619713 96.0 
521 1669583 100.0 
==== END RUN ====
0 1 2.0 
0 3 3.0 
0 5 6.0 
0 9 9.0 
0 2614 10.0 
1 5091 11.0 
2 9090 12.0 
4 14930 13.0 
5 17965 14.0 
14 47731 15.0 
20 66895 16.0 
26 85554 19.0 
38 123112 25.0 
68 218937 27.0 
74 238709 31.0 
82 264705 32.0 
92 295728 34.0 
116 372245 36.0 
120 384599 37.0 
131 420275 38.0 
134 429685 40.0 
147 472689 41.0 
157 502453 42.0 
164 527241 44.0 
184 591491 45.0 
204 654860 48.0 
210 672065 53.0 
213 684392 56.0 
236 757322 57.0 
238 763049 61.0 
256 820485 64.0 
279 895042 68.0 
292 936095 73.0 
358 1146007 74.0 
359 1149083 76.0 
374 1197241 77.0 
376 1205431 78.0 
385 1234403 80.0 
402 1289513 81.0 
404 1294277 82.0 
410 1312527 83.0 
415 1330089 84.0 
419 1341801 85.0 
453 1451753 86.0 
464 1485405 88.0 
480 1536697 91.0 
488 1564365 92.0 
489 1566843 96.0 
524 1679453 98.0 
537 1720567 100.0 
==== END RUN ====
0 1 1.0 
0 5 3.0 
0 9 5.0 
0 113 6.0 
0 181 7.0 
0 302 8.0 
0 430 10.0 
0 569 14.0 
4 15017 17.0 
17 56577 19.0 
17 57227 20.0 
29 93095 23.0 
60 193743 27.0 
81 259841 31.0 
101 323697 34.0 
113 364679 35.0 
114 366496 39.0 
143 458445 42.0 
151 485466 43.0 
152 488725 46.0 
184 590640 47.0 
201 643651 48.0 
203 651105 50.0 
219 703241 53.0 
235 754713 57.0 
238 762781 58.0 
249 798083 59.0 
256 820819 60.0 
262 839653 63.0 
281 901861 65.0 
294 940865 67.0 
307 983681 69.0 
334 1069527 70.0 
346 1110118 71.0 
361 1157461 75.0 
369 1184000 77.0 
395 1264485 78.0 
400 1280905 79.0 
409 1311889 80.0 
410 1312861 83.0 
422 1353442 88.0 
462 1480279 89.0 
462 1481304 90.0 
487 1558697 91.0 
488 1562163 92.0 
493 1577989 93.0 
497 1591827 95.0 
504 1613167 96.0 
542 1734971 98.0 
542 1737029 99.0 
560 1792251 100.0 
==== END RUN ====
0 1 1.0 
0 7 3.0 
0 33 4.0 
0 39 6.0 
0 254 7.0 
0 359 9.0 
0 380 11.0 
3 11105 12.0 
4 14891 13.0 
6 20203 14.0 
9 30479 19.0 
31 101951 22.0 
36 115809 24.0 
50 161871 28.0 
80 257283 31.0 
97 312356 32.0 
104 335586 35.0 
140 449357 38.0 
148 475196 41.0 
148 476501 45.0 
150 481397 47.0 
178 571651 49.0 
211 677302 51.0 
212 681385 53.0 
214 686963 54.0 
216 693544 57.0 
233 748546 59.0 
244 781399 62.0 
252 806443 63.0 
271 869213 67.0 
280 896381 69.0 
293 939940 70.0 
294 943583 72.0 
314 1007985 73.0 
319 1022599 74.0 
331 1059637 75.0 
348 1113649 79.0 
358 1147031 80.0 
361 1157131 83.0 
363 1164683 85.0 
387 1239913 90.0 
414 1327575 93.0 
435 1393117 94.0 
446 1429181 95.0 
458 1466703 96.0 
460 1474167 100.0 
==== END RUN ====
0 1 1.0 
0 3 3.0 
0 43 5.0 
0 87 9.0 
0 1543 10.0 
0 2421 12.0 
3 10969 14.0 
3 11987 15.0 
12 40407 17.0 
26 86114 18.0 
36 118081 19.0 
38 124186 20.0 
41 131617 25.0 
57 184944 26.0 
77 247492 27.0 
78 251191 29.0 
85 274336 32.0 
108 346755 34.0 
115 368041 35.0 
117 376414 36.0 
120 386655 37.0 
141 452672 39.0 
144 462502 41.0 
155 498037 44.0 
175 561071 45.0 
175 562899 46.0 
187 598733 50.0 
202 648931 51.0 
228 731083 53.0 
237 760185 56.0 
251 806266 58.0 
262 841276 59.0 
268 860546 61.0 
281 900927 63.0 
300 960147 64.0 
311 997821 65.0 
317 1015203 67.0 
327 1048325 70.0 
338 1083161 71.0 
359 1151475 73.0 
367 1175033 75.0 
371 1190160 77.0 
391 1253847 78.0 
412 1318531 80.0 
419 1341601 82.0 
420 1347062 84.0 
427 1369293 85.0 
442 1416689 87.0 
470 1505801 90.0 
492 1575543 92.0 
497 1592743 93.0 
498 1594845 95.0 
502 1607719 96.0 
515 1648121 97.0 
536 1715601 98.0 
542 1735045 100.0 
==== END RUN ====
0 1 2.0 
0 11 3.0 
0 19 5.0 
0 39 8.0 
0 309 10.0 
0 2687 11.0 
1 5007 12.0 
4 13819 20.0 
26 85602 21.0 
46 148857 23.0 
50 160253 25.0 
61 196100 26.0 
78 252702 28.0 
89 285753 31.0 
103 332003 34.0 
117 376958 36.0 
147 472731 40.0 
147 473273 44.0 
202 648507 45.0 
203 651794 47.0 
221 709433 52.0 
269 863834 53.0 
274 877975 56.0 
280 896447 58.0 
288 922959 59.0 
303 971429 60.0 
313 1003133 70.0 
348 1115307 73.0 
376 1205739 77.0 
399 1278147 78.0 
413 1324402 79.0 
440 1410806 81.0 
442 1417040 82.0 
454 1455467 84.0 
458 1467115 85.0 
479 1535419 87.0 
485 1554697 92.0 
516 1653519 94.0 
520 1664507 99.0 
558 1786297 100.0 
==== END RUN ====
0 1 1.0 
0 7 4.0 
0 53 5.0 
0 141 6.0 
0 276 7.0 
0 1266 10.0 
1 3726 11.0 
1 4023 12.0 
3 12184 14.0 
5 17056 15.0 
8 27125 19.0 
28 90296 20.0 
50 162239 25.0 
52 167390 26.0 
80 258549 28.0 
95 305813 30.0 
113 363139 32.0 
117 376748 34.0 
124 398594 36.0 
146 469028 40.0 
167 536239 41.0 
172 550483 46.0 
189 607172 49.0 
210 672541 52.0 
244 783417 53.0 
247 791071 56.0 
274 876983 58.0 
293 939473 63.0 
295 946705 65.0 
310 993163 66.0 
325 1042725 69.0 
327 1048077 70.0 
345 1106764 71.0 
346 1107213 72.0 
369 1183311 76.0 
403 1291677 79.0 
408 1308649 81.0 
436 1397011 82.0 
444 1422351 84.0 
462 1480995 87.0 
462 1480999 89.0 
487 1558607 91.0 
490 1570475 95.0 
506 1621883 96.0 
520 1664411 98.0 
530 1696829 100.0 
==== END RUN ====
0 1 2.0 
0 3 5.0 
0 95 6.0 
0 209 8.0 
0 265 9.0 
0 1030 11.0 
0 2814 13.0 
2 7137 16.0 
13 43290 17.0 
34 109968 19.0 
35 112383 20.0 
44 142512 21.0 
48 154103 24.0 
65 208967 26.0 
73 235670 27.0 
82 262527 28.0 
85 272061 30.0 
88 284331 32.0 
107 344529 35.0 
108 348003 36.0 
123 395736 37.0 
130 417443 38.0 
149 479331 40.0 
163 522433 41.0 
170 545997 42.0 
172 550497 44.0 
177 567833 47.0 
213 682611 48.0 
218 699240 49.0 
220 706133 50.0 
234 751270 51.0 
247 791203 53.0 
255 818758 54.0 
261 836255 55.0 
267 856581 56.0 
275 882463 59.0 
277 888379 60.0 
303 971487 62.0 
303 971912 63.0 
315 1010770 64.0 
328 1051235 65.0 
332 1064876 67.0 
341 1093660 68.0 
349 1118325 69.0 
356 1141739 70.0 
385 1232151 71.0 
386 1237421 72.0 
386 1237435 73.0 
393 1259605 75.0 
394 1263039 77.0 
437 1400373 83.0 
440 1410467 87.0 
498 1595477 89.0 
511 1638260 91.0 
535 1714873 92.0 
562 1801171 93.0 
566 1813557 94.0 
566 1813877 95.0 
566 1814173 100.0 
==== END RUN ====
0 1 1.0 
0 3 2.0 
0 5 4.0 
0 25 5.0 
0 45 7.0 
0 133 8.0 
0 529 9.0 
0 1254 10.0 
0 2361 11.0 
1 5369 12.0 
3 12580 13.0 
6 22172 14.0 
11 36732 17.0 
19 60999 19.0 
33 107075 20.0 
38 122856 21.0 
39 127848 22.0 
51 166262 23.0 
60 192859 25.0 
67 217514 31.0 
98 314847 42.0 
133 428614 45.0 
149 477327 47.0 
165 530794 48.0 
167 536575 49.0 
182 584384 51.0 
195 626786 55.0 
226 724903 59.0 
248 796341 60.0 
252 808587 61.0 
267 856776 62.0 
287 920041 63.0 
287 921427 64.0 
290 930633 66.0 
309 989221 68.0 
320 1024557 72.0 
323 1034439 77.0 
368 1179651 81.0 
411 1318160 89.0 
419 1341617 90.0 
430 1378019 91.0 
441 1413415 94.0 
477 1527829 95.0 
482 1544485 96.0 
498 1594595 98.0 
520 1667105 100.0 
==== END RUN ====
0 1 2.0 
0 5 3.0 
0 21 4.0 
0 35 6.0 
0 123 8.0 
0 195 9.0 
0 2934 10.0 
0 3131 11.0 
5 19118 12.0 
6 20180 13.0 
7 23280 16.0 
25 82663 18.0 
36 117934 21.0 
48 156079 22.0 
55 177698 25.0 
64 206890 26.0 
77 247474 28.0 
81 261081 29.0 
89 286863 30.0 
112 359001 33.0 
113 362275 34.0 
128 410715 35.0 
133 428581 39.0 
154 493333 40.0 
164 526311 41.0 
174 557603 43.0 
183 585843 45.0 
183 586467 46.0 
202 649257 48.0 
212 681216 50.0 
222 712059 52.0 
231 740911 56.0 
241 772371 58.0 
256 822023 59.0 
265 849725 60.0 
277 887557 61.0 
280 898348 62.0 
283 908664 65.0 
291 931501 67.0 
292 937083 69.0 
306 980129 70.0 
324 1039107 71.0 
334 1069305 73.0 
339 1086897 74.0 
360 1153701 75.0 
361 1157652 76.0 
366 1172017 77.0 
367 1176737 79.0 
375 1203173 82.0 
381 1221485 85.0 
395 1266709 86.0 
401 1285879 89.0 
415 1329033 90.0 
430 1377769 91.0 
435 1393811 93.0 
444 1423479 94.0 
459 1470607 95.0 
466 1491965 96.0 
472 1511111 97.0 
481 1542221 98.0 
507 1623759 99.0 
510 1632305 100.0 
==== END RUN ====
0 1 2.0 
0 9 4.0 
0 31 5.0 
0 179 6.0 
0 330 7.0 
0 418 9.0 
1 3263 10.0 
1 4341 11.0 
3 11453 12.0 
5 17360 14.0 
11 36729 15.0 
13 43099 17.0 
29 93966 22.0 
51 164618 24.0 
61 197471 25.0 
63 202249 26.0 
76 244982 27.0 
78 252608 28.0 
80 256671 29.0 
85 273120 32.0 
101 324571 35.0 
117 376667 38.0 
143 457797 39.0 
157 502455 40.0 
161 515919 42.0 
175 561472 45.0 
196 630088 46.0 
206 661119 49.0 
219 703826 50.0 
227 728862 51.0 
242 777420 52.0 
254 815144 55.0 
281 901513 62.0 
317 1014711 65.0 
325 1040649 68.0 
338 1084429 70.0 
366 1171253 71.0 
367 1175083 75.0 
397 1273235 78.0 
405 1298307 79.0 
420 1345759 81.0 
432 1383707 83.0 
432 1384195 87.0 
469 1501499 90.0 
481 1540845 94.0 
504 1614905 95.0 
516 1652079 96.0 
539 1727829 98.0 
561 1798261 100.0 
==== END RUN ====
0 1 1.0 
0 5 2.0 
0 17 4.0 
0 21 5.0 
0 55 6.0 
0 189 7.0 
0 812 8.0 
0 1045 9.0 
0 1654 10.0 
0 2992 11.0 
0 3088 12.0 
2 7986 13.0 
5 17726 16.0 
13 43962 19.0 
37 120525 20.0 
39 124991 21.0 
46 148159 22.0 
54 175789 23.0 
57 182881 24.0 
63 203483 26.0 
65 208153 27.0 
83 268630 36.0 
126 404674 37.0 
134 431385 38.0 
140 449045 39.0 
146 468561 40.0 
157 503914 41.0 
166 532289 44.0 
179 575258 46.0 
181 581756 51.0 
203 651944 52.0 
211 677431 55.0 
230 737361 57.0 
241 771919 58.0 
260 833587 59.0 
266 853409 64.0 
289 925609 65.0 
294 942591 69.0 
312 998661 70.0 
322 1033589 72.0 
331 1061235 73.0 
347 1112461 75.0 
359 1150863 79.0 
384 1231390 80.0 
386 1237375 81.0 
394 1262125 82.0 
405 1296677 84.0 
426 1366147 86.0 
450 1442141 87.0 
462 1480343 88.0 
464 1486241 89.0 
495 1586683 91.0 
505 1618933 92.0 
524 1677635 94.0 
528 1690609 95.0 
533 1708571 100.0 
==== END RUN ====
0 1 1.0 
0 5 2.0 
0 11 4.0 
0 55 5.0 
0 133 7.0 
0 452 8.0 
0 809 12.0 
0 2328 13.0 
4 13962 16.0 
12 40127 19.0 
34 109349 21.0 
59 191110 25.0 
78 251794 28.0 
106 342268 29.0 
108 348497 30.0 
120 385611 31.0 
126 403367 33.0 
144 461773 34.0 
147 472739 35.0 
156 500139 37.0 
163 523003 39.0 
163 524540 40.0 
194 623850 42.0 
197 631493 45.0 
213 683986 48.0 
229 734195 49.0 
247 791821 50.0 
251 803569 51.0 
258 825965 52.0 
261 836699 58.0 
295 946960 61.0 
307 984907 62.0 
325 1040663 65.0 
331 1061608 66.0 
339 1085061 68.0 
370 1185385 71.0 
383 1228124 73.0 
386 1236911 75.0 
402 1286503 76.0 
411 1315747 77.0 
420 1345527 79.0 
426 1364947 80.0 
434 1389943 81.0 
440 1408043 82.0 
448 1435117 83.0 
461 1477739 84.0 
466 1493263 85.0 
492 1576897 87.0 
501 1604951 90.0 
515 1648875 91.0 
536 1717451 97.0 
569 1823913 98.0 
580 1858187 100.0 
==== END RUN ====
0 1 3.0 
0 9 4.0 
0 61 5.0 
0 135 10.0 
0 245 11.0 
0 3017 12.0 
3 10793 14.0 
11 35265 17.0 
12 39332 21.0 
37 120276 23.0 
54 175378 24.0 
55 178864 27.0 
66 214028 28.0 
94 302131 29.0 
104 334319 31.0 
105 338732 32.0 
116 371527 38.0 
136 435973 39.0 
154 493389 40.0 
160 512505 41.0 
162 520251 42.0 
166 532081 43.0 
183 586035 44.0 
186 596323 47.0 
198 636794 51.0 
219 700825 53.0 
233 747145 55.0 
241 773694 58.0 
246 788149 59.0 
275 880521 60.0 
286 917276 61.0 
293 939695 62.0 
298 956074 67.0 
330 1058535 68.0 
353 1131649 70.0 
359 1150829 73.0 
377 1206741 74.0 
390 1250913 75.0 
398 1276673 77.0 
403 1290855 78.0 
409 1311940 79.0 
411 1317875 80.0 
420 1344907 81.0 
424 1357461 82.0 
438 1404497 83.0 
458 1468235 84.0 
461 1475321 86.0 
479 1535273 87.0 
484 1551335 90.0 
498 1595331 91.0 
505 1617753 94.0 
532 1704785 96.0 
532 1705413 98.0 
556 1782119 100.0 
==== END RUN ====
0 1 1.0 
0 3 2.0 
0 13 3.0 
0 21 5.0 
0 43 7.0 
0 73 8.0 
0 939 12.0 
3 12228 13.0 
4 15968 16.0 
14 46389 17.0 
21 67949 19.0 
24 77718 20.0 
38 123430 22.0 
55 177160 23.0 
57 182681 24.0 
74 237463 26.0 
87 281546 28.0 
88 282968 30.0 
101 324569 32.0 
106 341568 33.0 
107 343475 35.0 
129 413669 39.0 
141 452345 43.0 
162 520961 45.0 
188 604234 46.0 
196 630124 47.0 
202 647599 49.0 
210 674179 51.0 
240 769741 55.0 
260 834628 59.0 
292 936311 60.0 
295 945871 64.0 
327 1048933 67.0 
335 1074634 74.0 
385 1233691 75.0 
405 1296255 76.0 
413 1323497 79.0 
435 1394892 80.0 
451 1446210 82.0 
458 1468540 84.0 
477 1526441 90.0 
493 1579373 92.0 
502 1608313 93.0 
507 1624327 94.0 
522 1671587 95.0 
538 1724665 97.0 
561 1797723 100.0 
==== END RUN ====
0 1 4.0 
0 25 6.0 
0 31 7.0 
0 97 8.0 
0 344 10.0 
0 2526 11.0 
3 12251 16.0 
12 39269 18.0 
21 67719 20.0 
37 120540 21.0 
46 149923 24.0 
50 160918 27.0 
77 248102 28.0 
85 273009 29.0 
90 290803 33.0 
107 342769 34.0 
107 344953 35.0 
123 395377 39.0 
132 424716 42.0 
166 531639 46.0 
170 546557 53.0 
218 699624 54.0 
219 703210 55.0 
236 757160 58.0 
241 771681 60.0 
255 816489 63.0 
256 821583 64.0 
288 921815 65.0 
290 930326 67.0 
300 961285 69.0 
308 986961 71.0 
318 1020301 72.0 
321 1027231 73.0 
323 1034547 74.0 
332 1064990 75.0 
338 1083993 78.0 
369 1182611 80.0 
379 1215617 81.0 
383 1228686 82.0 
407 1305067 84.0 
412 1320917 85.0 
413 1324559 86.0 
441 1411255 88.0 
447 1432245 89.0 
462 1481480 90.0 
474 1519739 92.0 
488 1561647 94.0 
498 1594831 95.0 
531 1702213 96.0 
534 1711813 100.0 
==== END RUN ====
0 1 2.0 
0 9 3.0 
0 37 4.0 
0 39 5.0 
0 137 7.0 
0 844 10.0 
0 1046 12.0 
1 4807 16.0 
16 52197 18.0 
23 74925 22.0 
66 213659 23.0 
66 214114 25.0 
69 223483 27.0 
90 289294 29.0 
91 293327 30.0 
96 309461 33.0 
123 396520 35.0 
129 413855 42.0 
136 436395 44.0 
183 587502 45.0 
188 604167 46.0 
220 704153 47.0 
229 734890 48.0 
230 739109 50.0 
246 789474 53.0 
248 795145 54.0 
249 798583 56.0 
250 801833 58.0 
285 914755 60.0 
296 950384 66.0 
324 1038627 68.0 
328 1051443 69.0 
330 1057701 70.0 
345 1106430 73.0 
345 1107134 74.0 
368 1180124 76.0 
381 1222083 77.0 
384 1230413 78.0 
399 1277947 79.0 
436 1397733 81.0 
439 1407691 82.0 
440 1408737 83.0 
484 1549315 84.0 
492 1574509 89.0 
538 1722733 93.0 
554 1773899 94.0 
581 1862035 97.0 
613 1963565 98.0 
629 2013895 99.0 
632 2023819 100.0 
==== END RUN ====
0 1 1.0 
0 5 3.0 
0 7 5.0 
0 151 6.0 
0 171 7.0 
0 415 9.0 
0 1350 11.0 
0 3033 13.0 
4 14979 21.0 
9 30122 24.0 
62 199730 27.0 
67 215115 31.0 
97 311183 32.0 
102 327861 38.0 
134 431790 42.0 
154 494566 51.0 
215 689963 52.0 
218 699111 53.0 
234 749249 55.0 
238 764318 58.0 
253 809849 62.0 
262 839893 63.0 
273 876392 65.0 
278 890423 68.0 
290 929659 71.0 
300 961649 74.0 
334 1069263 75.0 
337 1078685 79.0 
376 1205861 80.0 
382 1222733 81.0 
391 1251899 83.0 
399 1277749 84.0 
403 1292215 85.0 
411 1316413 86.0 
429 1373101 87.0 
430 1378863 88.0 
433 1388689 90.0 
440 1409489 91.0 
467 1496031 92.0 
472 1511931 95.0 
478 1532625 98.0 
507 1624919 99.0 
522 1673533 100.0 
==== END RUN ====
0 1 2.0 
0 19 5.0 
0 31 7.0 
0 257 11.0 
0 2431 16.0 
9 30775 20.0 
27 89398 21.0 
41 131409 22.0 
61 195279 23.0 
63 203174 26.0 
76 245957 27.0 
79 255216 32.0 
88 282675 34.0 
114 366003 35.0 
125 403172 36.0 
128 409637 41.0 
147 471021 42.0 
165 529375 43.0 
182 585489 46.0 
199 637985 50.0 
216 691583 51.0 
228 732324 53.0 
234 748883 54.0 
240 770590 55.0 
246 787591 56.0 
255 816327 59.0 
294 943004 61.0 
301 964893 63.0 
332 1064454 64.0 
341 1093991 66.0 
378 1211853 74.0 
406 1302162 78.0 
425 1360387 79.0 
430 1376351 87.0 
486 1556155 88.0 
496 1590058 89.0 
508 1628199 90.0 
519 1662149 92.0 
532 1705037 96.0 
556 1779675 98.0 
566 1813943 100.0 
==== END RUN ====
0 1 1.0 
0 15 3.0 
0 25 4.0 
0 33 5.0 
0 49 7.0 
0 173 12.0 
1 4574 15.0 
15 50895 17.0 
18 58963 18.0 
20 66982 20.0 
38 123209 21.0 
41 132420 29.0 
82 264957 30.0 
102 329478 31.0 
105 337669 32.0 
112 360920 35.0 
115 368985 36.0 
137 440193 37.0 
156 502038 38.0 
157 504853 39.0 
165 530417 42.0 
183 586809 43.0 
186 595455 45.0 
209 669565 47.0 
212 680149 48.0 
228 732364 49.0 
236 757312 50.0 
237 758815 53.0 
253 811047 54.0 
275 881631 55.0 
293 939673 65.0 
338 1083347 66.0 
349 1119735 67.0 
357 1144948 68.0 
358 1147611 69.0 
391 1251827 71.0 
391 1252973 72.0 
395 1266129 76.0 
415 1330157 83.0 
451 1445439 86.0 
471 1508255 87.0 
478 1529665 88.0 
496 1588123 89.0 
512 1641165 90.0 
513 1643665 92.0 
518 1657721 94.0 
541 1732127 98.0 
574 1839913 100.0 
==== END RUN ====
0 1 1.0 
0 11 3.0 
0 25 4.0 
0 49 6.0 
0 109 7.0 
0 149 8.0 
0 479 9.0 
0 1596 10.0 
1 5068 12.0 
1 5206 14.0 
6 21556 15.0 
8 26806 16.0 
23 75923 20.0 
45 144651 21.0 
56 180576 23.0 
59 190689 24.0 
70 224469 26.0 
97 311680 28.0 
101 324043 29.0 
114 367983 30.0 
120 386540 31.0 
131 419951 32.0 
134 429932 33.0 
136 437084 34.0 
157 505466 36.0 
163 522459 40.0 
189 605739 42.0 
190 608733 43.0 
197 633237 44.0 
213 681711 45.0 
217 696715 46.0 
219 703736 47.0 
230 737165 52.0 
248 796040 58.0 
283 907157 60.0 
310 992645 64.0 
335 1073351 66.0 
340 1089873 67.0 
366 1173259 68.0 
371 1189209 70.0 
376 1204179 71.0 
378 1212268 72.0 
393 1259283 73.0 
397 1273405 74.0 
412 1319635 75.0 
417 1337506 77.0 
430 1378377 79.0 
443 1418247 80.0 
454 1454409 82.0 
456 1462362 87.0 
492 1575779 90.0 
525 1682909 91.0 
526 1683783 92.0 
527 1688065 95.0 
537 1719937 97.0 
544 1741779 100.0 
==== END RUN ====
0 1 3.0 
0 41 6.0 
0 143 7.0 
0 191 11.0 
2 9495 13.0 
7 24846 14.0 
8 26203 15.0 
11 35497 16.0 
16 52363 18.0 
24 76861 19.0 
25 82578 21.0 
29 94649 23.0 
62 199347 24.0 
67 216892 25.0 
74 238463 27.0 
78 252434 30.0 
96 308206 31.0 
100 321923 32.0 
100 322178 33.0 
114 367025 35.0 
120 386372 37.0 
125 400021 38.0 
137 439301 39.0 
143 458849 41.0 
163 523605 43.0 
183 588031 45.0 
184 591078 46.0 
191 611471 47.0 
205 657553 51.0 
217 696803 53.0 
233 747722 54.0 
245 784059 55.0 
252 809329 58.0 
261 835497 59.0 
286 918094 61.0 
318 1018441 62.0 
325 1041769 66.0 
337 1080403 69.0 
360 1152929 70.0 
370 1184827 73.0 
393 1259361 74.0 
402 1289141 76.0 
414 1327794 77.0 
421 1347457 78.0 
421 1350026 79.0 
437 1400463 80.0 
446 1429459 82.0 
457 1463749 84.0 
465 1490611 86.0 
478 1531691 88.0 
504 1613295 89.0 
518 1659965 92.0 
533 1705897 96.0 
560 1792545 98.0 
561 1796029 100.0 
==== END RUN ====
0 1 1.0 
0 5 2.0 
0 17 7.0 
0 47 10.0 
0 794 13.0 
4 14642 14.0 
6 20685 15.0 
19 61981 17.0 
20 64868 19.0 
34 110007 25.0 
68 218433 27.0 
76 245958 29.0 
78 250807 33.0 
103 331537 35.0 
129 415774 36.0 
136 437659 37.0 
155 498976 38.0 
158 507795 39.0 
173 555273 40.0 
179 574962 41.0 
181 580315 42.0 
215 690704 46.0 
227 728593 50.0 
248 796096 51.0 
254 814143 52.0 
261 836843 53.0 
272 873189 56.0 
309 990507 58.0 
310 992561 59.0 
311 998065 61.0 
315 1011035 65.0 
345 1104713 66.0 
354 1134579 68.0 
379 1214479 69.0 
382 1224329 71.0 
388 1244553 72.0 
396 1269175 77.0 
418 1339779 79.0 
446 1429121 80.0 
473 1516157 81.0 
478 1531531 82.0 
480 1537147 83.0 
483 1546531 85.0 
488 1563811 86.0 
502 1609177 87.0 
507 1625141 89.0 
512 1639775 90.0 
534 1710937 93.0 
554 1775695 94.0 
561 1797235 96.0 
577 1847761 99.0 
588 1884393 100.0 
==== END RUN ====
0 1 1.0 
0 7 2.0 
0 17 4.0 
0 155 5.0 
0 189 9.0 
0 501 12.0 
0 1262 14.0 
15 48613 16.0 
21 68865 17.0 
25 81579 21.0 
40 129874 23.0 
46 150380 24.0 
52 168216 26.0 
78 251513 27.0 
79 255690 28.0 
90 290267 31.0 
91 293618 33.0 
119 382456 34.0 
119 382855 38.0 
133 427980 40.0 
141 453575 42.0 
158 507451 44.0 
174 559286 47.0 
178 572656 48.0 
182 585264 50.0 
207 664628 52.0 
214 686682 53.0 
215 689950 56.0 
240 770039 59.0 
264 845717 62.0 
268 857927 65.0 
291 932247 68.0 
343 1098531 70.0 
351 1126142 71.0 
365 1168457 73.0 
367 1177401 74.0 
375 1201089 76.0 
384 1229289 77.0 
397 1271207 80.0 
407 1304777 82.0 
425 1361069 83.0 
432 1385124 85.0 
440 1410633 86.0 
444 1421933 90.0 
468 1499011 91.0 
487 1558797 92.0 
489 1567203 96.0 
505 1616179 98.0 
520 1666841 100.0 
==== END RUN ====
0 1 1.0 
0 15 5.0 
0 157 6.0 
0 354 7.0 
0 654 8.0 
0 715 9.0 
0 1103 11.0 
3 11314 12.0 
3 12340 15.0 
4 12855 17.0 
23 73685 18.0 
23 73983 19.0 
25 82618 21.0 
54 175386 23.0 
55 176903 25.0 
77 249522 28.0 
81 260436 29.0 
96 309182 30.0 
105 338446 32.0 
118 380682 34.0 
123 395788 35.0 
125 401640 38.0 
153 490513 39.0 
158 508234 40.0 
165 528327 41.0 
170 546443 42.0 
183 587184 47.0 
188 603411 48.0 
214 686508 49.0 
217 695943 50.0 
223 715005 51.0 
227 728451 55.0 
233 748391 56.0 
253 812021 57.0 
267 854767 60.0 
298 953797 62.0 
300 961311 63.0 
306 981045 68.0 
321 1027321 69.0 
348 1113747 70.0 
357 1144473 71.0 
367 1175353 72.0 
368 1179351 73.0 
384 1230253 76.0 
392 1257573 77.0 
403 1289887 79.0 
407 1303305 80.0 
410 1314587 82.0 
412 1320485 83.0 
415 1330972 84.0 
419 1343277 85.0 
428 1369789 91.0 
448 1436663 94.0 
458 1467465 95.0 
472 1513323 96.0 
473 1516053 97.0 
484 1551789 98.0 
499 1599271 99.0 
505 1618469 100.0 
==== END RUN ====
0 1 1.0 
0 9 3.0 
0 11 4.0 
0 15 7.0 
0 147 10.0 
0 799 11.0 
2 7469 12.0 
3 10286 13.0 
3 11759 17.0 
20 64587 21.0 
51 164898 22.0 
56 181907 24.0 
59 189451 25.0 
68 219908 29.0 
81 262027 30.0 
95 305392 33.0 
106 341342 37.0 
140 450493 38.0 
144 462127 39.0 
154 494186 40.0 
161 518354 41.0 
166 533940 44.0 
177 567359 45.0 
194 623682 47.0 
210 673505 54.0 
226 725693 57.0 
256 820199 58.0 
263 843139 59.0 
271 869015 60.0 
282 903191 61.0 
286 917432 63.0 
294 941865 65.0 
310 994873 66.0 
312 999659 67.0 
324 1037215 68.0 
325 1040721 69.0 
328 1050485 76.0 
355 1138161 78.0 
383 1228723 79.0 
391 1252339 80.0 
394 1263962 83.0 
410 1312207 84.0 
413 1321809 85.0 
424 1359543 86.0 
427 1366593 87.0 
458 1468723 89.0 
474 1518561 93.0 
504 1613653 94.0 
524 1679567 96.0 
534 1711143 98.0 
558 1786451 99.0 
568 1820535 100.0 
==== END RUN ====
0 1 2.0 
0 7 3.0 
0 21 4.0 
0 63 5.0 
0 111 6.0 
0 119 8.0 
0 195 9.0 
0 273 10.0 
0 2452 11.0 
1 3559 13.0 
6 20921 15.0 
18 58041 16.0 
19 60979 17.0 
25 81178 20.0 
29 94697 21.0 
49 158043 23.0 
51 163976 24.0 
69 222018 25.0 
73 236474 27.0 
81 261034 28.0 
94 302853 29.0 
99 319346 31.0 
102 327419 32.0 
143 458345 33.0 
149 477027 34.0 
151 484738 37.0 
169 542654 40.0 
189 606848 41.0 
200 641051 42.0 
205 658746 44.0 
227 728099 48.0 
240 769826 49.0 
259 829091 52.0 
259 831315 53.0 
267 854903 55.0 
276 885255 56.0 
298 955131 57.0 
299 959501 58.0 
312 1000239 59.0 
312 1001216 61.0 
320 1026061 63.0 
326 1044877 67.0 
357 1143989 68.0 
359 1149653 70.0 
378 1211821 71.0 
382 1223597 72.0 
390 1250091 73.0 
406 1301525 74.0 
415 1328415 75.0 
425 1360881 79.0 
438 1401841 85.0 
461 1475573 87.0 
472 1513565 91.0 
496 1589037 96.0 
529 1695949 100.0 
==== END RUN ====
0 1 1.0 
0 3 2.0 
0 11 8.0 
0 275 9.0 
0 1939 10.0 
0 2662 11.0 
0 2705 13.0 
0 3018 16.0 
14 47385 17.0 
15 49231 19.0 
36 115475 20.0 
37 119511 21.0 
47 152232 30.0 
86 278132 31.0 
92 295205 32.0 
92 295938 33.0 
101 323771 37.0 
115 370415 38.0 
136 436996 39.0 
138 443079 40.0 
150 482748 41.0 
160 514604 42.0 
165 528161 47.0 
191 611825 50.0 
211 677864 52.0 
218 699273 56.0 
240 768435 59.0 
249 797265 61.0 
253 812701 62.0 
268 859481 66.0 
286 917297 67.0 
298 956494 68.0 
314 1007778 70.0 
317 1016607 72.0 
329 1055195 78.0 
367 1177514 79.0 
373 1196035 80.0 
382 1222943 81.0 
382 1225203 84.0 
385 1234861 85.0 
398 1276532 88.0 
422 1352341 90.0 
463 1484509 91.0 
466 1492013 92.0 
489 1566997 94.0 
489 1567835 95.0 
507 1625299 96.0 
527 1689411 100.0 
==== END RUN ====
0 1 2.0 
0 5 3.0 
0 21 4.0 
0 39 5.0 
0 145 7.0 
0 235 9.0 
0 1416 10.0 
0 1982 13.0 
2 8871 14.0 
7 24536 16.0 
22 73119 21.0 
49 158459 22.0 
54 174842 26.0 
66 212700 27.0 
67 216866 30.0 
87 280522 32.0 
87 280584 33.0 
116 373354 34.0 
127 406617 35.0 
135 432991 37.0 
146 468173 40.0 
152 486827 43.0 
155 498663 44.0 
180 578278 45.0 
196 629790 47.0 
203 649863 53.0 
226 725819 54.0 
242 775701 58.0 
254 814297 59.0 
269 863792 63.0 
288 924587 64.0 
290 928935 65.0 
310 993911 66.0 
317 1016924 67.0 
321 1027503 68.0 
324 1039664 75.0 
348 1115933 77.0 
358 1145647 78.0 
376 1206302 79.0 
378 1210785 80.0 
391 1254273 82.0 
404 1295299 87.0 
424 1358495 95.0 
485 1554035 96.0 
499 1597701 97.0 
499 1598529 100.0 
==== END RUN ====
0 1 2.0 
0 23 3.0 
0 27 4.0 
0 45 6.0 
0 57 12.0 
3 12140 16.0 
15 50294 17.0 
20 67025 20.0 
27 87009 22.0 
27 88591 25.0 
74 238004 26.0 
75 242592 28.0 
90 289674 30.0 
102 327049 31.0 
116 372005 32.0 
116 372055 33.0 
118 378079 36.0 
135 433240 38.0 
137 438781 42.0 
163 522237 43.0 
169 542195 45.0 
182 584387 48.0 
192 616115 50.0 
209 669509 51.0 
220 706154 52.0 
229 735960 53.0 
232 745163 55.0 
240 770108 59.0 
269 861607 60.0 
289 926489 61.0 
291 933487 62.0 
294 943608 63.0 
298 955799 64.0 
302 969348 66.0 
323 1035567 67.0 
333 1067755 69.0 
351 1125079 70.0 
353 1129925 71.0 
371 1189463 77.0 
377 1207113 78.0 
386 1238076 80.0 
398 1276451 81.0 
415 1330979 84.0 
431 1380357 86.0 
438 1403811 87.0 
456 1459215 89.0 
458 1468185 90.0 
473 1516309 91.0 
475 1523044 93.0 
509 1631199 96.0 
531 1700991 100.0 
==== END RUN ====
0 1 3.0 
0 7 6.0 
0 139 8.0 
0 407 10.0 
0 1051 11.0 
1 3678 12.0 
4 13063 15.0 
10 33660 21.0 
36 118138 23.0 
60 192645 25.0 
66 214225 26.0 
67 215493 27.0 
89 285798 28.0 
92 294685 29.0 
93 300139 30.0 
96 308918 34.0 
120 385576 35.0 
132 422777 36.0 
133 425839 38.0 
158 505647 39.0 
158 508121 41.0 
194 623686 43.0 
197 632332 44.0 
205 658966 45.0 
210 673871 50.0 
249 799468 51.0 
272 871717 53.0 
294 943490 54.0 
301 964805 56.0 
317 1015343 58.0 
328 1050185 59.0 
337 1080602 60.0 
348 1115213 61.0 
350 1122579 63.0 
357 1145070 64.0 
365 1169813 67.0 
369 1183560 68.0 
386 1237135 69.0 
417 1337509 70.0 
418 1337793 71.0 
433 1387925 74.0 
448 1436624 77.0 
479 1535492 78.0 
491 1572491 80.0 
521 1667729 84.0 
548 1753793 85.0 
548 1756295 87.0 
564 1807864 88.0 
568 1820686 91.0 
580 1857445 93.0 
608 1948718 94.0 
613 1964744 95.0 
622 1992345 97.0 
649 2079231 98.0 
658 2107977 100.0 
==== END RUN ====
0 1 1.0 
0 5 3.0 
0 11 4.0 
0 39 7.0 
0 81 8.0 
0 323 13.0 
3 11226 14.0 
8 27055 19.0 
27 88783 20.0 
40 128183 21.0 
41 132814 24.0 
49 159789 25.0 
49 159928 27.0 
72 233092 28.0 
83 267237 30.0 
93 298265 31.0 
95 306639 35.0 
99 317273 36.0 
116 371605 39.0 
140 449495 41.0 
140 449956 42.0 
155 497892 43.0 
157 504489 44.0 
171 549753 45.0 
174 557645 49.0 
193 618469 50.0 
204 655443 52.0 
210 672929 53.0 
222 712402 54.0 
231 740919 56.0 
236 757856 57.0 
246 788579 58.0 
252 808113 59.0 
265 850774 62.0 
280 897757 64.0 
292 934919 69.0 
331 1061716 70.0 
348 1114689 71.0 
353 1130319 73.0 
362 1160621 76.0 
373 1193831 77.0 
390 1250129 79.0 
423 1356417 81.0 
439 1406393 83.0 
451 1446119 88.0 
456 1460977 90.0 
469 1501481 91.0 
497 1590801 92.0 
517 1655595 94.0 
522 1672757 96.0 
543 1738745 98.0 
553 1772737 99.0 
564 1807053 100.0 
==== END RUN ====
0 1 1.0 
0 9 2.0 
0 31 3.0 
0 47 4.0 
0 67 5.0 
0 196 6.0 
0 232 7.0 
0 697 8.0 
0 1589 9.0 
0 2749 11.0 
2 7607 13.0 
3 10598 14.0 
9 29545 15.0 
16 53731 16.0 
19 63107 18.0 
36 117163 20.0 
45 145888 23.0 
50 161786 24.0 
77 246773 25.0 
78 251053 27.0 
87 279683 29.0 
95 306376 30.0 
101 323891 31.0 
105 337396 33.0 
107 344206 34.0 
128 412429 36.0 
133 426609 37.0 
144 463845 45.0 
188 603047 47.0 
196 628633 51.0 
230 738538 53.0 
241 773994 54.0 
265 849219 55.0 
267 854767 60.0 
269 862841 61.0 
295 946028 62.0 
300 962210 65.0 
331 1061976 70.0 
361 1157682 71.0 
389 1245081 72.0 
398 1274183 73.0 
401 1285013 76.0 
427 1367139 80.0 
456 1459573 82.0 
478 1532369 85.0 
494 1582727 86.0 
498 1596151 90.0 
521 1669285 91.0 
544 1743729 92.0 
548 1755877 94.0 
557 1785175 96.0 
562 1800505 97.0 
566 1813109 98.0 
601 1923651 99.0 
606 1940537 100.0 
==== END RUN ====
0 1 2.0 
0 13 3.0 
0 23 4.0 
0 25 5.0 
0 117 7.0 
0 487 11.0 
1 6392 12.0 
2 6477 15.0 
9 30145 17.0 
13 42829 21.0 
29 93852 26.0 
70 225665 28.0 
80 256623 29.0 
87 279245 31.0 
99 318595 32.0 
102 329168 34.0 
119 382474 37.0 
124 398949 38.0 
136 438011 40.0 
139 444927 46.0 
153 491352 49.0 
180 576563 51.0 
183 587668 52.0 
189 605443 54.0 
198 635679 56.0 
220 706202 57.0 
234 751948 58.0 
238 763273 59.0 
241 773757 62.0 
258 828506 64.0 
281 901863 65.0 
285 914368 67.0 
292 935943 69.0 
307 982793 70.0 
311 996641 72.0 
325 1042544 75.0 
346 1109599 76.0 
367 1174405 77.0 
370 1186327 80.0 
391 1252741 83.0 
404 1295409 86.0 
417 1335239 88.0 
449 1438963 90.0 
452 1448887 91.0 
466 1494337 92.0 
484 1549377 93.0 
485 1552031 94.0 
495 1586843 95.0 
510 1634787 98.0 
513 1642815 99.0 
534 1711833 100.0 
==== END RUN ====
0 1 1.0 
0 7 2.0 
0 23 3.0 
0 31 4.0 
0 39 5.0 
0 107 6.0 
0 121 8.0 
0 420 9.0 
0 820 11.0 
2 7397 12.0 
3 12462 13.0 
9 31384 17.0 
26 85026 18.0 
33 108653 22.0 
57 184644 23.0 
59 190463 24.0 
66 212577 25.0 
70 225564 26.0 
76 245082 32.0 
96 309376 33.0 
104 335038 35.0 
125 402408 36.0 
128 412634 37.0 
146 468982 38.0 
146 469942 39.0 
162 520904 40.0 
167 536323 42.0 
171 550046 44.0 
176 564087 46.0 
187 600757 47.0 
195 626390 49.0 
204 654787 53.0 
210 673721 54.0 
235 754686 56.0 
250 800287 57.0 
251 804421 59.0 
278 891507 61.0 
279 894171 65.0 
316 1013675 66.0 
320 1026642 68.0 
332 1062853 69.0 
345 1106345 70.0 
346 1109843 71.0 
357 1145170 74.0 
379 1213479 75.0 
389 1245571 77.0 
395 1267104 83.0 
437 1399195 84.0 
445 1424611 86.0 
479 1533179 88.0 
479 1534897 89.0 
481 1541089 90.0 
496 1589493 91.0 
510 1634623 92.0 
511 1635329 94.0 
516 1651297 96.0 
518 1660539 100.0 
==== END RUN ====
0 1 1.0 
0 5 4.0 
0 37 6.0 
0 89 7.0 
0 748 9.0 
0 971 11.0 
0 1094 13.0 
3 10009 14.0 
10 34492 17.0 
16 51953 18.0 
35 114302 19.0 
36 117438 21.0 
48 154275 23.0 
50 160861 25.0 
64 206260 26.0 
78 251705 29.0 
96 307807 31.0 
106 341451 32.0 
123 394353 34.0 
134 430829 38.0 
153 490581 40.0 
156 500822 41.0 
175 562867 44.0 
211 675711 45.0 
228 730889 47.0 
231 742269 51.0 
234 749019 55.0 
279 894886 57.0 
302 968512 58.0 
304 974377 60.0 
311 997139 61.0 
317 1016403 65.0 
353 1130415 69.0 
386 1237431 71.0 
393 1259891 72.0 
408 1308112 73.0 
415 1329181 74.0 
420 1346794 75.0 
425 1360667 76.0 
434 1388807 79.0 
455 1459077 80.0 
467 1496767 81.0 
480 1536471 82.0 
490 1568963 84.0 
491 1571549 89.0 
527 1689290 90.0 
554 1775569 93.0 
556 1781783 95.0 
580 1857557 96.0 
598 1913743 97.0 
601 1926063 98.0 
610 1953013 99.0 
644 2063975 100.0 
==== END RUN ====
0 1 2.0 
0 3 5.0 
0 29 9.0 
0 2701 11.0 
4 15287 13.0 
7 23304 14.0 
9 28911 15.0 
12 39399 19.0 
29 95682 24.0 
69 223037 25.0 
69 223684 28.0 
71 229982 30.0 
95 305214 32.0 
120 386553 33.0 
124 398978 36.0 
150 482155 37.0 
164 527869 38.0 
165 529439 39.0 
178 571070 41.0 
193 618799 42.0 
212 680637 45.0 
229 735271 47.0 
250 802460 48.0 
259 830761 49.0 
263 842165 50.0 
263 843823 51.0 
282 903091 52.0 
291 933827 54.0 
300 961981 57.0 
310 992823 59.0 
323 1033681 61.0 
336 1077515 62.0 
345 1105991 63.0 
358 1145779 74.0 
433 1388365 75.0 
436 1397779 77.0 
440 1411066 78.0 
463 1483381 82.0 
498 1594369 83.0 
521 1668855 84.0 
531 1701723 92.0 
538 1722987 93.0 
559 1790047 94.0 
562 1800447 97.0 
581 1862315 100.0 
==== END RUN ====
0 1 6.0 
0 141 8.0 
1 3594 9.0 
1 6350 10.0 
2 8864 12.0 
3 10932 13.0 
8 26825 16.0 
10 35139 17.0 
16 51699 22.0 
52 167408 24.0 
66 213837 26.0 
80 258866 27.0 
86 276196 28.0 
93 298417 29.0 
93 299675 31.0 
113 363914 32.0 
128 410759 33.0 
130 418815 34.0 
133 426947 35.0 
146 468527 37.0 
150 482607 38.0 
155 498338 39.0 
176 563649 43.0 
188 602571 44.0 
202 649482 45.0 
211 675577 47.0 
221 708527 48.0 
223 714953 49.0 
242 776151 51.0 
251 805856 52.0 
268 859334 53.0 
281 899537 55.0 
284 910967 57.0 
298 955331 58.0 
299 958731 59.0 
321 1029067 62.0 
340 1090649 63.0 
343 1099810 65.0 
369 1182777 66.0 
374 1198711 68.0 
379 1212815 71.0 
400 1282283 72.0 
405 1297213 76.0 
423 1355233 77.0 
426 1363347 78.0 
452 1446443 79.0 
455 1456111 80.0 
468 1500199 82.0 
471 1509747 83.0 
475 1522355 84.0 
479 1534773 85.0 
488 1564436 86.0 
502 1607691 87.0 
503 1609867 89.0 
512 1639433 90.0 
529 1693227 98.0 
541 1732989 99.0 
555 1778125 100.0 
==== END RUN ====
0 1 1.0 
0 7 2.0 
0 13 3.0 
0 19 4.0 
0 43 5.0 
0 65 10.0 
0 2388 12.0 
1 3871 13.0 
1 6373 14.0 
13 44735 16.0 
19 61870 17.0 
24 77889 20.0 
34 110111 21.0 
38 122764 26.0 
73 234915 27.0 
75 241970 28.0 
83 266215 30.0 
93 298255 31.0 
114 367873 32.0 
129 413397 34.0 
131 420131 37.0 
159 509441 38.0 
165 530780 39.0 
168 537759 40.0 
177 568024 43.0 
192 616731 45.0 
197 631777 46.0 
224 719237 49.0 
230 737757 50.0 
232 744242 54.0 
257 824772 57.0 
272 871629 60.0 
305 978843 63.0 
350 1122386 64.0 
353 1131497 73.0 
384 1231732 76.0 
428 1371911 81.0 
438 1403569 83.0 
446 1429911 85.0 
461 1477697 87.0 
478 1530423 89.0 
479 1533973 90.0 
501 1603359 94.0 
507 1625135 96.0 
520 1664903 97.0 
527 1689556 98.0 
528 1692463 99.0 
539 1727385 100.0 
==== END RUN ====
0 1 1.0 
0 3 8.0 
0 105 10.0 
0 2886 11.0 
1 3796 13.0 
4 13143 14.0 
4 15572 15.0 
7 24795 16.0 
10 34770 17.0 
32 102993 19.0 
32 103100 20.0 
43 139453 23.0 
56 180559 25.0 
79 253621 27.0 
80 256257 28.0 
86 277279 32.0 
120 386185 33.0 
122 393027 34.0 
133 428508 36.0 
143 459413 37.0 
144 461733 39.0 
149 479512 41.0 
156 501852 42.0 
175 562632 43.0 
176 565220 44.0 
183 586475 45.0 
197 632080 47.0 
204 654595 50.0 
222 711759 53.0 
241 773960 58.0 
257 824397 61.0 
292 935845 62.0 
312 1000131 63.0 
325 1043022 64.0 
329 1055971 69.0 
348 1116653 72.0 
359 1151598 76.0 
376 1206057 77.0 
381 1221483 80.0 
397 1272611 82.0 
410 1314535 88.0 
462 1479791 89.0 
487 1558635 90.0 
488 1564465 91.0 
506 1621705 92.0 
514 1646177 94.0 
540 1728373 98.0 
553 1770897 99.0 
568 1817859 100.0 
==== END RUN ====
0 1 1.0 
0 5 2.0 
0 7 3.0 
0 45 4.0 
0 65 8.0 
0 113 13.0 
6 20692 14.0 
9 29433 15.0 
12 38623 16.0 
18 59052 17.0 
31 101166 20.0 
35 114193 22.0 
55 179014 23.0 
65 210877 24.0 
73 234453 25.0 
74 238861 26.0 
83 267209 27.0 
100 320235 28.0 
103 332031 29.0 
108 347022 39.0 
169 542199 41.0 
183 588638 42.0 
206 661952 43.0 
211 678267 46.0 
226 724441 47.0 
228 732051 49.0 
253 811157 51.0 
256 820751 52.0 
261 838363 54.0 
278 890857 55.0 
281 899463 56.0 
290 930907 59.0 
292 936169 61.0 
308 986595 66.0 
336 1076089 67.0 
337 1080425 68.0 
347 1112943 70.0 
379 1214785 71.0 
385 1233655 73.0 
396 1267915 76.0 
396 1269271 77.0 
414 1327465 79.0 
416 1332005 80.0 
433 1387745 82.0 
470 1505933 83.0 
471 1509749 84.0 
479 1535295 85.0 
497 1590905 86.0 
510 1632601 89.0 
555 1778727 90.0 
556 1782063 92.0 
579 1854361 93.0 
587 1878591 95.0 
625 2002977 97.0 
628 2012661 98.0 
650 2082203 99.0 
666 2132723 100.0 
==== END RUN ====
0 1 2.0 
0 13 3.0 
0 17 5.0 
0 51 6.0 
0 61 7.0 
0 129 8.0 
0 133 9.0 
0 1605 10.0 
0 1631 14.0 
7 23028 15.0 
12 40336 16.0 
16 53406 17.0 
27 86671 18.0 
32 102859 20.0 
37 120970 21.0 
45 147151 22.0 
54 174540 24.0 
72 230613 25.0 
73 236579 27.0 
88 284092 28.0 
102 328527 31.0 
110 353525 33.0 
122 391550 35.0 
133 427409 37.0 
141 451747 40.0 
157 503802 42.0 
181 581129 44.0 
181 581595 46.0 
202 647805 48.0 
213 684789 51.0 
214 686393 54.0 
241 772461 57.0 
249 798311 59.0 
263 842575 60.0 
272 871229 61.0 
290 929685 62.0 
294 942543 63.0 
295 946692 64.0 
307 983931 66.0 
310 993267 70.0 
316 1013469 71.0 
349 1119751 74.0 
367 1177131 76.0 
369 1182981 80.0 
425 1361251 81.0 
425 1361809 84.0 
454 1453463 88.0 
460 1475188 90.0 
477 1526543 96.0 
552 1767271 97.0 
559 1790789 98.0 
564 1807715 100.0 
==== END RUN ====
