0 1 1.0 
0 3 5.0 
0 37 7.0 
0 277 9.0 
0 645 10.0 
4 3229 11.0 
9 7994 12.0 
14 11813 13.0 
29 23510 16.0 
41 33219 18.0 
101 81242 19.0 
107 86208 20.0 
112 90138 21.0 
114 91347 25.0 
124 99381 27.0 
128 102615 28.0 
141 113158 32.0 
157 126146 33.0 
187 150178 34.0 
234 187561 38.0 
276 221290 39.0 
294 235767 41.0 
300 240549 43.0 
302 242021 46.0 
368 295077 47.0 
386 309111 48.0 
390 312780 51.0 
439 351944 55.0 
472 378112 56.0 
505 404741 58.0 
527 421811 60.0 
547 438051 61.0 
556 445522 62.0 
578 462645 65.0 
649 519313 67.0 
687 550289 71.0 
724 579817 72.0 
761 609071 79.0 
850 680169 81.0 
861 689484 83.0 
890 712349 87.0 
925 740653 88.0 
952 761689 90.0 
999 799749 92.0 
1033 827123 94.0 
1056 845165 96.0 
1085 868043 99.0 
1124 899921 100.0 
==== END RUN ====
0 1 3.0 
0 3 4.0 
0 9 6.0 
0 146 7.0 
0 180 8.0 
0 311 12.0 
18 15135 13.0 
33 26487 15.0 
44 35864 16.0 
49 39628 19.0 
97 77625 20.0 
105 84533 21.0 
121 97034 22.0 
123 98672 24.0 
127 102155 25.0 
144 115586 28.0 
146 117506 29.0 
191 153091 30.0 
194 155787 31.0 
211 169448 32.0 
218 175011 34.0 
280 224053 35.0 
290 232723 38.0 
304 243211 40.0 
339 271954 41.0 
345 276537 42.0 
384 307487 45.0 
390 312505 55.0 
467 374376 56.0 
476 381310 60.0 
502 401891 61.0 
506 405375 64.0 
545 436497 66.0 
569 455205 67.0 
570 456295 68.0 
601 481419 69.0 
607 486077 73.0 
631 505269 74.0 
655 524513 75.0 
656 525151 77.0 
698 558969 78.0 
719 575940 82.0 
770 616551 84.0 
783 626901 85.0 
794 635525 87.0 
806 645127 91.0 
847 678191 94.0 
850 680313 95.0 
886 709117 96.0 
901 721249 97.0 
919 735481 99.0 
940 752621 100.0 
==== END RUN ====
0 1 1.0 
0 7 3.0 
0 13 6.0 
0 319 7.0 
0 676 8.0 
0 761 9.0 
1 1339 13.0 
1 1383 14.0 
38 30955 18.0 
67 54356 20.0 
75 60769 23.0 
129 103259 24.0 
145 116405 25.0 
154 123534 29.0 
195 156245 32.0 
207 166335 34.0 
225 180482 35.0 
232 186222 37.0 
242 194303 41.0 
309 247453 42.0 
354 283533 44.0 
384 307938 50.0 
446 356999 52.0 
462 370361 53.0 
486 388819 56.0 
487 390360 57.0 
491 393187 60.0 
514 411806 62.0 
543 435055 64.0 
567 453967 65.0 
601 480937 67.0 
621 497317 68.0 
635 508179 71.0 
640 512589 72.0 
653 522783 74.0 
656 524959 77.0 
678 542587 78.0 
747 598217 80.0 
776 621125 87.0 
799 639423 90.0 
853 683198 92.0 
902 721945 94.0 
949 759441 97.0 
952 762331 100.0 
==== END RUN ====
0 1 2.0 
0 7 3.0 
0 9 6.0 
0 204 11.0 
3 2544 12.0 
6 5505 16.0 
27 22176 18.0 
72 58021 19.0 
105 84788 20.0 
106 85107 21.0 
112 89701 22.0 
123 99035 25.0 
130 104364 26.0 
149 119660 27.0 
157 125947 28.0 
193 155143 29.0 
222 178117 30.0 
247 198082 31.0 
250 200440 35.0 
270 216273 36.0 
298 238501 37.0 
306 245158 38.0 
315 252575 39.0 
324 259507 40.0 
350 280436 50.0 
431 345254 53.0 
440 352564 56.0 
476 381325 58.0 
502 401785 64.0 
556 444839 65.0 
562 450338 69.0 
591 473536 70.0 
597 478227 72.0 
641 513325 74.0 
665 532327 78.0 
705 564125 79.0 
754 603767 86.0 
902 721621 87.0 
906 724963 89.0 
938 751200 90.0 
950 760313 93.0 
980 784311 94.0 
996 797525 96.0 
1045 836391 97.0 
1094 875589 98.0 
1097 878083 99.0 
1148 918671 100.0 
==== END RUN ====
0 1 1.0 
0 9 2.0 
0 13 3.0 
0 31 4.0 
0 47 7.0 
0 76 9.0 
0 721 10.0 
3 2944 12.0 
6 5223 16.0 
24 19953 17.0 
28 22479 19.0 
63 50443 21.0 
76 61485 22.0 
90 72704 27.0 
143 114509 29.0 
155 124712 35.0 
194 155541 36.0 
196 157574 38.0 
242 194312 39.0 
262 210225 42.0 
290 232550 43.0 
296 236937 45.0 
349 279219 47.0 
371 297551 48.0 
374 299779 51.0 
382 305623 53.0 
467 373815 54.0 
486 389225 59.0 
523 418635 62.0 
553 443010 63.0 
578 462469 65.0 
601 481303 68.0 
652 522160 69.0 
686 549277 70.0 
719 575491 71.0 
723 578975 73.0 
751 601487 74.0 
789 631379 75.0 
803 642953 77.0 
810 648567 82.0 
833 667076 83.0 
841 673163 84.0 
848 678761 85.0 
869 695203 87.0 
874 699619 88.0 
907 725855 89.0 
910 728699 91.0 
943 755099 93.0 
968 775162 94.0 
986 789511 95.0 
996 796845 96.0 
1009 807737 97.0 
1016 812979 98.0 
1025 820217 99.0 
1049 839503 100.0 
==== END RUN ====
0 1 1.0 
0 3 6.0 
0 253 8.0 
0 463 13.0 
4 3803 14.0 
5 4415 15.0 
31 24899 17.0 
44 35998 18.0 
50 40174 19.0 
58 46711 21.0 
89 71438 26.0 
156 125543 27.0 
166 133215 33.0 
241 192883 35.0 
245 196628 37.0 
270 216389 40.0 
305 244199 41.0 
327 262026 45.0 
381 305402 46.0 
390 312331 47.0 
406 325351 48.0 
423 339109 49.0 
475 380771 52.0 
484 387291 54.0 
496 397169 55.0 
513 410827 57.0 
546 437239 58.0 
552 441981 60.0 
585 468537 62.0 
600 480365 64.0 
617 494375 65.0 
630 504734 67.0 
653 523059 68.0 
681 545546 69.0 
730 584549 71.0 
798 638647 73.0 
827 662392 74.0 
843 674907 75.0 
859 687277 77.0 
884 707315 81.0 
927 742201 82.0 
939 751984 86.0 
1001 801187 87.0 
1011 809489 88.0 
1045 836475 89.0 
1071 857081 91.0 
1097 878329 93.0 
1109 887960 94.0 
1129 903333 95.0 
1135 908599 96.0 
1183 946579 97.0 
1189 951713 99.0 
1221 976913 100.0 
==== END RUN ====
0 1 3.0 
0 15 5.0 
0 77 6.0 
0 92 7.0 
0 125 8.0 
0 271 9.0 
1 1189 10.0 
2 2315 13.0 
11 9213 15.0 
26 21504 16.0 
35 28304 18.0 
51 41553 19.0 
91 73159 20.0 
101 81252 22.0 
131 105283 23.0 
140 112588 27.0 
199 159742 28.0 
214 171223 29.0 
214 171996 30.0 
228 182627 33.0 
276 221045 34.0 
291 233266 35.0 
295 236759 37.0 
325 260714 42.0 
406 325085 43.0 
419 335375 44.0 
446 357398 45.0 
450 360382 47.0 
461 369591 49.0 
483 386549 51.0 
517 413935 53.0 
534 427581 55.0 
587 470033 58.0 
626 501235 60.0 
637 510400 64.0 
725 580637 65.0 
727 582325 67.0 
755 604555 70.0 
787 630245 72.0 
789 631717 73.0 
804 643785 77.0 
864 691295 78.0 
893 714749 80.0 
937 749965 82.0 
939 751553 83.0 
977 782237 84.0 
1014 811503 85.0 
1043 834913 87.0 
1095 876781 88.0 
1098 879073 90.0 
1100 880257 91.0 
1111 889387 94.0 
1154 923665 96.0 
1158 927103 98.0 
1210 968019 99.0 
1229 983377 100.0 
==== END RUN ====
0 1 1.0 
0 7 5.0 
0 91 6.0 
0 118 8.0 
0 603 11.0 
1 1329 14.0 
21 17277 15.0 
42 34232 16.0 
57 45801 17.0 
64 51665 18.0 
83 66937 19.0 
85 68371 20.0 
99 79917 21.0 
109 87335 23.0 
145 116704 26.0 
153 122914 27.0 
191 153451 34.0 
212 169943 35.0 
258 206531 36.0 
262 210393 38.0 
269 215569 40.0 
282 225761 42.0 
297 238098 43.0 
308 247027 46.0 
357 286392 47.0 
362 289998 49.0 
376 301577 50.0 
387 310025 51.0 
414 331988 52.0 
421 337153 55.0 
451 361143 57.0 
493 394988 59.0 
500 400501 60.0 
523 418567 61.0 
545 436153 62.0 
567 454319 64.0 
568 455046 65.0 
576 461440 70.0 
582 466366 71.0 
607 486105 72.0 
617 493813 77.0 
638 511093 79.0 
738 590539 80.0 
749 599207 83.0 
766 613433 84.0 
786 628987 85.0 
815 652687 87.0 
834 667355 88.0 
871 697465 92.0 
882 706285 95.0 
972 777963 97.0 
1012 810337 98.0 
1045 836395 100.0 
==== END RUN ====
0 1 1.0 
0 3 2.0 
0 5 3.0 
0 7 4.0 
0 23 6.0 
0 76 7.0 
0 779 11.0 
1 863 12.0 
18 15055 13.0 
45 36316 18.0 
88 71198 20.0 
98 78555 24.0 
132 106140 26.0 
175 140763 28.0 
202 162035 29.0 
204 163848 31.0 
209 167997 32.0 
218 174880 33.0 
244 195411 35.0 
250 200700 37.0 
264 211501 38.0 
299 239497 39.0 
316 252827 41.0 
334 267894 45.0 
364 291978 46.0 
381 305492 48.0 
386 309334 51.0 
396 317045 52.0 
399 319723 54.0 
432 346003 55.0 
432 346115 56.0 
476 381520 58.0 
499 399559 64.0 
594 475828 65.0 
606 484947 66.0 
609 487303 68.0 
609 487867 69.0 
611 488877 71.0 
622 498223 74.0 
664 531891 75.0 
670 536387 79.0 
725 580449 80.0 
731 585407 81.0 
733 586987 82.0 
740 592303 84.0 
780 624686 85.0 
789 631555 86.0 
823 658899 87.0 
834 667863 88.0 
868 694889 90.0 
903 722597 91.0 
905 724045 94.0 
923 739083 95.0 
947 758179 96.0 
969 775969 97.0 
996 796947 98.0 
1017 814385 100.0 
==== END RUN ====
0 1 2.0 
0 5 5.0 
0 7 7.0 
0 33 8.0 
0 757 10.0 
1 899 11.0 
4 3814 12.0 
12 10305 16.0 
25 20423 17.0 
37 30254 20.0 
75 60451 25.0 
82 65899 26.0 
112 89795 28.0 
158 126764 30.0 
177 142185 31.0 
189 151747 34.0 
220 176303 36.0 
253 202653 39.0 
287 229952 43.0 
314 251919 45.0 
357 286335 48.0 
381 305203 49.0 
407 326261 55.0 
409 327919 56.0 
470 376517 57.0 
492 393857 58.0 
506 405435 60.0 
547 438339 61.0 
553 442863 62.0 
608 486565 63.0 
612 490287 65.0 
637 510119 68.0 
707 566173 73.0 
740 592676 75.0 
752 602115 78.0 
759 607539 81.0 
845 676401 87.0 
901 720895 88.0 
904 723325 90.0 
905 724775 91.0 
962 770331 94.0 
963 770671 97.0 
1003 803179 99.0 
1071 857077 100.0 
==== END RUN ====
0 1 2.0 
0 3 6.0 
0 148 7.0 
0 355 10.0 
2 1717 11.0 
2 1930 13.0 
4 3351 15.0 
21 17544 17.0 
23 19124 20.0 
96 77455 23.0 
153 122816 25.0 
173 138873 29.0 
174 139909 32.0 
223 178883 34.0 
248 198856 36.0 
268 214770 38.0 
297 237743 40.0 
314 251589 43.0 
322 258172 46.0 
356 284939 49.0 
370 296263 50.0 
391 313479 53.0 
413 330882 54.0 
423 338543 55.0 
438 351060 56.0 
449 359591 57.0 
465 372227 59.0 
508 406983 60.0 
521 417325 62.0 
523 419081 64.0 
582 465727 65.0 
594 475497 69.0 
640 512543 72.0 
701 561191 73.0 
701 561444 74.0 
738 590403 75.0 
739 591763 76.0 
741 593430 77.0 
787 629771 78.0 
793 635019 80.0 
829 663829 81.0 
868 694529 82.0 
889 711339 83.0 
929 743219 84.0 
940 752433 85.0 
973 778969 90.0 
1008 807071 93.0 
1028 822993 96.0 
1055 844083 99.0 
1090 872683 100.0 
==== END RUN ====
0 1 1.0 
0 5 5.0 
0 45 6.0 
0 96 8.0 
0 168 9.0 
0 252 12.0 
1 833 13.0 
13 10445 14.0 
19 15328 15.0 
36 29115 17.0 
61 48813 22.0 
103 82773 24.0 
119 95788 25.0 
123 98603 26.0 
142 114012 28.0 
168 134857 30.0 
180 144211 31.0 
200 160253 32.0 
219 175531 34.0 
259 207473 36.0 
290 232477 37.0 
313 250859 38.0 
322 257651 41.0 
378 302874 47.0 
378 303189 49.0 
424 339955 50.0 
453 363144 51.0 
473 378989 53.0 
475 380219 54.0 
484 387649 55.0 
506 404825 56.0 
531 425257 58.0 
535 428640 60.0 
564 451533 63.0 
576 461555 64.0 
652 522151 66.0 
672 537835 68.0 
681 545299 69.0 
701 561171 72.0 
737 590285 74.0 
754 603831 75.0 
775 620599 76.0 
801 641482 79.0 
832 665891 80.0 
856 685483 82.0 
894 715819 84.0 
908 727057 86.0 
936 749069 89.0 
994 795926 90.0 
1003 802813 91.0 
1006 805549 92.0 
1007 806253 94.0 
1022 817617 95.0 
1037 830061 96.0 
1060 848621 98.0 
1063 850487 99.0 
1114 891563 100.0 
==== END RUN ====
0 1 1.0 
0 5 2.0 
0 9 3.0 
0 21 5.0 
0 173 6.0 
0 340 8.0 
0 441 12.0 
3 2698 15.0 
16 13224 16.0 
38 30592 17.0 
56 44984 18.0 
80 64470 21.0 
95 76117 24.0 
126 101515 25.0 
127 101779 27.0 
148 119156 29.0 
174 139227 30.0 
178 142521 32.0 
180 144726 33.0 
194 155425 35.0 
201 161153 36.0 
208 166920 37.0 
215 172553 38.0 
224 179931 44.0 
297 238085 46.0 
335 268329 47.0 
351 281135 52.0 
425 340407 54.0 
427 341735 55.0 
470 376325 59.0 
472 377983 60.0 
522 418202 61.0 
529 423902 64.0 
551 440887 67.0 
605 484283 68.0 
633 506839 73.0 
652 522117 76.0 
662 529973 78.0 
688 550951 81.0 
702 562075 83.0 
726 581391 84.0 
738 590989 85.0 
779 623905 86.0 
783 626783 88.0 
823 658487 89.0 
835 668115 91.0 
859 687367 92.0 
907 725749 93.0 
918 735129 94.0 
943 755157 95.0 
988 790453 96.0 
1013 810675 97.0 
1013 810777 100.0 
==== END RUN ====
0 1 1.0 
0 3 2.0 
0 13 3.0 
0 31 4.0 
0 37 6.0 
0 224 7.0 
0 683 10.0 
1 1437 12.0 
7 5977 17.0 
43 34683 18.0 
47 37755 21.0 
88 70608 24.0 
122 98187 25.0 
130 104185 28.0 
154 123303 29.0 
179 143403 30.0 
182 146008 31.0 
197 157735 32.0 
209 167743 34.0 
210 168423 35.0 
236 189100 37.0 
238 190631 38.0 
255 204609 39.0 
277 222187 47.0 
318 255087 48.0 
348 278747 50.0 
359 287553 52.0 
389 311227 53.0 
408 326987 55.0 
426 341567 57.0 
442 354130 58.0 
449 359742 60.0 
449 359752 61.0 
481 385091 64.0 
499 399613 66.0 
513 411140 68.0 
539 431798 69.0 
610 488662 75.0 
646 516979 79.0 
687 549667 80.0 
703 562939 82.0 
724 579499 85.0 
746 596853 87.0 
754 603613 88.0 
794 635257 89.0 
804 643907 90.0 
822 658247 91.0 
855 684525 92.0 
860 688495 93.0 
876 701489 94.0 
894 715407 97.0 
945 756009 98.0 
954 763597 99.0 
1000 800451 100.0 
==== END RUN ====
0 1 1.0 
0 3 2.0 
0 19 8.0 
0 727 9.0 
1 1573 11.0 
4 3229 13.0 
11 9340 15.0 
34 27618 18.0 
51 41381 19.0 
55 44396 20.0 
59 47747 21.0 
107 85933 22.0 
108 86547 23.0 
109 87983 24.0 
124 99599 25.0 
136 109491 26.0 
148 118407 33.0 
189 151786 34.0 
228 182489 35.0 
231 185255 36.0 
293 234455 39.0 
297 237855 41.0 
329 263489 43.0 
331 264901 45.0 
367 294247 46.0 
370 296797 47.0 
376 301330 48.0 
396 317171 49.0 
396 317346 50.0 
407 325991 52.0 
417 333969 53.0 
418 334801 55.0 
460 368363 57.0 
478 382855 60.0 
524 419811 61.0 
531 425275 65.0 
576 461079 67.0 
599 479387 68.0 
610 488213 69.0 
620 496772 70.0 
627 501815 71.0 
689 551771 72.0 
711 569001 73.0 
724 579957 74.0 
725 580393 75.0 
729 583599 77.0 
762 610075 78.0 
775 620735 79.0 
776 621564 82.0 
811 649451 85.0 
856 685269 87.0 
886 709411 88.0 
919 735861 90.0 
947 758235 91.0 
967 773829 92.0 
979 783939 93.0 
1043 834971 94.0 
1056 845189 95.0 
1070 856215 96.0 
1116 893063 98.0 
1139 911971 99.0 
1148 919197 100.0 
==== END RUN ====
0 1 1.0 
0 3 2.0 
0 9 7.0 
0 195 9.0 
0 330 13.0 
23 18546 15.0 
39 31581 16.0 
40 32194 21.0 
50 40541 22.0 
90 72563 26.0 
152 122360 29.0 
168 134801 32.0 
207 166343 34.0 
242 193833 36.0 
259 207273 37.0 
268 214929 38.0 
281 225079 39.0 
315 252358 40.0 
357 286094 42.0 
362 289873 43.0 
386 309470 44.0 
409 327859 46.0 
434 347780 47.0 
453 363153 52.0 
490 392691 57.0 
552 441709 59.0 
608 486881 61.0 
610 488683 62.0 
621 497247 63.0 
623 498871 64.0 
632 506225 66.0 
669 535661 67.0 
714 571956 70.0 
752 602143 72.0 
759 607701 73.0 
776 621464 74.0 
781 625440 75.0 
797 637835 77.0 
850 680527 79.0 
870 696135 81.0 
907 726283 83.0 
953 763053 84.0 
1007 805705 88.0 
1085 868433 89.0 
1093 875140 90.0 
1140 912335 94.0 
1182 946355 97.0 
1299 1039957 99.0 
1323 1058821 100.0 
==== END RUN ====
0 1 1.0 
0 7 3.0 
0 13 4.0 
0 27 6.0 
0 162 7.0 
0 796 12.0 
2 2375 13.0 
7 6389 14.0 
10 8793 17.0 
59 47907 18.0 
67 54223 19.0 
82 65844 22.0 
92 74156 25.0 
151 121139 26.0 
151 121278 29.0 
178 143064 31.0 
184 147997 34.0 
208 166493 35.0 
263 210591 36.0 
268 215015 37.0 
272 218358 39.0 
297 238242 40.0 
330 264551 41.0 
352 282362 42.0 
353 282947 43.0 
360 288291 44.0 
377 301861 46.0 
386 309283 50.0 
438 351047 54.0 
447 357683 55.0 
465 372721 60.0 
504 403728 62.0 
535 428713 64.0 
557 445779 67.0 
570 456770 68.0 
593 475183 70.0 
618 494579 71.0 
619 495792 72.0 
651 521563 76.0 
654 523960 77.0 
682 545691 79.0 
728 583128 81.0 
733 587005 91.0 
734 587733 92.0 
810 648633 93.0 
813 650403 94.0 
855 684759 97.0 
902 722361 98.0 
945 756489 100.0 
==== END RUN ====
0 1 1.0 
0 3 2.0 
0 13 3.0 
0 40 4.0 
0 59 5.0 
0 121 6.0 
0 455 10.0 
0 608 13.0 
12 10027 14.0 
16 13438 16.0 
43 34844 17.0 
60 48166 19.0 
80 64157 21.0 
81 64990 22.0 
88 71038 25.0 
153 123025 27.0 
160 128665 29.0 
166 133031 32.0 
190 152045 33.0 
207 166262 34.0 
228 182962 36.0 
230 184454 37.0 
267 214318 42.0 
333 266828 43.0 
357 286003 45.0 
368 294635 46.0 
399 319744 48.0 
404 323433 49.0 
409 327837 50.0 
429 343601 53.0 
445 356427 54.0 
463 370677 56.0 
520 416399 58.0 
528 422697 59.0 
539 431729 62.0 
597 478319 63.0 
608 486893 66.0 
677 541777 68.0 
684 547689 70.0 
742 594075 71.0 
784 627745 74.0 
811 649285 75.0 
832 666095 82.0 
886 708913 83.0 
895 716167 85.0 
942 753801 86.0 
952 761843 87.0 
968 774915 90.0 
978 782861 94.0 
986 789307 95.0 
1020 816661 97.0 
1052 842245 99.0 
1139 911231 100.0 
==== END RUN ====
0 1 2.0 
0 3 4.0 
0 5 5.0 
0 31 7.0 
0 89 13.0 
2 1820 14.0 
14 11605 15.0 
23 18529 20.0 
66 52863 23.0 
72 57960 24.0 
143 114754 25.0 
154 123633 31.0 
231 185596 35.0 
271 217198 36.0 
277 221803 38.0 
299 239947 39.0 
315 252789 40.0 
329 263739 41.0 
359 287305 45.0 
376 301427 46.0 
451 360935 48.0 
464 371569 50.0 
474 379668 51.0 
510 408365 53.0 
529 423597 55.0 
543 434519 57.0 
566 453498 59.0 
605 484514 60.0 
668 534519 61.0 
679 543683 62.0 
686 549287 63.0 
701 561398 65.0 
709 567661 66.0 
728 582815 68.0 
752 601741 70.0 
785 628285 71.0 
809 647533 75.0 
861 689544 76.0 
910 728461 80.0 
930 744761 81.0 
939 751864 82.0 
957 766117 83.0 
969 775411 84.0 
990 792435 85.0 
1001 801021 87.0 
1006 805600 90.0 
1009 807927 91.0 
1049 839675 93.0 
1065 852393 95.0 
1068 854937 96.0 
1141 913535 99.0 
1202 962375 100.0 
==== END RUN ====
0 1 2.0 
0 7 3.0 
0 46 4.0 
0 89 5.0 
0 102 6.0 
0 384 8.0 
0 623 11.0 
9 7223 16.0 
45 36499 21.0 
87 70018 22.0 
97 77877 23.0 
105 84757 25.0 
108 86734 27.0 
154 123509 28.0 
155 124391 30.0 
192 154074 31.0 
194 155243 32.0 
236 188841 35.0 
287 230127 36.0 
300 240091 38.0 
308 246413 40.0 
315 252775 43.0 
381 305175 45.0 
412 330070 48.0 
442 354048 54.0 
493 394893 59.0 
501 400999 60.0 
531 425261 63.0 
615 492063 66.0 
654 523853 67.0 
655 524341 70.0 
718 574883 72.0 
719 575884 74.0 
737 589981 80.0 
803 642873 81.0 
814 651839 83.0 
818 654713 84.0 
824 659779 85.0 
830 664535 87.0 
861 689481 88.0 
866 692859 89.0 
891 713057 91.0 
907 726366 92.0 
909 727913 96.0 
941 752903 97.0 
955 764529 100.0 
==== END RUN ====
0 1 1.0 
0 5 2.0 
0 7 3.0 
0 9 4.0 
0 13 7.0 
0 132 8.0 
0 491 10.0 
1 1545 11.0 
3 2551 12.0 
20 16001 16.0 
28 22839 18.0 
53 42643 20.0 
79 63879 21.0 
88 70978 22.0 
100 80432 23.0 
108 86786 27.0 
114 91821 29.0 
136 109108 32.0 
156 125144 34.0 
177 142400 35.0 
209 167926 36.0 
222 177725 37.0 
264 211467 38.0 
283 227047 39.0 
292 233691 40.0 
301 241093 42.0 
344 275381 43.0 
350 280773 45.0 
372 298290 46.0 
387 309903 47.0 
397 318203 58.0 
493 394874 59.0 
498 398649 60.0 
514 411723 61.0 
523 419040 62.0 
535 428363 66.0 
577 462356 67.0 
599 479617 69.0 
630 504766 70.0 
693 554963 73.0 
697 558317 76.0 
765 612075 80.0 
787 630139 84.0 
829 663629 88.0 
905 724523 91.0 
908 727146 92.0 
952 762311 93.0 
971 777453 94.0 
985 788759 97.0 
1014 811807 100.0 
==== END RUN ====
0 1 2.0 
0 3 3.0 
0 11 4.0 
0 37 5.0 
0 201 6.0 
0 207 9.0 
2 2146 10.0 
7 5882 11.0 
13 10998 12.0 
19 15327 16.0 
33 27019 17.0 
61 48897 20.0 
93 75056 21.0 
110 88425 24.0 
131 105425 26.0 
189 151676 27.0 
202 161825 31.0 
231 185351 32.0 
235 188469 35.0 
272 218365 36.0 
298 238609 37.0 
304 243832 38.0 
330 264057 41.0 
354 283982 43.0 
357 286031 46.0 
376 301393 48.0 
416 332961 49.0 
436 348817 50.0 
440 352025 57.0 
467 374188 58.0 
494 395879 60.0 
532 426297 64.0 
545 436125 66.0 
609 487687 68.0 
638 510659 69.0 
692 554183 70.0 
742 594171 72.0 
785 628275 76.0 
824 659901 82.0 
870 696771 83.0 
948 758813 85.0 
982 786263 87.0 
1015 812139 90.0 
1070 856039 91.0 
1107 886103 92.0 
1136 909227 94.0 
1151 921075 95.0 
1185 948639 97.0 
1220 976461 100.0 
==== END RUN ====
0 1 1.0 
0 3 4.0 
0 59 5.0 
0 88 6.0 
0 324 10.0 
6 5068 12.0 
16 13133 13.0 
26 21477 14.0 
27 21948 16.0 
29 23360 19.0 
66 53378 20.0 
98 78726 21.0 
102 82178 23.0 
118 94652 27.0 
156 124969 29.0 
167 133671 30.0 
218 175199 38.0 
305 244645 41.0 
346 277163 44.0 
374 299590 45.0 
391 312929 46.0 
402 322379 48.0 
415 332794 49.0 
439 351525 52.0 
443 354605 54.0 
467 374013 55.0 
469 375891 58.0 
502 401625 59.0 
548 439127 60.0 
552 442005 61.0 
595 476353 62.0 
630 504527 63.0 
633 506885 65.0 
669 535643 68.0 
679 543727 69.0 
702 562195 75.0 
748 599164 76.0 
841 672863 77.0 
873 699129 78.0 
899 719323 79.0 
908 727161 80.0 
929 743317 81.0 
936 749223 84.0 
942 753705 87.0 
972 778277 88.0 
982 786324 89.0 
1003 802883 90.0 
1051 841051 92.0 
1062 849827 94.0 
1077 861691 97.0 
1090 872541 98.0 
1180 944287 99.0 
1200 960787 100.0 
==== END RUN ====
0 1 1.0 
0 7 2.0 
0 25 4.0 
0 81 6.0 
0 157 8.0 
1 1169 9.0 
2 1839 11.0 
9 7861 16.0 
12 9627 17.0 
24 19436 18.0 
47 37939 22.0 
107 86223 23.0 
113 90794 25.0 
113 91075 26.0 
150 120105 27.0 
160 128179 29.0 
166 133596 31.0 
168 134631 33.0 
186 148867 34.0 
244 195757 35.0 
245 196442 36.0 
260 208316 37.0 
273 218675 39.0 
296 236877 47.0 
371 297357 49.0 
397 317973 51.0 
442 354026 52.0 
449 359860 54.0 
464 371531 55.0 
478 382413 57.0 
504 403727 59.0 
505 404495 60.0 
535 428119 61.0 
536 429563 66.0 
576 461497 68.0 
600 480115 69.0 
621 496923 70.0 
634 507974 71.0 
641 513570 72.0 
657 525711 74.0 
684 547757 76.0 
722 577719 81.0 
777 622083 85.0 
808 647013 86.0 
840 672203 88.0 
887 709829 89.0 
893 714723 91.0 
928 742589 92.0 
936 749517 93.0 
954 763679 94.0 
995 796799 95.0 
1012 810091 96.0 
1045 836761 97.0 
1050 840745 98.0 
1051 841235 99.0 
1084 867929 100.0 
==== END RUN ====
0 1 3.0 
0 42 5.0 
0 62 6.0 
0 198 7.0 
0 420 13.0 
7 5647 14.0 
8 6953 16.0 
13 11156 20.0 
93 74919 22.0 
97 77833 24.0 
99 79594 25.0 
162 129974 27.0 
171 137088 29.0 
199 159591 30.0 
216 173086 33.0 
252 201983 34.0 
254 203712 36.0 
274 219273 39.0 
279 223832 40.0 
293 234861 41.0 
305 244439 43.0 
307 246374 48.0 
377 302148 50.0 
395 316489 51.0 
404 323926 56.0 
463 370993 60.0 
488 391177 61.0 
518 414441 65.0 
563 450593 66.0 
608 487084 68.0 
625 500616 69.0 
635 508745 70.0 
655 524710 72.0 
662 530277 81.0 
702 562391 83.0 
731 585151 87.0 
759 607239 90.0 
768 614485 92.0 
795 636687 93.0 
833 666511 97.0 
891 713117 98.0 
899 719621 99.0 
921 737131 100.0 
==== END RUN ====
0 1 2.0 
0 32 3.0 
0 41 4.0 
0 95 7.0 
0 225 8.0 
0 365 9.0 
0 587 11.0 
0 737 12.0 
10 8374 15.0 
32 25703 17.0 
55 44089 18.0 
85 68744 21.0 
116 93329 22.0 
124 99783 26.0 
125 100089 28.0 
171 137250 31.0 
185 148333 32.0 
215 172772 34.0 
241 193408 38.0 
257 206171 39.0 
280 224352 43.0 
305 244721 44.0 
324 259698 48.0 
372 298260 50.0 
407 325999 52.0 
421 337285 54.0 
436 349287 55.0 
463 370763 56.0 
470 376455 57.0 
484 387706 58.0 
488 390795 59.0 
499 399677 62.0 
535 428347 64.0 
582 466248 67.0 
629 503731 72.0 
687 550183 74.0 
705 564787 80.0 
775 620633 82.0 
794 635521 86.0 
855 684641 87.0 
870 696717 88.0 
882 706388 90.0 
926 741562 94.0 
981 785459 100.0 
==== END RUN ====
0 1 1.0 
0 7 4.0 
0 13 7.0 
0 73 8.0 
1 1009 11.0 
1 1133 12.0 
5 4325 14.0 
12 9991 16.0 
66 53368 17.0 
71 57257 18.0 
83 66495 21.0 
89 71847 25.0 
119 95751 27.0 
166 133334 28.0 
173 139141 29.0 
195 156624 31.0 
207 166252 32.0 
208 167157 36.0 
280 224574 37.0 
294 235483 42.0 
355 284524 43.0 
378 302859 44.0 
379 303866 46.0 
382 306022 49.0 
404 323710 50.0 
445 356065 51.0 
449 359634 53.0 
459 367625 55.0 
469 375715 56.0 
508 406501 59.0 
538 430759 60.0 
551 441057 61.0 
556 445513 64.0 
596 477547 66.0 
623 498883 67.0 
635 508521 72.0 
676 541119 74.0 
751 601377 75.0 
767 614339 77.0 
827 662087 79.0 
854 683966 84.0 
893 715073 85.0 
950 760685 86.0 
984 787721 87.0 
1001 801289 88.0 
1039 831583 89.0 
1051 841507 90.0 
1052 842041 91.0 
1093 874951 94.0 
1115 892709 96.0 
1121 896959 98.0 
1209 967511 99.0 
1210 968399 100.0 
==== END RUN ====
0 1 3.0 
0 5 5.0 
0 81 8.0 
0 775 10.0 
1 1100 15.0 
5 4467 16.0 
17 14367 26.0 
175 140494 27.0 
193 154585 29.0 
202 161912 30.0 
216 173161 35.0 
266 213043 36.0 
271 216923 38.0 
287 230145 39.0 
293 234790 40.0 
313 250986 42.0 
315 252760 43.0 
361 289224 47.0 
407 326124 49.0 
451 361297 50.0 
467 374223 51.0 
478 382637 52.0 
502 402151 53.0 
507 406233 55.0 
517 413637 56.0 
523 418954 58.0 
532 425899 60.0 
573 458623 61.0 
577 461611 62.0 
590 472569 64.0 
598 478759 66.0 
601 481237 68.0 
661 529554 72.0 
668 534615 74.0 
672 538283 79.0 
724 579543 80.0 
752 602270 83.0 
762 609685 84.0 
798 638675 85.0 
803 642565 86.0 
809 647297 91.0 
868 695089 94.0 
918 734751 95.0 
928 742423 96.0 
933 747169 97.0 
1002 802373 98.0 
1003 803169 100.0 
==== END RUN ====
0 1 1.0 
0 3 5.0 
0 45 6.0 
0 119 8.0 
0 132 9.0 
0 741 10.0 
1 923 11.0 
3 2924 12.0 
6 5021 13.0 
11 9202 14.0 
21 17581 15.0 
30 24333 20.0 
87 70379 22.0 
125 100167 23.0 
159 127896 25.0 
164 131778 27.0 
173 138585 30.0 
183 146543 31.0 
214 171437 32.0 
229 183834 33.0 
251 201530 34.0 
258 206966 35.0 
265 212677 36.0 
276 220977 37.0 
287 230000 39.0 
294 235707 43.0 
326 260987 46.0 
357 285941 47.0 
382 306008 48.0 
418 334771 52.0 
436 349228 53.0 
452 362273 54.0 
454 363703 55.0 
464 371395 57.0 
488 391078 58.0 
489 391892 59.0 
533 426667 61.0 
537 430025 63.0 
565 452129 66.0 
583 466967 67.0 
586 469407 69.0 
630 504405 70.0 
654 523990 72.0 
668 534869 74.0 
675 540317 75.0 
768 614761 80.0 
777 622229 81.0 
794 635795 83.0 
831 665489 85.0 
842 674376 86.0 
849 679887 88.0 
861 689415 91.0 
924 739249 93.0 
933 747081 94.0 
970 776507 96.0 
976 781055 97.0 
1013 811131 99.0 
1064 851365 100.0 
==== END RUN ====
0 1 1.0 
0 5 2.0 
0 9 4.0 
0 87 6.0 
0 181 8.0 
0 554 11.0 
13 10832 13.0 
15 12459 16.0 
31 24893 17.0 
46 37224 18.0 
47 37966 19.0 
67 54386 21.0 
104 83811 22.0 
110 88192 23.0 
116 92859 24.0 
122 98171 26.0 
132 105717 28.0 
144 115259 29.0 
170 136796 30.0 
197 157835 31.0 
198 158777 32.0 
212 169940 35.0 
255 204380 36.0 
262 209904 37.0 
269 215375 38.0 
280 224532 40.0 
299 239383 42.0 
324 259525 44.0 
342 274340 45.0 
367 294168 48.0 
400 320021 54.0 
454 363898 56.0 
468 374679 59.0 
476 380975 61.0 
487 389795 63.0 
493 394891 65.0 
514 411453 66.0 
552 442111 67.0 
562 450384 71.0 
588 470965 73.0 
602 482245 76.0 
625 500661 78.0 
682 546201 79.0 
693 555031 80.0 
713 571011 81.0 
755 604641 82.0 
759 607979 83.0 
797 638233 84.0 
842 673683 85.0 
875 700065 88.0 
893 714649 89.0 
910 728677 90.0 
926 741065 94.0 
957 766353 95.0 
1001 801517 96.0 
1023 818625 97.0 
1036 828997 98.0 
1116 893077 100.0 
==== END RUN ====
0 1 5.0 
0 51 11.0 
6 5512 13.0 
24 19938 18.0 
64 51931 19.0 
82 65945 20.0 
91 72975 22.0 
116 93296 23.0 
130 104674 24.0 
131 105215 25.0 
149 119480 26.0 
161 129424 28.0 
188 151091 30.0 
194 155577 32.0 
221 177552 34.0 
241 193562 35.0 
263 210811 38.0 
285 228687 39.0 
326 261283 41.0 
350 280011 42.0 
357 286125 44.0 
366 293267 45.0 
366 293480 46.0 
419 335869 50.0 
444 355896 55.0 
449 359783 56.0 
495 396445 58.0 
512 410194 59.0 
518 415122 60.0 
529 423385 61.0 
530 424678 62.0 
571 457261 63.0 
591 472871 64.0 
607 486294 65.0 
632 506289 68.0 
700 560457 69.0 
712 570121 71.0 
747 598302 72.0 
766 613109 74.0 
836 669407 76.0 
850 680541 77.0 
856 685395 78.0 
883 706545 80.0 
913 730861 82.0 
918 735013 83.0 
960 768653 85.0 
971 777037 86.0 
992 794161 87.0 
1004 803911 90.0 
1018 814865 91.0 
1066 853473 96.0 
1073 858735 97.0 
1102 882183 98.0 
1126 901565 99.0 
1150 920029 100.0 
==== END RUN ====
0 1 3.0 
0 3 4.0 
0 60 7.0 
0 485 8.0 
0 649 9.0 
2 1665 11.0 
2 1984 13.0 
9 7785 18.0 
33 26837 19.0 
52 42256 21.0 
102 81808 23.0 
145 116617 30.0 
190 152593 34.0 
278 222651 35.0 
284 227839 39.0 
359 287607 40.0 
366 293354 41.0 
375 300039 42.0 
396 317425 45.0 
416 333563 47.0 
417 334391 49.0 
432 345873 53.0 
471 377493 54.0 
485 388720 55.0 
494 396000 60.0 
536 428953 61.0 
544 435337 64.0 
561 449291 65.0 
569 455987 67.0 
588 470467 68.0 
605 484707 69.0 
607 486089 73.0 
654 523541 74.0 
710 568640 76.0 
727 582315 77.0 
730 584453 78.0 
755 604778 81.0 
774 619807 82.0 
788 631051 83.0 
806 645421 84.0 
810 648085 86.0 
838 670561 88.0 
860 688757 92.0 
901 721453 94.0 
906 725451 95.0 
1003 803027 98.0 
1006 805239 100.0 
==== END RUN ====
0 1 1.0 
0 5 2.0 
0 15 5.0 
0 161 6.0 
0 266 8.0 
0 398 9.0 
2 2115 10.0 
4 3710 11.0 
5 4394 12.0 
7 6127 15.0 
24 19773 16.0 
37 30359 18.0 
42 34195 19.0 
67 53830 20.0 
76 61241 21.0 
84 67944 22.0 
92 74070 23.0 
120 96117 25.0 
120 96607 28.0 
165 132492 31.0 
212 170288 35.0 
236 189201 36.0 
243 194760 37.0 
277 221825 38.0 
297 238328 39.0 
314 251650 41.0 
330 264301 42.0 
342 274092 46.0 
392 314327 47.0 
400 320622 50.0 
426 341377 51.0 
460 368427 52.0 
466 373193 54.0 
484 387662 56.0 
523 418930 57.0 
552 442191 58.0 
594 475799 61.0 
617 493699 62.0 
638 511097 64.0 
652 522278 66.0 
674 539886 71.0 
732 585747 73.0 
791 633197 74.0 
796 636849 75.0 
831 665558 76.0 
874 699463 79.0 
933 746591 81.0 
999 799563 82.0 
1037 830013 84.0 
1064 851863 85.0 
1100 880721 86.0 
1114 891481 89.0 
1116 892989 90.0 
1118 894559 92.0 
1139 911377 93.0 
1203 963178 94.0 
1210 968747 99.0 
1261 1009271 100.0 
==== END RUN ====
0 1 2.0 
0 3 3.0 
0 21 4.0 
0 43 7.0 
0 289 8.0 
1 1462 10.0 
4 3516 14.0 
18 14929 15.0 
32 26069 18.0 
45 36621 21.0 
78 62984 24.0 
133 106953 26.0 
179 143451 27.0 
180 144669 28.0 
185 148113 29.0 
203 163057 33.0 
250 200606 34.0 
252 201951 36.0 
292 234327 37.0 
302 242280 40.0 
304 243699 42.0 
336 269442 43.0 
360 288752 44.0 
363 290617 45.0 
363 290693 46.0 
372 298328 48.0 
397 317953 52.0 
429 343665 53.0 
450 360466 54.0 
453 363156 56.0 
472 378021 58.0 
502 401979 59.0 
509 407795 62.0 
537 429821 63.0 
540 432077 68.0 
618 494537 69.0 
627 502315 70.0 
648 519114 71.0 
663 530947 73.0 
673 539023 79.0 
699 559495 80.0 
730 584650 81.0 
769 615845 82.0 
782 625697 85.0 
846 677538 86.0 
848 678733 89.0 
912 729703 90.0 
960 768719 91.0 
978 783053 92.0 
1053 842807 94.0 
1069 855435 96.0 
1075 860085 100.0 
==== END RUN ====
0 1 4.0 
0 27 7.0 
0 142 8.0 
0 523 11.0 
7 6331 13.0 
16 12889 19.0 
52 41986 20.0 
94 75488 26.0 
107 85655 29.0 
168 134519 33.0 
197 157926 35.0 
245 196539 36.0 
256 205071 41.0 
285 228365 43.0 
310 248319 45.0 
338 270725 46.0 
355 284412 48.0 
377 301667 49.0 
377 301795 51.0 
388 310675 52.0 
393 314423 53.0 
394 315453 54.0 
436 348945 57.0 
439 351667 59.0 
465 372155 63.0 
481 385093 64.0 
485 388145 65.0 
492 394031 66.0 
509 407869 68.0 
535 428529 69.0 
561 449349 73.0 
562 449663 74.0 
604 483281 77.0 
614 491333 78.0 
664 531934 79.0 
665 532387 80.0 
715 572645 81.0 
720 576669 84.0 
745 596419 86.0 
756 605163 87.0 
787 630109 88.0 
794 635887 89.0 
841 673495 90.0 
855 684731 92.0 
856 685281 94.0 
915 732753 95.0 
941 753553 96.0 
983 787167 98.0 
988 791165 100.0 
==== END RUN ====
0 1 2.0 
0 3 5.0 
0 5 10.0 
6 5415 11.0 
14 11705 12.0 
22 17784 14.0 
41 32997 17.0 
41 33106 24.0 
145 116392 25.0 
153 122720 26.0 
153 123153 28.0 
167 134031 29.0 
191 152811 33.0 
216 172979 35.0 
225 180209 37.0 
249 199351 42.0 
276 221350 44.0 
302 241789 45.0 
318 254485 46.0 
328 262431 47.0 
347 277695 48.0 
349 279842 50.0 
360 288111 53.0 
384 307722 54.0 
405 324565 58.0 
474 379821 59.0 
507 405697 62.0 
520 416584 63.0 
563 450793 66.0 
595 476023 70.0 
622 498277 71.0 
696 557375 72.0 
712 570167 75.0 
733 586567 80.0 
788 630971 84.0 
826 661477 87.0 
842 674197 89.0 
873 698757 90.0 
919 735956 91.0 
929 743781 92.0 
937 750295 93.0 
957 766331 94.0 
1010 808201 95.0 
1011 808955 97.0 
1047 838081 100.0 
==== END RUN ====
0 1 3.0 
0 3 4.0 
0 17 7.0 
0 644 8.0 
1 1238 9.0 
2 1889 10.0 
4 3715 11.0 
11 9174 12.0 
11 9488 15.0 
12 10377 23.0 
100 80484 24.0 
140 112252 30.0 
179 143871 36.0 
251 201516 37.0 
258 206904 41.0 
278 222820 42.0 
307 245985 44.0 
322 258312 46.0 
343 274613 49.0 
371 297461 50.0 
397 318076 51.0 
407 326331 52.0 
408 326815 54.0 
450 360415 55.0 
459 367987 60.0 
514 411619 64.0 
531 425396 65.0 
540 432387 66.0 
613 490527 73.0 
674 539820 74.0 
691 553389 75.0 
727 581663 76.0 
748 598813 77.0 
752 602290 78.0 
757 605633 79.0 
783 626635 81.0 
842 674386 83.0 
853 683146 84.0 
873 698833 86.0 
882 706247 87.0 
914 731385 88.0 
930 744651 90.0 
943 754859 91.0 
973 779135 92.0 
974 779948 93.0 
979 783813 95.0 
1005 804127 98.0 
1098 878433 100.0 
==== END RUN ====
0 1 1.0 
0 7 3.0 
0 31 4.0 
0 44 5.0 
0 64 6.0 
0 125 9.0 
0 331 12.0 
7 6021 13.0 
28 22493 14.0 
32 26312 17.0 
59 47849 18.0 
60 48220 20.0 
92 74042 21.0 
98 79028 22.0 
105 84316 26.0 
106 85223 27.0 
140 112217 29.0 
146 117307 31.0 
173 138459 32.0 
182 146392 36.0 
220 176298 37.0 
233 186734 38.0 
238 191032 42.0 
247 197949 44.0 
292 234389 46.0 
297 237905 48.0 
312 250090 51.0 
365 292443 53.0 
377 301937 57.0 
402 322041 58.0 
476 381245 64.0 
498 398731 66.0 
560 448780 67.0 
570 456513 68.0 
573 458839 69.0 
608 486983 73.0 
643 514673 74.0 
651 520837 75.0 
659 527405 76.0 
697 557871 77.0 
704 563989 78.0 
739 591893 80.0 
759 607863 81.0 
771 617383 82.0 
775 620043 83.0 
813 650863 86.0 
817 654145 87.0 
852 682249 89.0 
897 717861 90.0 
927 742303 91.0 
940 752587 92.0 
989 791567 94.0 
1017 814045 95.0 
1042 834385 96.0 
1076 860871 98.0 
1088 870769 100.0 
==== END RUN ====
0 1 1.0 
0 15 3.0 
0 21 5.0 
0 177 7.0 
0 437 9.0 
1 1106 10.0 
3 2725 14.0 
29 23636 17.0 
62 49659 18.0 
95 76771 19.0 
109 87924 21.0 
119 95404 24.0 
121 97289 28.0 
173 138827 32.0 
229 183349 33.0 
232 186001 35.0 
258 207140 36.0 
259 207652 37.0 
271 217188 38.0 
273 218479 39.0 
286 229145 40.0 
328 262911 41.0 
334 267961 43.0 
361 289077 45.0 
361 289089 47.0 
369 295726 50.0 
380 304674 51.0 
418 334904 52.0 
432 345971 54.0 
467 373631 55.0 
480 384051 58.0 
483 386609 61.0 
524 419501 62.0 
562 450223 63.0 
587 470231 66.0 
592 474067 68.0 
614 491697 76.0 
692 553789 78.0 
714 571637 83.0 
770 616756 84.0 
770 616785 85.0 
775 620726 86.0 
792 633755 90.0 
821 657355 91.0 
833 666515 94.0 
865 692063 96.0 
889 711679 100.0 
==== END RUN ====
0 1 1.0 
0 3 2.0 
0 9 4.0 
0 19 5.0 
0 23 7.0 
0 368 9.0 
0 634 11.0 
3 2634 12.0 
10 8287 14.0 
23 18741 15.0 
25 20594 17.0 
56 45279 18.0 
65 52350 19.0 
85 68451 25.0 
150 120053 26.0 
156 125312 27.0 
166 133305 29.0 
188 150621 31.0 
213 170670 33.0 
224 180000 34.0 
228 183053 39.0 
274 219491 43.0 
326 261093 48.0 
368 294855 50.0 
403 323099 52.0 
409 327463 53.0 
425 340081 55.0 
444 355215 62.0 
527 421781 66.0 
561 449181 67.0 
575 460652 70.0 
581 465522 71.0 
599 479669 73.0 
660 528637 76.0 
701 560941 79.0 
713 570789 81.0 
770 616639 85.0 
811 649433 87.0 
839 671263 89.0 
852 682334 90.0 
863 690495 95.0 
889 711997 96.0 
927 741683 97.0 
954 763847 100.0 
==== END RUN ====
0 1 3.0 
0 11 5.0 
0 60 7.0 
0 68 8.0 
0 170 13.0 
7 5772 15.0 
17 14219 16.0 
27 22143 17.0 
52 41677 20.0 
91 73155 22.0 
100 80659 24.0 
115 92426 27.0 
155 124310 30.0 
185 148458 34.0 
268 214743 35.0 
276 221011 37.0 
287 230155 38.0 
291 233536 39.0 
300 240293 41.0 
321 256943 45.0 
354 283749 46.0 
358 286405 50.0 
429 343577 55.0 
470 376075 58.0 
503 402805 59.0 
507 406001 60.0 
522 418045 61.0 
528 422415 63.0 
550 440594 64.0 
558 446581 65.0 
565 452389 66.0 
591 473489 70.0 
599 479409 73.0 
601 480999 74.0 
635 508265 75.0 
648 518477 81.0 
680 544531 82.0 
700 560579 84.0 
716 573079 85.0 
750 600067 86.0 
751 601441 87.0 
762 610001 88.0 
803 642591 89.0 
822 658147 91.0 
830 664679 93.0 
878 703045 96.0 
884 707861 97.0 
887 709935 98.0 
888 710855 99.0 
916 733059 100.0 
==== END RUN ====
0 1 2.0 
0 15 7.0 
0 351 8.0 
0 670 11.0 
1 920 12.0 
1 1026 13.0 
4 3889 15.0 
28 23084 19.0 
45 36385 20.0 
89 71555 22.0 
100 80274 23.0 
103 83189 24.0 
109 87659 25.0 
130 104236 27.0 
175 140475 28.0 
176 141409 32.0 
209 167395 33.0 
220 176255 35.0 
243 194887 37.0 
256 205446 38.0 
267 213793 39.0 
292 234128 42.0 
304 243710 44.0 
308 246850 45.0 
315 252241 47.0 
333 267043 49.0 
377 301713 51.0 
396 316977 52.0 
408 326619 53.0 
409 327984 54.0 
448 358671 56.0 
473 378991 57.0 
481 385055 58.0 
498 399156 63.0 
563 450905 65.0 
569 455323 66.0 
585 468431 67.0 
615 492047 69.0 
636 509449 74.0 
651 521315 75.0 
655 524479 78.0 
691 553145 81.0 
711 568989 85.0 
790 632517 86.0 
794 635859 88.0 
830 664241 92.0 
830 664731 95.0 
907 725895 96.0 
935 748175 97.0 
935 748739 98.0 
960 768581 100.0 
==== END RUN ====
0 1 3.0 
0 19 4.0 
0 48 5.0 
0 101 11.0 
11 8871 12.0 
19 15608 14.0 
44 35309 15.0 
55 44170 18.0 
60 48510 25.0 
140 112697 26.0 
161 129045 29.0 
173 139117 32.0 
222 177940 33.0 
232 186179 34.0 
246 197558 35.0 
249 199371 38.0 
251 200933 39.0 
268 214607 40.0 
282 226272 42.0 
313 251119 43.0 
322 258291 45.0 
332 266253 46.0 
349 279932 49.0 
381 305199 50.0 
428 343011 55.0 
450 360607 57.0 
472 378381 58.0 
505 404275 61.0 
508 406505 65.0 
576 461520 67.0 
606 485067 69.0 
621 497321 77.0 
702 562319 78.0 
729 583793 82.0 
757 606276 84.0 
798 638481 85.0 
821 657183 88.0 
877 702085 90.0 
884 707235 92.0 
903 722701 95.0 
930 744169 96.0 
991 792813 98.0 
991 792965 100.0 
==== END RUN ====
0 1 1.0 
0 3 4.0 
0 5 6.0 
0 178 9.0 
0 247 10.0 
2 1627 12.0 
5 4475 13.0 
34 27375 14.0 
38 30461 16.0 
43 34669 17.0 
73 59000 19.0 
87 69833 20.0 
105 84708 23.0 
129 103948 25.0 
133 106879 26.0 
191 153282 29.0 
217 173611 31.0 
251 201136 32.0 
255 204715 34.0 
291 233102 37.0 
310 248483 39.0 
314 251427 40.0 
314 251564 41.0 
340 272546 45.0 
368 294465 46.0 
407 325759 49.0 
419 335950 50.0 
433 347045 51.0 
442 353681 52.0 
472 378154 54.0 
485 388083 55.0 
493 394571 56.0 
520 416069 58.0 
525 420667 61.0 
549 439613 68.0 
568 454491 69.0 
592 473905 70.0 
627 502159 78.0 
717 574153 79.0 
735 588762 81.0 
740 592617 82.0 
767 613613 84.0 
776 621311 86.0 
854 683207 87.0 
873 699196 88.0 
899 719405 93.0 
917 733855 94.0 
948 758663 95.0 
973 778511 96.0 
1009 807971 97.0 
1025 820785 100.0 
==== END RUN ====
0 1 1.0 
0 3 2.0 
0 5 4.0 
0 9 6.0 
0 37 8.0 
1 1451 11.0 
3 2668 12.0 
12 10346 14.0 
37 29853 15.0 
42 34102 16.0 
44 35677 17.0 
46 37559 19.0 
52 41873 20.0 
62 49667 21.0 
92 73825 22.0 
123 98852 25.0 
168 134445 28.0 
169 135427 29.0 
171 137326 31.0 
217 173777 33.0 
249 199451 35.0 
271 217547 37.0 
298 238942 38.0 
315 252113 40.0 
346 277540 43.0 
349 279578 44.0 
365 292181 45.0 
376 301296 46.0 
386 309477 48.0 
448 359075 49.0 
452 362213 51.0 
491 393580 52.0 
493 394703 53.0 
532 426241 54.0 
557 446135 55.0 
559 447699 56.0 
569 455769 57.0 
591 473340 61.0 
627 501641 62.0 
638 510855 63.0 
669 535709 64.0 
718 575020 67.0 
748 598879 68.0 
760 608089 73.0 
790 632293 74.0 
824 659557 75.0 
848 679200 76.0 
851 680959 77.0 
863 690819 78.0 
874 699227 80.0 
942 754252 81.0 
946 757495 85.0 
977 782089 88.0 
1000 800705 89.0 
1036 829511 91.0 
1097 878309 93.0 
1158 927182 94.0 
1198 959147 96.0 
1216 973587 100.0 
==== END RUN ====
0 1 1.0 
0 3 5.0 
0 23 6.0 
0 93 7.0 
1 954 10.0 
4 3546 11.0 
7 6301 13.0 
13 11017 15.0 
24 19623 16.0 
36 28929 17.0 
48 38896 21.0 
87 70046 22.0 
88 70975 23.0 
100 80297 25.0 
139 111841 27.0 
159 127653 28.0 
169 135365 30.0 
185 148207 31.0 
206 165161 33.0 
242 194295 34.0 
245 196745 36.0 
246 197502 38.0 
275 220107 41.0 
281 225041 44.0 
347 277978 45.0 
357 286043 49.0 
387 310292 52.0 
465 372419 55.0 
483 387178 56.0 
491 392843 58.0 
509 407682 60.0 
523 418649 62.0 
556 445171 65.0 
593 474885 68.0 
647 518222 71.0 
716 573333 72.0 
727 582193 77.0 
799 639965 78.0 
808 646691 79.0 
810 648583 81.0 
858 687132 83.0 
865 692643 84.0 
913 731073 85.0 
927 742273 87.0 
1022 818089 88.0 
1042 834376 89.0 
1083 866993 91.0 
1109 887455 93.0 
1145 916403 94.0 
1194 955213 98.0 
1241 993549 99.0 
1274 1019495 100.0 
==== END RUN ====
0 1 1.0 
0 5 2.0 
0 7 7.0 
0 113 8.0 
0 696 9.0 
2 1725 10.0 
2 2135 13.0 
13 11071 14.0 
23 18989 16.0 
43 34531 17.0 
46 37425 18.0 
60 48464 20.0 
80 64469 25.0 
113 91183 26.0 
119 95549 27.0 
123 98690 30.0 
166 132959 31.0 
168 134804 34.0 
184 147353 37.0 
197 158330 38.0 
238 190893 39.0 
242 194170 40.0 
248 199076 41.0 
284 227393 42.0 
285 228584 43.0 
295 236414 45.0 
339 271543 46.0 
339 271883 47.0 
368 295013 48.0 
373 299130 53.0 
436 349075 55.0 
462 370143 57.0 
464 371479 59.0 
481 385301 61.0 
527 421727 64.0 
593 474986 65.0 
600 480223 68.0 
651 520919 69.0 
652 521875 70.0 
657 526213 72.0 
732 586304 73.0 
766 613491 80.0 
803 643120 83.0 
831 665247 85.0 
843 674471 86.0 
872 697967 91.0 
940 752545 92.0 
941 753531 93.0 
1011 808927 94.0 
1037 830217 95.0 
1070 856069 96.0 
1075 860737 97.0 
1095 876563 99.0 
1128 903171 100.0 
==== END RUN ====
0 1 6.0 
0 27 7.0 
0 193 9.0 
0 599 12.0 
4 3551 13.0 
17 13896 14.0 
20 16321 16.0 
25 20726 17.0 
43 35138 21.0 
89 71207 23.0 
104 83469 24.0 
134 107472 25.0 
147 118280 33.0 
241 193170 34.0 
250 200415 38.0 
284 227814 40.0 
302 242296 42.0 
317 254344 43.0 
354 283435 44.0 
386 308927 45.0 
402 321998 49.0 
457 366182 50.0 
459 367933 51.0 
463 370781 52.0 
478 382883 56.0 
501 401275 58.0 
505 404391 61.0 
532 425787 62.0 
560 448299 64.0 
564 451439 66.0 
578 463084 68.0 
591 473506 69.0 
598 479175 70.0 
608 487025 74.0 
663 530491 75.0 
703 562845 78.0 
726 581577 81.0 
786 629574 82.0 
795 636101 85.0 
811 649427 86.0 
824 659843 87.0 
838 671161 88.0 
869 695747 90.0 
890 712669 94.0 
931 745539 96.0 
970 776351 98.0 
1011 809529 100.0 
==== END RUN ====
0 1 3.0 
0 17 5.0 
0 108 7.0 
0 196 8.0 
0 466 9.0 
0 684 11.0 
6 5020 12.0 
23 18533 13.0 
29 23496 14.0 
29 23695 16.0 
36 29155 17.0 
46 37003 18.0 
59 47686 21.0 
92 73663 22.0 
102 82190 23.0 
137 110277 26.0 
139 111355 28.0 
164 131960 34.0 
235 188571 35.0 
238 190435 36.0 
243 194868 38.0 
264 211632 39.0 
266 213557 40.0 
296 237144 41.0 
310 248057 42.0 
324 259483 43.0 
325 260773 44.0 
329 263531 45.0 
343 275187 46.0 
350 280530 48.0 
364 291653 50.0 
378 302910 53.0 
400 320351 56.0 
426 341260 57.0 
435 348257 60.0 
448 358497 72.0 
545 436109 73.0 
568 454933 74.0 
597 477757 75.0 
599 479335 76.0 
614 491886 77.0 
618 494529 78.0 
618 495043 86.0 
714 571813 87.0 
722 577611 88.0 
739 591275 90.0 
751 601215 91.0 
769 615695 93.0 
821 657525 94.0 
826 661449 95.0 
827 662329 96.0 
863 690629 97.0 
889 711963 98.0 
922 738243 100.0 
==== END RUN ====
0 1 2.0 
0 3 3.0 
0 13 4.0 
0 50 5.0 
0 147 8.0 
0 697 9.0 
1 892 10.0 
3 2624 14.0 
18 14534 15.0 
22 18350 17.0 
60 48526 19.0 
78 62747 21.0 
101 81554 22.0 
109 87621 23.0 
124 99598 25.0 
151 121147 26.0 
180 144201 28.0 
185 148605 29.0 
185 148607 30.0 
194 155976 31.0 
224 179608 32.0 
240 192389 35.0 
257 205863 37.0 
280 224127 39.0 
306 245491 44.0 
351 281536 45.0 
374 299693 48.0 
412 330038 50.0 
468 374771 51.0 
469 375807 53.0 
490 392760 54.0 
531 425543 55.0 
535 428199 58.0 
566 453451 62.0 
587 470240 63.0 
636 509247 64.0 
657 526161 67.0 
687 550047 68.0 
744 595751 69.0 
746 597315 70.0 
759 607974 71.0 
778 622505 73.0 
808 647006 74.0 
831 665595 75.0 
836 669473 79.0 
861 689485 81.0 
872 697893 82.0 
889 711793 85.0 
928 742529 93.0 
1077 861775 95.0 
1102 882085 96.0 
1113 891143 100.0 
==== END RUN ====
