0 1 1.0 
0 7 4.0 
0 19 6.0 
0 117 9.0 
0 509 10.0 
0 1458 12.0 
2 3554 13.0 
14 23551 15.0 
20 32420 16.0 
39 63582 20.0 
53 85934 25.0 
91 146839 26.0 
98 157059 29.0 
111 178540 30.0 
119 190719 31.0 
137 220741 34.0 
150 240832 35.0 
150 241237 38.0 
171 273651 39.0 
175 281430 40.0 
191 305985 42.0 
192 308155 45.0 
253 406146 48.0 
273 438348 50.0 
284 455973 51.0 
302 483921 53.0 
320 513424 55.0 
341 546465 58.0 
361 578747 62.0 
386 618207 69.0 
414 663353 73.0 
465 745586 75.0 
476 762039 78.0 
496 794199 80.0 
534 855864 81.0 
549 879970 83.0 
556 890901 84.0 
563 902300 86.0 
581 931100 88.0 
602 964209 90.0 
620 993373 92.0 
622 996797 94.0 
637 1019443 97.0 
661 1058175 100.0 
==== END RUN ====
0 1 4.0 
0 82 5.0 
0 141 12.0 
4 6545 13.0 
9 15711 14.0 
13 21840 20.0 
51 82047 23.0 
60 97013 24.0 
78 125244 25.0 
86 137621 29.0 
131 210837 30.0 
134 214853 34.0 
143 229045 35.0 
153 245744 41.0 
240 384313 42.0 
244 391502 43.0 
255 408613 44.0 
269 430691 45.0 
300 480856 46.0 
302 483273 50.0 
320 513480 51.0 
345 553422 54.0 
353 566193 55.0 
367 588195 56.0 
377 603935 57.0 
387 620557 58.0 
395 633545 60.0 
415 664681 61.0 
420 673199 62.0 
428 685866 63.0 
437 700167 65.0 
464 743516 66.0 
492 787863 67.0 
519 830599 70.0 
535 857457 71.0 
562 900448 73.0 
574 919465 74.0 
593 949885 76.0 
600 961099 77.0 
613 981863 78.0 
627 1004429 82.0 
667 1068439 84.0 
704 1127755 87.0 
748 1198303 89.0 
749 1198511 90.0 
763 1221167 92.0 
776 1242897 94.0 
792 1268321 95.0 
808 1292849 96.0 
809 1294871 97.0 
823 1318370 98.0 
826 1322743 99.0 
836 1338715 100.0 
==== END RUN ====
0 1 2.0 
0 5 5.0 
0 49 6.0 
0 137 7.0 
0 153 10.0 
0 530 14.0 
7 12668 15.0 
18 29847 18.0 
50 80261 21.0 
54 86779 24.0 
78 125075 25.0 
83 132961 26.0 
85 136988 27.0 
88 141809 28.0 
96 154204 30.0 
96 154552 32.0 
117 187820 34.0 
123 197516 35.0 
127 203969 37.0 
150 240658 38.0 
165 264283 46.0 
242 388251 47.0 
250 400821 50.0 
278 445589 51.0 
278 446038 52.0 
280 448203 53.0 
294 471641 54.0 
302 484577 55.0 
302 484778 57.0 
323 517303 60.0 
340 545480 61.0 
351 562513 62.0 
363 582054 66.0 
387 619663 67.0 
413 662304 69.0 
423 677225 71.0 
478 765123 72.0 
489 783753 74.0 
495 792927 76.0 
529 847525 77.0 
531 850167 78.0 
536 857833 79.0 
559 894857 80.0 
567 908485 81.0 
577 924798 82.0 
585 936041 86.0 
619 991791 88.0 
656 1051023 95.0 
704 1126875 99.0 
735 1176715 100.0 
==== END RUN ====
0 1 3.0 
0 17 4.0 
0 94 5.0 
0 114 7.0 
0 654 8.0 
0 1150 9.0 
1 2613 14.0 
5 8071 18.0 
28 45101 20.0 
39 63777 23.0 
84 135739 24.0 
88 141782 25.0 
92 147838 26.0 
100 160727 27.0 
102 164185 28.0 
119 191342 29.0 
120 192433 30.0 
134 214799 31.0 
154 247586 32.0 
155 249250 34.0 
187 300768 35.0 
189 302573 36.0 
190 304413 38.0 
199 319373 39.0 
206 330791 40.0 
206 331170 41.0 
223 357728 45.0 
244 390649 47.0 
259 414527 48.0 
263 422224 49.0 
282 451489 50.0 
283 454333 51.0 
292 467361 53.0 
316 506119 55.0 
324 519253 58.0 
360 576907 60.0 
382 612695 61.0 
386 618245 62.0 
418 669803 63.0 
425 680067 65.0 
437 700630 67.0 
449 719377 70.0 
476 762665 71.0 
503 804843 72.0 
510 817087 73.0 
523 837149 75.0 
551 882103 76.0 
557 892774 77.0 
561 897897 81.0 
593 950279 82.0 
617 988687 87.0 
654 1047717 93.0 
735 1177523 94.0 
738 1182289 97.0 
759 1215579 98.0 
763 1222301 100.0 
==== END RUN ====
0 1 1.0 
0 3 3.0 
0 15 4.0 
0 55 6.0 
0 174 7.0 
0 606 8.0 
0 891 10.0 
1 2473 15.0 
28 45023 17.0 
43 69153 19.0 
47 76602 20.0 
65 104285 25.0 
88 142180 26.0 
105 168940 27.0 
115 184277 28.0 
121 193871 29.0 
134 214973 31.0 
140 225448 32.0 
145 232243 36.0 
185 297208 37.0 
207 332375 40.0 
231 370061 41.0 
238 381681 44.0 
252 403367 45.0 
266 426756 49.0 
326 522179 51.0 
327 524253 53.0 
345 553581 54.0 
380 608247 55.0 
386 618333 60.0 
389 623337 61.0 
410 657238 62.0 
419 671249 66.0 
455 729015 67.0 
497 795683 70.0 
497 796419 72.0 
516 827051 75.0 
594 951485 77.0 
599 959816 78.0 
600 961141 85.0 
714 1143807 86.0 
726 1163126 87.0 
734 1174657 88.0 
742 1188501 92.0 
763 1222179 94.0 
769 1231927 98.0 
818 1310169 100.0 
==== END RUN ====
0 1 1.0 
0 11 4.0 
0 27 5.0 
0 57 9.0 
1 3020 14.0 
17 27349 16.0 
37 59339 21.0 
51 82831 22.0 
67 108387 26.0 
102 163587 28.0 
103 166228 36.0 
179 287887 37.0 
182 292690 40.0 
196 313879 43.0 
209 335716 44.0 
234 375318 45.0 
253 404835 47.0 
255 408661 48.0 
263 421780 50.0 
268 429771 52.0 
298 477679 53.0 
302 484051 57.0 
307 492221 58.0 
332 531923 59.0 
338 541689 61.0 
344 551667 64.0 
383 614383 68.0 
420 672895 69.0 
425 681329 70.0 
442 707825 72.0 
442 707929 73.0 
460 736465 75.0 
486 778930 76.0 
491 786948 78.0 
519 831329 80.0 
541 866983 81.0 
560 896587 87.0 
597 956365 90.0 
598 958207 91.0 
622 995813 92.0 
647 1036591 94.0 
654 1047789 95.0 
666 1067085 96.0 
690 1104693 99.0 
712 1140211 100.0 
==== END RUN ====
0 1 1.0 
0 3 3.0 
0 23 5.0 
0 43 8.0 
0 657 9.0 
0 927 10.0 
1 2830 11.0 
4 7966 12.0 
7 11642 13.0 
11 17687 17.0 
41 67142 18.0 
44 71780 21.0 
87 140728 22.0 
93 149822 25.0 
118 190065 27.0 
119 190980 28.0 
123 197423 29.0 
126 201625 31.0 
136 218511 37.0 
185 297453 38.0 
197 316389 39.0 
221 354189 42.0 
248 396865 44.0 
253 405511 45.0 
256 410609 47.0 
263 422173 52.0 
311 498193 53.0 
312 500692 55.0 
340 545046 58.0 
363 582149 60.0 
376 603116 63.0 
396 634979 67.0 
405 649237 70.0 
414 663896 71.0 
442 708643 74.0 
451 721637 75.0 
460 736723 76.0 
469 751441 78.0 
479 767425 80.0 
494 791501 81.0 
498 798029 82.0 
502 803795 84.0 
507 812570 85.0 
526 842439 87.0 
544 870627 89.0 
564 903779 91.0 
582 931703 98.0 
627 1004251 99.0 
657 1052507 100.0 
==== END RUN ====
0 1 9.0 
0 176 10.0 
2 3706 11.0 
2 4656 12.0 
5 9093 14.0 
12 19651 16.0 
29 47414 19.0 
35 56013 20.0 
64 102543 25.0 
105 169085 34.0 
115 185228 36.0 
154 246661 40.0 
203 326324 41.0 
206 329741 42.0 
211 338419 47.0 
257 412660 48.0 
264 422771 49.0 
265 424852 50.0 
267 428015 51.0 
278 445937 55.0 
297 476761 59.0 
335 536471 61.0 
338 542001 63.0 
373 597613 64.0 
387 619621 68.0 
435 697342 71.0 
449 718869 72.0 
456 730731 73.0 
497 796765 74.0 
503 806395 76.0 
524 838625 77.0 
530 848381 78.0 
533 853023 79.0 
543 868973 80.0 
568 909471 82.0 
576 923167 83.0 
582 931553 84.0 
599 959575 86.0 
632 1012754 87.0 
638 1021215 91.0 
656 1051161 93.0 
658 1054215 99.0 
681 1089995 100.0 
==== END RUN ====
0 1 6.0 
0 21 7.0 
0 417 9.0 
0 511 10.0 
1 2963 11.0 
3 6312 12.0 
7 11682 15.0 
15 24125 16.0 
16 26496 18.0 
26 41885 19.0 
32 52606 20.0 
48 78167 24.0 
78 124967 26.0 
78 125235 28.0 
112 180404 31.0 
122 195349 32.0 
153 246272 33.0 
159 254983 34.0 
166 266306 37.0 
205 328331 38.0 
209 335350 39.0 
231 370015 41.0 
237 379329 45.0 
280 449573 46.0 
289 462405 47.0 
314 503662 49.0 
319 510461 50.0 
325 520021 51.0 
331 530393 52.0 
336 538447 53.0 
360 577244 57.0 
376 601787 58.0 
383 612949 61.0 
415 664933 66.0 
467 747353 70.0 
520 833241 72.0 
524 839796 75.0 
567 907733 78.0 
593 949417 79.0 
623 998379 81.0 
645 1033181 85.0 
679 1087149 86.0 
683 1093381 87.0 
716 1146939 88.0 
719 1150705 96.0 
741 1187083 100.0 
==== END RUN ====
0 1 3.0 
0 9 6.0 
0 13 7.0 
0 39 8.0 
0 345 9.0 
2 3985 10.0 
3 4845 14.0 
17 27598 15.0 
22 36609 16.0 
25 40183 17.0 
28 46055 18.0 
30 48745 20.0 
38 61158 22.0 
85 136987 24.0 
91 145641 25.0 
97 155411 26.0 
104 166721 29.0 
119 191086 31.0 
134 214761 33.0 
142 227547 34.0 
143 229654 36.0 
154 247584 37.0 
162 260350 38.0 
168 270334 40.0 
186 298463 41.0 
197 316358 43.0 
202 323711 45.0 
237 379375 46.0 
240 384916 50.0 
265 425548 53.0 
296 475016 54.0 
302 483965 55.0 
322 515899 56.0 
344 551195 58.0 
367 587369 60.0 
379 607347 62.0 
416 666539 63.0 
425 681398 65.0 
432 692393 70.0 
448 718350 74.0 
493 790296 75.0 
502 804185 80.0 
516 825989 81.0 
545 873579 82.0 
562 900676 84.0 
569 911649 86.0 
604 967469 88.0 
645 1033569 90.0 
665 1064979 91.0 
665 1065471 94.0 
675 1081129 97.0 
728 1165357 98.0 
743 1190379 99.0 
754 1207467 100.0 
==== END RUN ====
0 1 1.0 
0 3 3.0 
0 45 4.0 
0 117 8.0 
0 298 10.0 
0 1055 11.0 
5 8310 12.0 
7 12240 16.0 
29 47865 17.0 
34 54565 20.0 
61 98732 23.0 
90 145402 24.0 
100 160435 25.0 
106 170455 26.0 
113 181890 28.0 
131 210658 30.0 
132 212017 31.0 
136 218877 32.0 
138 222259 35.0 
165 264846 40.0 
204 327825 43.0 
234 375690 45.0 
247 396257 46.0 
254 407877 47.0 
282 451519 50.0 
303 485644 52.0 
311 497991 56.0 
332 531941 57.0 
362 579745 58.0 
366 586513 59.0 
393 630116 61.0 
439 702543 62.0 
439 703842 63.0 
442 708233 66.0 
444 711259 70.0 
490 785135 73.0 
505 809559 75.0 
511 818545 76.0 
511 818866 77.0 
523 837899 80.0 
567 907841 81.0 
581 929975 82.0 
597 955681 83.0 
604 967997 84.0 
613 982095 85.0 
616 986929 86.0 
618 988801 90.0 
631 1010989 98.0 
739 1182941 99.0 
764 1223357 100.0 
==== END RUN ====
0 1 1.0 
0 3 2.0 
0 5 3.0 
0 33 5.0 
0 65 6.0 
0 111 7.0 
0 269 10.0 
0 546 13.0 
1 2582 14.0 
17 28297 15.0 
21 34507 17.0 
35 57591 19.0 
43 69634 20.0 
57 92341 22.0 
65 105150 23.0 
71 114312 24.0 
88 142048 25.0 
89 142791 27.0 
103 165505 28.0 
112 180274 29.0 
127 204695 32.0 
139 223375 36.0 
152 243822 37.0 
176 283022 38.0 
186 299070 39.0 
190 305174 40.0 
197 316231 44.0 
202 323553 46.0 
227 364595 47.0 
232 372556 50.0 
241 386724 55.0 
272 436319 56.0 
310 496881 57.0 
337 540690 64.0 
393 629675 65.0 
394 631490 68.0 
422 675695 69.0 
432 692241 70.0 
449 719903 73.0 
456 730411 74.0 
499 799539 75.0 
507 812009 76.0 
527 844389 79.0 
538 862261 80.0 
544 870679 82.0 
556 890555 83.0 
586 938773 84.0 
588 941729 85.0 
593 950047 86.0 
606 969895 89.0 
615 984183 90.0 
628 1006395 91.0 
632 1012233 92.0 
637 1020127 93.0 
662 1059759 94.0 
676 1081635 96.0 
688 1102327 97.0 
701 1123095 99.0 
702 1124129 100.0 
==== END RUN ====
0 1 1.0 
0 9 2.0 
0 23 3.0 
0 39 6.0 
0 118 7.0 
0 212 8.0 
1 2388 10.0 
2 4335 11.0 
3 5096 13.0 
8 13078 17.0 
54 86843 20.0 
67 107538 21.0 
67 108094 22.0 
88 142271 24.0 
89 142687 25.0 
92 147810 28.0 
132 211283 34.0 
175 280783 35.0 
198 317419 46.0 
270 433141 48.0 
284 454731 51.0 
313 502096 54.0 
352 563869 55.0 
395 632081 58.0 
395 632871 60.0 
406 650699 61.0 
412 660075 63.0 
440 705011 65.0 
446 714615 67.0 
450 720869 69.0 
460 737169 70.0 
472 756658 74.0 
505 808385 75.0 
515 824101 76.0 
523 836801 78.0 
532 851507 82.0 
537 859915 83.0 
550 881539 85.0 
573 918053 87.0 
587 940676 88.0 
597 955565 90.0 
644 1030641 92.0 
671 1074387 93.0 
695 1113155 94.0 
706 1131185 95.0 
716 1146603 96.0 
717 1147273 97.0 
744 1191841 99.0 
758 1213755 100.0 
==== END RUN ====
0 1 2.0 
0 13 3.0 
0 21 7.0 
0 113 9.0 
0 423 10.0 
1 2334 11.0 
3 5632 12.0 
4 6463 14.0 
5 9168 15.0 
18 30251 16.0 
33 53591 17.0 
41 67068 21.0 
53 86208 24.0 
59 95708 25.0 
91 146821 29.0 
121 193995 32.0 
139 223402 35.0 
152 243763 36.0 
160 256535 37.0 
179 287938 38.0 
193 310170 40.0 
202 324149 42.0 
207 331949 44.0 
223 357155 46.0 
233 373838 50.0 
250 400954 51.0 
257 412125 53.0 
272 435603 56.0 
310 496733 57.0 
313 501589 59.0 
315 505516 60.0 
316 506085 61.0 
347 556017 62.0 
353 565989 63.0 
379 607383 64.0 
388 621379 68.0 
397 636562 71.0 
435 696055 72.0 
467 748800 74.0 
486 778929 75.0 
500 800237 77.0 
505 808353 78.0 
516 826761 81.0 
543 869475 83.0 
575 921363 86.0 
591 946407 88.0 
606 971108 93.0 
643 1030191 95.0 
669 1070807 96.0 
670 1073259 97.0 
686 1098551 99.0 
687 1099813 100.0 
==== END RUN ====
0 1 1.0 
0 7 2.0 
0 17 3.0 
0 21 7.0 
0 97 9.0 
0 131 12.0 
4 7499 14.0 
14 23049 16.0 
30 49520 18.0 
32 52460 20.0 
35 56808 21.0 
70 112780 23.0 
79 127609 24.0 
80 128700 29.0 
109 175090 32.0 
120 193351 34.0 
122 195437 35.0 
145 232777 37.0 
150 241563 38.0 
174 278625 39.0 
183 293433 44.0 
223 357766 48.0 
233 373794 49.0 
245 392461 50.0 
263 421043 51.0 
290 464691 52.0 
300 481499 53.0 
311 498293 54.0 
318 509339 55.0 
319 511564 57.0 
326 522880 59.0 
344 551774 62.0 
349 559801 63.0 
403 645811 65.0 
432 691393 66.0 
449 719749 67.0 
455 729538 68.0 
464 743403 69.0 
488 781467 70.0 
525 841057 71.0 
530 848743 74.0 
533 852873 76.0 
588 942251 78.0 
620 992163 79.0 
645 1033283 81.0 
664 1063065 83.0 
672 1076669 85.0 
683 1093387 88.0 
694 1111679 89.0 
700 1121305 90.0 
708 1134097 91.0 
757 1212615 93.0 
775 1241459 94.0 
781 1249813 95.0 
787 1259865 96.0 
822 1316309 98.0 
849 1358719 99.0 
850 1361129 100.0 
==== END RUN ====
0 1 2.0 
0 13 4.0 
0 23 9.0 
0 277 14.0 
8 14262 15.0 
23 37310 17.0 
32 52726 18.0 
46 75153 19.0 
50 80497 27.0 
100 160403 29.0 
113 181568 30.0 
138 221735 33.0 
175 280341 34.0 
179 287099 36.0 
196 315064 39.0 
198 317429 40.0 
216 347165 44.0 
259 415967 45.0 
265 425312 50.0 
274 438703 51.0 
287 460369 52.0 
291 465839 53.0 
301 482714 55.0 
304 487953 57.0 
343 550118 59.0 
367 587719 60.0 
372 596001 61.0 
373 597783 62.0 
404 647990 64.0 
412 660311 65.0 
415 664391 70.0 
479 766923 73.0 
482 772798 76.0 
489 783315 78.0 
516 827185 79.0 
528 845125 83.0 
542 867329 85.0 
547 876029 87.0 
608 972899 88.0 
608 973705 89.0 
614 983907 90.0 
634 1015329 91.0 
644 1031747 93.0 
645 1033511 96.0 
673 1077539 100.0 
==== END RUN ====
0 1 1.0 
0 3 2.0 
0 7 4.0 
0 55 5.0 
0 186 7.0 
0 336 12.0 
1 2380 13.0 
2 3532 14.0 
16 26133 16.0 
18 29184 17.0 
47 76320 21.0 
57 91575 24.0 
68 109757 25.0 
97 155341 26.0 
113 181141 27.0 
120 192637 29.0 
126 202504 30.0 
160 256781 36.0 
192 307631 40.0 
214 342915 41.0 
223 357945 45.0 
243 390027 46.0 
244 390713 48.0 
255 409373 49.0 
263 420823 50.0 
269 431737 52.0 
303 485137 53.0 
305 488089 58.0 
362 579287 60.0 
379 607339 61.0 
391 625921 65.0 
415 665055 66.0 
426 682267 69.0 
429 687798 71.0 
454 726671 72.0 
459 735684 74.0 
488 781697 76.0 
523 837225 77.0 
549 879235 78.0 
559 895295 79.0 
563 901365 80.0 
579 927645 81.0 
583 934232 82.0 
595 952891 87.0 
634 1014537 88.0 
664 1063977 89.0 
707 1131745 90.0 
708 1133485 91.0 
714 1143841 92.0 
734 1174881 95.0 
777 1243301 97.0 
792 1267611 98.0 
792 1268349 100.0 
==== END RUN ====
0 1 1.0 
0 13 2.0 
0 31 3.0 
0 35 4.0 
0 41 6.0 
0 125 9.0 
0 429 12.0 
2 3427 15.0 
11 18623 16.0 
12 20204 17.0 
31 50715 18.0 
43 69019 19.0 
49 79275 20.0 
53 86228 21.0 
57 92717 23.0 
66 106687 25.0 
85 137197 27.0 
101 162183 28.0 
118 189047 29.0 
120 193139 31.0 
140 225099 33.0 
153 245447 36.0 
186 298681 37.0 
189 303250 38.0 
192 307855 43.0 
231 370049 45.0 
239 383089 46.0 
241 386221 48.0 
254 407465 50.0 
257 412276 51.0 
265 424655 54.0 
284 455620 57.0 
319 510617 60.0 
346 554571 63.0 
374 599051 65.0 
390 625017 66.0 
406 650315 68.0 
429 687551 70.0 
434 694989 71.0 
434 695652 72.0 
458 733159 73.0 
468 750378 78.0 
475 760931 81.0 
493 789135 82.0 
499 799159 83.0 
516 827128 84.0 
523 837683 85.0 
533 853217 87.0 
564 903659 95.0 
615 985445 96.0 
622 996357 97.0 
625 1000641 98.0 
633 1014371 100.0 
==== END RUN ====
0 1 2.0 
0 21 4.0 
0 33 5.0 
0 120 6.0 
0 141 7.0 
0 484 8.0 
0 581 11.0 
5 9330 12.0 
10 16426 16.0 
28 45235 19.0 
53 84919 24.0 
78 126350 25.0 
85 136029 26.0 
93 149634 28.0 
118 189630 30.0 
120 192337 31.0 
150 241502 32.0 
173 277251 35.0 
209 335337 37.0 
211 338193 41.0 
245 393280 49.0 
282 452078 51.0 
301 481699 55.0 
324 518717 56.0 
337 540585 58.0 
343 548999 60.0 
359 575511 63.0 
372 596645 65.0 
377 603961 67.0 
415 664667 70.0 
426 682782 71.0 
435 697019 73.0 
437 700369 75.0 
468 749333 77.0 
488 780817 80.0 
516 827004 82.0 
529 846551 83.0 
550 881199 84.0 
553 885613 85.0 
569 911515 86.0 
589 943761 89.0 
591 946229 92.0 
628 1005917 94.0 
652 1044241 95.0 
665 1064529 96.0 
671 1074661 97.0 
676 1081683 100.0 
==== END RUN ====
0 1 1.0 
0 7 2.0 
0 19 4.0 
0 89 7.0 
0 1353 8.0 
1 2893 9.0 
1 3121 11.0 
2 3680 14.0 
7 11291 15.0 
22 35654 21.0 
67 107898 22.0 
77 124033 24.0 
94 150903 28.0 
128 205828 30.0 
142 228262 31.0 
143 230374 32.0 
153 246211 33.0 
165 264930 35.0 
173 277856 37.0 
183 293155 38.0 
200 320623 41.0 
212 340697 43.0 
229 367244 44.0 
237 380402 45.0 
268 429805 46.0 
272 435743 47.0 
272 435819 51.0 
279 447493 54.0 
320 513313 57.0 
340 545298 58.0 
383 614078 61.0 
399 639881 63.0 
403 646130 64.0 
407 651209 68.0 
422 676328 70.0 
442 707255 71.0 
461 738545 73.0 
498 797973 75.0 
503 806044 77.0 
545 873461 78.0 
548 878013 80.0 
550 880989 81.0 
568 909689 83.0 
579 927525 85.0 
614 983735 86.0 
636 1018641 91.0 
647 1035635 92.0 
647 1036445 93.0 
653 1044995 94.0 
665 1064197 96.0 
685 1096713 98.0 
687 1099271 99.0 
713 1141539 100.0 
==== END RUN ====
0 1 2.0 
0 9 5.0 
0 11 6.0 
0 33 9.0 
0 1314 13.0 
2 3763 15.0 
12 19383 16.0 
18 29639 18.0 
24 39771 21.0 
43 70086 23.0 
49 79132 26.0 
64 103392 27.0 
69 111706 29.0 
105 168005 30.0 
106 169863 32.0 
125 201213 33.0 
128 206054 36.0 
155 249157 37.0 
162 260066 38.0 
166 265731 39.0 
171 273839 41.0 
180 289188 42.0 
185 296595 43.0 
197 315961 46.0 
207 332443 48.0 
228 365325 49.0 
230 369036 51.0 
244 391564 54.0 
293 470322 60.0 
321 513765 62.0 
358 573785 64.0 
390 625141 70.0 
403 645807 72.0 
405 649368 73.0 
473 758001 79.0 
490 785383 80.0 
495 793209 83.0 
549 879941 92.0 
651 1041963 95.0 
680 1088239 96.0 
705 1129223 97.0 
710 1136393 98.0 
716 1146171 100.0 
==== END RUN ====
0 1 1.0 
0 5 2.0 
0 7 4.0 
0 67 5.0 
0 149 12.0 
0 428 13.0 
3 5836 14.0 
6 9651 18.0 
24 39174 19.0 
53 85968 23.0 
80 129366 25.0 
111 178967 26.0 
116 185913 27.0 
118 189995 28.0 
131 210523 31.0 
150 240910 32.0 
165 264895 33.0 
169 271841 36.0 
197 315697 37.0 
203 325824 39.0 
205 329534 40.0 
217 347303 41.0 
217 347723 43.0 
237 380143 45.0 
245 393022 46.0 
254 407013 48.0 
257 411705 49.0 
264 423137 50.0 
300 480549 51.0 
309 495959 52.0 
335 536751 56.0 
363 581161 57.0 
367 588311 60.0 
381 610994 61.0 
384 615385 63.0 
408 653943 65.0 
437 700241 71.0 
440 705079 77.0 
462 740654 78.0 
522 836043 84.0 
562 899847 85.0 
565 904231 87.0 
592 947863 89.0 
624 999005 90.0 
633 1013847 92.0 
640 1025595 93.0 
657 1051683 95.0 
667 1067827 96.0 
668 1068945 99.0 
711 1137801 100.0 
==== END RUN ====
0 1 2.0 
0 5 3.0 
0 21 4.0 
0 27 5.0 
0 65 7.0 
0 574 8.0 
0 910 9.0 
1 1677 12.0 
7 12098 13.0 
7 12579 14.0 
11 18072 22.0 
66 106762 23.0 
82 131886 26.0 
86 138075 30.0 
135 216695 31.0 
135 217506 33.0 
144 231499 35.0 
170 272569 36.0 
173 277824 39.0 
177 283329 40.0 
181 290334 45.0 
197 315695 47.0 
261 418966 50.0 
263 422089 52.0 
289 463359 53.0 
290 465418 55.0 
294 471894 56.0 
320 513116 58.0 
341 546692 59.0 
347 556157 61.0 
358 574226 63.0 
373 596987 69.0 
409 655872 70.0 
413 661179 72.0 
438 701169 77.0 
494 791996 78.0 
496 795054 79.0 
516 826523 80.0 
544 871451 85.0 
551 882027 88.0 
586 937693 90.0 
619 990655 92.0 
630 1009427 93.0 
636 1017951 98.0 
679 1087895 99.0 
681 1090989 100.0 
==== END RUN ====
0 1 1.0 
0 9 5.0 
0 85 6.0 
0 642 7.0 
0 797 10.0 
1 2826 13.0 
14 22862 14.0 
20 32197 16.0 
33 53051 19.0 
50 80826 20.0 
70 113584 24.0 
86 138142 25.0 
113 181674 26.0 
117 188297 27.0 
128 205241 28.0 
139 223936 32.0 
157 251639 37.0 
184 295379 38.0 
187 300747 41.0 
207 332734 42.0 
222 356262 44.0 
230 368185 48.0 
257 412292 49.0 
281 451003 50.0 
293 469661 52.0 
298 477523 53.0 
319 511517 55.0 
330 528893 56.0 
335 536831 58.0 
355 569234 59.0 
368 589655 62.0 
388 622227 67.0 
452 724499 68.0 
456 730467 70.0 
465 745497 71.0 
506 810195 73.0 
517 828145 77.0 
544 871513 78.0 
574 919824 80.0 
612 980487 81.0 
630 1008891 83.0 
659 1055681 84.0 
663 1062363 85.0 
712 1139725 87.0 
728 1165253 88.0 
761 1218635 89.0 
769 1231153 91.0 
784 1254831 92.0 
790 1265013 95.0 
822 1316633 99.0 
872 1396291 100.0 
==== END RUN ====
0 1 5.0 
0 85 10.0 
0 667 11.0 
0 1599 12.0 
6 9872 13.0 
8 13477 14.0 
15 24738 15.0 
24 38952 18.0 
37 59457 20.0 
48 78189 21.0 
60 97255 23.0 
73 117571 25.0 
78 125299 29.0 
106 171040 30.0 
123 198094 32.0 
141 226053 34.0 
149 239144 36.0 
158 253664 40.0 
193 310070 42.0 
198 317993 43.0 
217 347209 44.0 
251 403004 46.0 
256 410756 47.0 
277 443994 49.0 
292 467479 51.0 
297 475961 52.0 
304 487233 54.0 
327 524238 55.0 
330 529300 57.0 
362 580771 58.0 
371 594658 60.0 
378 606164 61.0 
410 657078 62.0 
416 666053 64.0 
420 672001 65.0 
435 697323 67.0 
450 720963 69.0 
476 763093 74.0 
514 822451 75.0 
522 836415 78.0 
582 932351 81.0 
599 959928 84.0 
657 1052501 85.0 
711 1138615 86.0 
712 1140640 89.0 
719 1150909 90.0 
732 1171581 91.0 
760 1217359 92.0 
769 1230821 93.0 
782 1252089 96.0 
806 1291061 98.0 
836 1339153 99.0 
872 1395775 100.0 
==== END RUN ====
0 1 3.0 
0 31 4.0 
0 43 6.0 
0 47 7.0 
0 329 8.0 
0 535 13.0 
15 24555 17.0 
29 47870 21.0 
62 99457 23.0 
94 151538 24.0 
106 170661 26.0 
107 172205 27.0 
133 213432 35.0 
173 277181 36.0 
190 304001 42.0 
217 347727 43.0 
233 374083 45.0 
242 388584 49.0 
264 423797 51.0 
291 466535 53.0 
318 509579 54.0 
320 513141 55.0 
332 532409 56.0 
340 544889 58.0 
354 567439 59.0 
359 574545 63.0 
400 640967 65.0 
421 673913 67.0 
428 685937 74.0 
523 837315 75.0 
536 858149 76.0 
538 862347 77.0 
546 874327 78.0 
564 902457 83.0 
592 947325 84.0 
596 953791 89.0 
642 1027483 94.0 
705 1129181 98.0 
745 1192691 100.0 
==== END RUN ====
0 1 2.0 
0 9 3.0 
0 39 5.0 
0 81 6.0 
0 320 7.0 
0 557 8.0 
0 866 10.0 
2 3494 14.0 
10 16898 17.0 
40 64730 18.0 
44 71179 19.0 
60 97052 21.0 
70 112379 24.0 
91 147037 28.0 
101 161963 29.0 
120 193258 30.0 
127 204521 32.0 
146 234853 33.0 
158 252887 34.0 
167 267217 36.0 
185 296619 40.0 
233 374394 41.0 
236 378319 43.0 
240 385386 46.0 
250 401389 47.0 
278 445573 53.0 
322 516395 57.0 
327 524162 59.0 
350 561137 63.0 
363 582349 64.0 
423 677813 65.0 
443 710315 67.0 
459 735740 68.0 
463 741523 72.0 
464 743513 74.0 
475 760487 75.0 
485 777201 76.0 
500 801055 77.0 
512 819711 80.0 
525 840179 82.0 
540 865340 83.0 
548 878190 86.0 
571 914447 88.0 
598 958251 93.0 
669 1070527 95.0 
669 1071847 97.0 
680 1089479 100.0 
==== END RUN ====
0 1 3.0 
0 19 4.0 
0 61 6.0 
0 253 8.0 
0 550 9.0 
1 2227 11.0 
4 6471 20.0 
36 57881 22.0 
56 89985 23.0 
76 122496 27.0 
87 140737 28.0 
98 158082 30.0 
121 193687 31.0 
123 198241 32.0 
129 207401 35.0 
134 215844 36.0 
164 263336 37.0 
166 266335 38.0 
174 279747 39.0 
181 290722 40.0 
199 319549 41.0 
207 331966 42.0 
227 364291 43.0 
243 388925 45.0 
243 389445 47.0 
250 400655 48.0 
260 417177 52.0 
301 483056 55.0 
336 538435 62.0 
358 573623 63.0 
386 618437 64.0 
390 625528 70.0 
435 697364 72.0 
438 701591 74.0 
448 718014 75.0 
460 736389 77.0 
479 767017 78.0 
496 794821 79.0 
510 817416 81.0 
518 829095 82.0 
537 860548 84.0 
544 871107 89.0 
601 962897 96.0 
638 1022287 97.0 
657 1051555 98.0 
688 1102373 99.0 
702 1124173 100.0 
==== END RUN ====
0 1 2.0 
0 3 5.0 
0 168 6.0 
0 433 8.0 
0 759 9.0 
1 2632 10.0 
1 2854 11.0 
2 3229 12.0 
11 18799 14.0 
19 30505 16.0 
27 43970 18.0 
31 50715 21.0 
54 86921 23.0 
71 114437 27.0 
73 117476 28.0 
92 148675 30.0 
114 183938 33.0 
139 223758 34.0 
146 234750 36.0 
175 281551 37.0 
183 293643 39.0 
184 295373 40.0 
205 328924 41.0 
216 345679 42.0 
222 356555 43.0 
234 375134 44.0 
235 376575 45.0 
239 383073 46.0 
240 384169 47.0 
253 406071 49.0 
256 410235 50.0 
270 432954 54.0 
273 437709 57.0 
309 495225 59.0 
364 583293 63.0 
388 620895 64.0 
389 623191 67.0 
437 700587 68.0 
443 710035 69.0 
449 719913 71.0 
473 757363 72.0 
474 758711 73.0 
509 815573 74.0 
516 827156 76.0 
517 828163 78.0 
548 878263 83.0 
585 937113 84.0 
588 942342 87.0 
620 993393 88.0 
627 1003973 89.0 
630 1008971 90.0 
670 1073495 91.0 
670 1073593 93.0 
677 1084718 94.0 
695 1113153 96.0 
720 1153367 99.0 
755 1209007 100.0 
==== END RUN ====
0 1 1.0 
0 3 2.0 
0 13 3.0 
0 19 4.0 
0 84 5.0 
0 120 7.0 
0 194 9.0 
2 4623 10.0 
5 8115 11.0 
7 11470 12.0 
9 15677 15.0 
27 43870 18.0 
42 67517 22.0 
76 122651 24.0 
80 128791 27.0 
101 161721 28.0 
101 161869 29.0 
119 190477 30.0 
122 195907 32.0 
131 210550 34.0 
132 212703 38.0 
169 270729 39.0 
176 282244 40.0 
178 286261 41.0 
192 307653 42.0 
197 316270 43.0 
217 348141 46.0 
226 362957 48.0 
241 386685 49.0 
248 397703 53.0 
262 419221 54.0 
281 450435 56.0 
295 473549 58.0 
307 491329 59.0 
332 532627 62.0 
353 565193 66.0 
358 574224 67.0 
365 584811 69.0 
375 601369 71.0 
381 610691 72.0 
415 665296 74.0 
454 727788 75.0 
461 738785 77.0 
473 757105 78.0 
479 767459 79.0 
498 798121 88.0 
565 905415 90.0 
599 959261 93.0 
618 990271 95.0 
638 1022368 96.0 
657 1051493 98.0 
665 1065101 99.0 
673 1077185 100.0 
==== END RUN ====
0 1 2.0 
0 52 3.0 
0 95 12.0 
3 6252 14.0 
25 40825 17.0 
45 72181 18.0 
45 72563 19.0 
47 76590 20.0 
48 77139 23.0 
72 115321 27.0 
97 156108 28.0 
110 177447 31.0 
129 206565 37.0 
173 277460 39.0 
177 283207 40.0 
187 300071 41.0 
205 328833 43.0 
207 332183 44.0 
217 347953 45.0 
221 354063 46.0 
231 369665 49.0 
252 404085 50.0 
261 418956 52.0 
278 446100 53.0 
289 462725 54.0 
298 476943 55.0 
304 486421 59.0 
340 544085 60.0 
344 551209 63.0 
359 574405 64.0 
386 619026 66.0 
406 650855 67.0 
425 681529 68.0 
446 714537 70.0 
455 728537 71.0 
481 770963 73.0 
505 809023 74.0 
510 816127 78.0 
514 823965 80.0 
516 825751 82.0 
540 865207 84.0 
581 929643 87.0 
606 971007 88.0 
607 972055 90.0 
621 994087 91.0 
638 1021797 93.0 
639 1022961 94.0 
646 1034757 95.0 
657 1052227 97.0 
698 1116801 100.0 
==== END RUN ====
0 1 1.0 
0 3 3.0 
0 41 6.0 
0 162 7.0 
0 1307 9.0 
1 1611 10.0 
2 3903 11.0 
2 4287 12.0 
11 18829 13.0 
12 20395 16.0 
40 65408 18.0 
43 70275 19.0 
47 76302 20.0 
51 82770 22.0 
65 104363 24.0 
83 134362 26.0 
97 156615 27.0 
101 161919 28.0 
101 162139 29.0 
105 169563 30.0 
108 173866 33.0 
145 232683 37.0 
180 288001 38.0 
185 297394 39.0 
198 318235 42.0 
217 348150 43.0 
234 375031 44.0 
238 381940 45.0 
255 409394 47.0 
292 468438 48.0 
293 469293 51.0 
322 515201 53.0 
336 538385 54.0 
346 555038 56.0 
357 572206 57.0 
383 613633 59.0 
400 640953 62.0 
424 678691 64.0 
432 691367 67.0 
471 754105 69.0 
491 786493 70.0 
502 804518 71.0 
526 841991 72.0 
534 854945 74.0 
534 855543 77.0 
561 898683 79.0 
566 906973 81.0 
594 951766 83.0 
604 967567 85.0 
652 1044373 87.0 
656 1049653 88.0 
670 1073093 89.0 
672 1076083 94.0 
673 1077499 100.0 
==== END RUN ====
0 1 1.0 
0 3 5.0 
0 73 6.0 
0 103 7.0 
0 319 8.0 
0 1097 10.0 
1 1989 12.0 
8 13005 14.0 
23 38366 17.0 
25 40417 19.0 
46 73960 20.0 
53 85023 21.0 
57 91593 22.0 
68 109537 24.0 
79 127027 26.0 
107 171479 27.0 
116 186295 28.0 
129 207778 29.0 
135 217570 32.0 
148 237850 33.0 
151 242073 35.0 
154 247388 38.0 
178 285191 42.0 
212 340265 45.0 
238 382316 46.0 
254 407103 50.0 
267 428507 51.0 
290 464291 54.0 
315 505032 57.0 
345 552477 60.0 
353 565041 61.0 
372 596671 62.0 
379 607779 63.0 
387 620586 64.0 
420 673572 65.0 
422 675367 66.0 
432 691571 68.0 
434 695151 69.0 
436 698649 71.0 
462 740557 73.0 
485 777294 76.0 
496 794091 78.0 
542 868756 79.0 
567 908327 81.0 
586 938175 82.0 
592 948457 85.0 
593 949377 86.0 
606 970411 88.0 
619 990619 89.0 
635 1016417 90.0 
640 1024709 96.0 
655 1048347 99.0 
678 1085537 100.0 
==== END RUN ====
0 1 1.0 
0 13 2.0 
0 33 4.0 
0 47 9.0 
0 586 10.0 
0 1187 12.0 
3 5833 14.0 
6 10047 15.0 
11 18832 21.0 
46 73663 23.0 
53 86237 27.0 
98 157213 28.0 
101 161693 29.0 
111 178674 30.0 
117 188323 31.0 
138 221713 33.0 
144 230841 36.0 
157 251958 37.0 
180 288349 38.0 
184 294893 40.0 
213 341497 42.0 
223 357971 43.0 
238 381515 45.0 
238 382393 47.0 
270 432201 48.0 
275 440765 51.0 
312 500498 53.0 
319 510529 54.0 
324 519395 56.0 
324 519891 60.0 
366 587048 61.0 
369 591501 63.0 
392 628211 64.0 
399 639371 65.0 
408 653281 66.0 
430 688083 68.0 
438 701843 69.0 
468 749811 70.0 
479 766403 72.0 
495 792261 73.0 
515 824967 78.0 
561 898944 80.0 
570 913139 81.0 
585 936573 82.0 
615 984663 84.0 
627 1003579 85.0 
643 1029021 88.0 
651 1042241 89.0 
658 1053453 91.0 
668 1070354 92.0 
675 1080961 93.0 
676 1081929 96.0 
696 1114825 100.0 
==== END RUN ====
0 1 2.0 
0 9 3.0 
0 17 4.0 
0 65 6.0 
0 213 7.0 
0 346 8.0 
0 1265 11.0 
4 7457 12.0 
9 14958 17.0 
33 54276 18.0 
44 71633 20.0 
47 76777 21.0 
55 88784 24.0 
97 155913 25.0 
101 162292 26.0 
108 173737 30.0 
119 191737 31.0 
125 201273 32.0 
156 250075 33.0 
162 260410 34.0 
165 264680 36.0 
171 274482 37.0 
187 299617 38.0 
196 313915 41.0 
219 351402 42.0 
233 373791 44.0 
248 398179 45.0 
252 404208 49.0 
300 480969 50.0 
322 516282 51.0 
338 541339 55.0 
355 568135 56.0 
356 570349 57.0 
380 608801 59.0 
393 630061 60.0 
411 657721 61.0 
412 659441 64.0 
415 664687 65.0 
436 698899 69.0 
459 734501 76.0 
511 818423 77.0 
520 833582 78.0 
536 858045 80.0 
545 872377 84.0 
572 915243 89.0 
611 979017 90.0 
622 996619 91.0 
641 1026899 92.0 
643 1029393 95.0 
667 1067475 98.0 
706 1130253 100.0 
==== END RUN ====
0 1 6.0 
0 152 7.0 
0 693 8.0 
0 969 13.0 
5 9193 14.0 
17 28661 17.0 
17 28718 18.0 
39 63739 19.0 
40 64013 23.0 
81 130620 26.0 
117 187603 27.0 
127 204165 29.0 
129 207669 36.0 
184 295063 38.0 
210 336071 41.0 
246 395112 42.0 
248 397757 43.0 
273 436849 46.0 
292 468100 47.0 
292 468122 49.0 
326 522905 50.0 
331 529607 53.0 
342 547563 54.0 
358 573631 55.0 
360 577152 56.0 
369 590485 57.0 
383 613137 58.0 
389 623878 59.0 
400 641351 60.0 
404 646565 65.0 
423 677747 66.0 
428 685843 69.0 
449 718739 71.0 
458 732971 72.0 
461 738685 75.0 
491 786469 76.0 
496 794467 80.0 
510 816375 83.0 
553 886037 84.0 
582 931749 85.0 
592 948553 90.0 
635 1017549 92.0 
641 1026797 94.0 
664 1062879 95.0 
705 1128377 98.0 
707 1132763 99.0 
713 1141219 100.0 
==== END RUN ====
0 1 3.0 
0 3 6.0 
0 61 7.0 
0 85 8.0 
1 2138 11.0 
2 3327 12.0 
4 6491 16.0 
33 53665 17.0 
46 73827 18.0 
50 80771 21.0 
69 111387 23.0 
73 117574 27.0 
110 176886 30.0 
125 201468 31.0 
137 220670 32.0 
152 244673 33.0 
155 248579 35.0 
161 258375 39.0 
181 290282 40.0 
201 322079 42.0 
223 358389 44.0 
229 366723 45.0 
238 382038 46.0 
257 411219 47.0 
265 425389 49.0 
265 425407 53.0 
311 498589 57.0 
320 513059 67.0 
412 660205 68.0 
423 678318 70.0 
427 683689 72.0 
443 709557 73.0 
468 750271 74.0 
469 750887 75.0 
469 751827 76.0 
491 787066 77.0 
536 858249 78.0 
547 876429 80.0 
559 895025 82.0 
589 943631 83.0 
601 962355 90.0 
677 1084071 91.0 
686 1098517 93.0 
703 1124843 94.0 
714 1142533 96.0 
740 1185499 97.0 
751 1201659 99.0 
778 1245857 100.0 
==== END RUN ====
0 1 1.0 
0 7 8.0 
0 947 9.0 
0 1001 10.0 
0 1417 13.0 
3 6263 15.0 
16 26443 17.0 
28 46257 18.0 
39 63681 19.0 
49 79503 20.0 
53 85407 21.0 
74 118501 23.0 
86 138248 24.0 
86 138596 25.0 
97 156061 29.0 
105 169164 32.0 
125 200892 35.0 
153 245233 40.0 
179 286619 42.0 
203 325671 44.0 
211 338906 48.0 
251 402079 49.0 
251 402723 50.0 
269 430647 51.0 
280 448846 52.0 
296 474873 54.0 
301 482872 55.0 
311 498371 56.0 
315 504291 57.0 
317 508147 58.0 
320 512745 60.0 
333 534380 61.0 
358 573807 65.0 
386 619135 68.0 
403 645917 70.0 
422 676291 76.0 
449 719933 77.0 
460 737288 80.0 
473 757869 81.0 
487 779897 86.0 
512 820551 87.0 
535 856065 88.0 
558 893305 89.0 
587 940613 92.0 
605 968061 94.0 
608 974065 95.0 
618 989093 97.0 
673 1077211 100.0 
==== END RUN ====
0 1 2.0 
0 7 3.0 
0 39 4.0 
0 47 6.0 
0 107 7.0 
0 252 8.0 
0 510 11.0 
1 1645 12.0 
2 3934 13.0 
7 11241 15.0 
18 29230 19.0 
43 69596 20.0 
52 84205 21.0 
58 93327 22.0 
68 109653 23.0 
75 121199 24.0 
84 135363 25.0 
90 145230 27.0 
99 158993 31.0 
132 212467 32.0 
138 221377 33.0 
139 223721 39.0 
184 295021 40.0 
191 307086 41.0 
195 312933 42.0 
197 316065 44.0 
221 354560 45.0 
234 375594 46.0 
239 383247 48.0 
257 412394 49.0 
262 419833 50.0 
266 426605 51.0 
271 433675 53.0 
284 454517 54.0 
307 491951 56.0 
327 524141 64.0 
392 628207 67.0 
400 641090 68.0 
419 671309 69.0 
442 708155 70.0 
452 724735 71.0 
458 733249 72.0 
472 756569 76.0 
495 793266 78.0 
526 842291 81.0 
537 859649 82.0 
552 884315 84.0 
557 892227 86.0 
558 893677 89.0 
636 1018205 93.0 
639 1022799 94.0 
651 1043164 95.0 
662 1060277 96.0 
695 1113259 98.0 
752 1204617 99.0 
784 1254941 100.0 
==== END RUN ====
0 1 1.0 
0 3 2.0 
0 7 3.0 
0 11 4.0 
0 67 6.0 
0 153 7.0 
0 247 10.0 
0 409 11.0 
0 521 19.0 
57 91604 20.0 
63 101998 21.0 
69 110617 23.0 
87 139700 25.0 
94 151811 26.0 
102 164717 28.0 
137 219583 35.0 
174 279964 36.0 
184 294657 38.0 
202 323867 39.0 
210 336755 40.0 
214 342687 44.0 
238 382121 46.0 
242 388350 47.0 
268 430037 48.0 
270 433379 49.0 
282 452722 50.0 
302 484658 53.0 
318 509231 55.0 
325 520399 58.0 
342 547735 59.0 
345 553577 60.0 
354 566455 62.0 
378 605025 64.0 
411 658925 66.0 
432 692309 67.0 
437 700689 69.0 
496 794129 73.0 
502 804237 75.0 
504 807730 76.0 
533 853473 77.0 
585 937175 78.0 
590 944939 79.0 
593 948817 81.0 
611 977977 82.0 
611 979065 84.0 
628 1005237 85.0 
638 1022194 87.0 
658 1052829 91.0 
703 1125579 92.0 
721 1155149 97.0 
773 1237681 99.0 
790 1264047 100.0 
==== END RUN ====
0 1 2.0 
0 9 4.0 
0 98 6.0 
0 317 7.0 
0 745 8.0 
0 1381 9.0 
1 2724 10.0 
1 3189 11.0 
4 7580 13.0 
5 8514 14.0 
23 37343 15.0 
32 51868 17.0 
36 58703 18.0 
43 69656 19.0 
49 79499 22.0 
73 118156 24.0 
87 140480 28.0 
121 194972 29.0 
123 198009 31.0 
156 250881 33.0 
168 270025 35.0 
180 289531 36.0 
191 307190 37.0 
215 344479 38.0 
218 349625 39.0 
224 359197 40.0 
233 373480 41.0 
240 384661 42.0 
273 437881 43.0 
277 444508 44.0 
285 457151 46.0 
307 492149 49.0 
321 515133 52.0 
350 561434 57.0 
393 630126 58.0 
412 660674 65.0 
426 683054 68.0 
451 722139 70.0 
483 774211 72.0 
523 838372 76.0 
552 884425 77.0 
560 897419 78.0 
591 946918 79.0 
595 952209 81.0 
624 998809 82.0 
642 1028505 83.0 
646 1034047 84.0 
656 1050259 85.0 
658 1053053 88.0 
683 1094117 90.0 
714 1142881 91.0 
722 1155503 92.0 
722 1156790 96.0 
758 1214173 97.0 
761 1219174 98.0 
778 1245309 99.0 
806 1289919 100.0 
==== END RUN ====
0 1 1.0 
0 7 2.0 
0 25 3.0 
0 79 5.0 
0 99 8.0 
0 179 10.0 
0 429 14.0 
11 18366 15.0 
13 21261 17.0 
25 41075 18.0 
35 57517 19.0 
37 60189 21.0 
66 105639 23.0 
71 115089 24.0 
76 123054 27.0 
88 141854 28.0 
98 157581 29.0 
125 200471 31.0 
133 213663 32.0 
146 234486 36.0 
183 293896 37.0 
190 305598 38.0 
194 311309 39.0 
197 315653 40.0 
201 322626 43.0 
239 383007 44.0 
241 387170 49.0 
272 436262 50.0 
291 466919 51.0 
299 479133 55.0 
339 543165 57.0 
351 563185 58.0 
357 572602 59.0 
372 595703 64.0 
412 659373 65.0 
428 686129 68.0 
458 734221 70.0 
483 773053 71.0 
500 801302 72.0 
505 808475 73.0 
508 813231 74.0 
529 847692 76.0 
559 895796 78.0 
564 902581 79.0 
580 928497 83.0 
586 937651 86.0 
593 950321 89.0 
638 1022275 93.0 
662 1059463 95.0 
666 1067025 99.0 
696 1114067 100.0 
==== END RUN ====
0 1 1.0 
0 11 4.0 
0 25 5.0 
0 29 6.0 
0 77 8.0 
0 240 9.0 
0 885 12.0 
2 4340 14.0 
4 7507 17.0 
40 65052 18.0 
59 95585 23.0 
87 139701 26.0 
96 153803 27.0 
105 169346 29.0 
111 178714 30.0 
124 199855 31.0 
125 201525 34.0 
126 201973 35.0 
139 222871 38.0 
166 266465 39.0 
185 296611 45.0 
227 364168 46.0 
230 369270 47.0 
233 373261 50.0 
278 445061 60.0 
342 548245 62.0 
359 575103 63.0 
384 615303 64.0 
388 621673 70.0 
397 636595 72.0 
423 677895 75.0 
449 719145 76.0 
486 778976 79.0 
495 793443 80.0 
510 816167 81.0 
517 827765 83.0 
525 840397 85.0 
559 894495 86.0 
566 907171 93.0 
656 1050177 98.0 
659 1055617 100.0 
==== END RUN ====
0 1 1.0 
0 3 3.0 
0 31 6.0 
0 73 8.0 
0 147 10.0 
0 540 11.0 
3 4999 14.0 
19 31130 16.0 
26 41695 20.0 
54 87028 22.0 
79 127319 24.0 
94 151316 26.0 
104 167907 27.0 
122 195529 28.0 
137 220291 29.0 
139 223933 34.0 
153 245685 35.0 
171 273657 38.0 
198 317783 39.0 
199 319129 41.0 
214 343140 43.0 
214 343988 44.0 
238 382293 46.0 
246 394211 47.0 
247 396700 48.0 
253 405842 51.0 
262 420600 52.0 
289 463374 53.0 
299 479249 55.0 
317 508196 59.0 
365 585502 60.0 
378 605953 61.0 
383 613683 62.0 
416 666620 63.0 
424 679411 66.0 
468 749235 70.0 
484 775928 71.0 
501 802131 72.0 
504 806847 75.0 
522 836682 76.0 
529 846657 77.0 
540 865286 80.0 
569 910685 81.0 
583 933225 83.0 
595 952723 86.0 
612 980511 88.0 
617 988493 89.0 
629 1006435 93.0 
700 1121079 95.0 
701 1122257 96.0 
711 1139003 99.0 
737 1179765 100.0 
==== END RUN ====
0 1 2.0 
0 3 4.0 
0 7 5.0 
0 91 9.0 
0 1428 11.0 
5 9017 13.0 
6 10714 14.0 
16 26696 15.0 
28 45854 17.0 
39 62742 19.0 
47 76117 21.0 
71 115100 22.0 
78 126009 25.0 
102 164284 27.0 
110 177451 28.0 
117 188773 30.0 
144 230485 33.0 
160 257116 34.0 
177 284074 35.0 
185 297243 39.0 
187 300582 41.0 
208 334308 43.0 
215 345163 45.0 
235 377074 49.0 
268 430373 50.0 
283 453949 51.0 
291 466654 54.0 
306 490377 56.0 
320 513564 57.0 
353 565943 58.0 
362 580713 59.0 
389 623009 61.0 
408 654147 63.0 
449 719935 65.0 
456 730553 67.0 
456 730787 68.0 
469 750679 71.0 
523 836907 73.0 
530 849049 75.0 
547 876267 76.0 
564 903680 77.0 
583 933769 78.0 
586 939053 79.0 
591 945723 80.0 
601 963044 83.0 
638 1021851 84.0 
667 1067795 85.0 
676 1082165 86.0 
689 1103713 87.0 
697 1116391 88.0 
703 1126151 89.0 
707 1132323 90.0 
712 1140559 91.0 
728 1165483 92.0 
747 1196756 93.0 
772 1236729 96.0 
797 1276193 98.0 
823 1317923 99.0 
881 1411141 100.0 
==== END RUN ====
0 1 1.0 
0 5 3.0 
0 13 4.0 
0 99 8.0 
0 285 9.0 
1 2250 12.0 
7 12691 15.0 
30 48193 16.0 
33 53190 18.0 
35 57189 20.0 
53 84929 21.0 
57 92178 22.0 
72 115377 23.0 
77 123699 24.0 
85 137434 25.0 
103 165243 26.0 
106 170323 32.0 
159 255630 34.0 
162 259719 37.0 
164 263353 38.0 
175 281428 40.0 
199 318761 43.0 
255 409376 45.0 
267 428465 47.0 
271 433819 50.0 
279 447163 51.0 
309 495497 52.0 
356 569727 53.0 
358 574235 56.0 
364 583245 57.0 
369 590655 58.0 
396 634607 59.0 
398 638026 60.0 
426 683074 62.0 
462 740335 65.0 
463 742196 67.0 
468 749807 70.0 
490 784195 71.0 
492 787691 75.0 
518 828913 76.0 
535 857585 77.0 
537 859243 78.0 
548 878104 79.0 
565 905424 80.0 
581 929773 82.0 
597 955325 85.0 
615 985075 86.0 
621 993909 89.0 
631 1010885 92.0 
674 1079745 96.0 
701 1123141 97.0 
705 1129559 98.0 
722 1156455 99.0 
752 1203695 100.0 
==== END RUN ====
0 1 2.0 
0 3 3.0 
0 7 6.0 
0 105 7.0 
0 514 8.0 
0 648 11.0 
1 2654 12.0 
2 4280 13.0 
6 9987 17.0 
30 48889 19.0 
48 78347 24.0 
59 95670 26.0 
69 111614 29.0 
109 174883 31.0 
127 203609 33.0 
134 214579 36.0 
157 251888 37.0 
161 258895 38.0 
172 275219 39.0 
188 301899 42.0 
199 318875 43.0 
208 334172 44.0 
237 379913 45.0 
244 391333 46.0 
255 409431 49.0 
256 410543 50.0 
273 438146 51.0 
295 473069 52.0 
300 481163 53.0 
311 498133 55.0 
351 562845 56.0 
356 571109 58.0 
359 575281 60.0 
370 593331 61.0 
391 627136 62.0 
406 650477 64.0 
427 684514 65.0 
447 716023 66.0 
466 746722 68.0 
483 773355 71.0 
511 818699 74.0 
553 886147 75.0 
556 891060 78.0 
557 891819 83.0 
616 986165 84.0 
636 1018947 86.0 
671 1075154 89.0 
682 1091255 91.0 
691 1107119 92.0 
698 1118181 93.0 
720 1153393 95.0 
725 1160533 96.0 
766 1225641 97.0 
766 1225773 99.0 
768 1229361 100.0 
==== END RUN ====
0 1 1.0 
0 3 3.0 
0 93 4.0 
0 279 6.0 
0 308 7.0 
0 857 9.0 
1 2233 11.0 
2 3281 12.0 
3 5408 17.0 
43 69035 18.0 
50 81451 20.0 
66 106891 21.0 
89 142981 22.0 
92 148002 24.0 
106 170468 26.0 
121 194065 30.0 
144 231873 31.0 
152 243553 32.0 
198 317269 34.0 
204 327459 35.0 
208 333359 37.0 
218 349942 40.0 
238 381773 41.0 
241 386125 43.0 
241 386776 44.0 
269 431165 45.0 
283 454364 47.0 
306 490426 49.0 
323 517285 51.0 
335 537063 53.0 
340 545563 54.0 
376 602237 55.0 
378 605813 56.0 
379 607898 57.0 
380 608829 59.0 
400 641038 60.0 
425 680071 61.0 
426 681995 65.0 
453 725129 67.0 
457 732732 69.0 
494 791530 70.0 
520 832123 71.0 
524 839609 78.0 
557 891847 79.0 
568 910271 84.0 
583 933911 85.0 
630 1008629 86.0 
659 1054903 87.0 
660 1056195 88.0 
685 1097576 89.0 
734 1174613 92.0 
741 1185701 93.0 
745 1193489 94.0 
758 1213427 96.0 
773 1237931 100.0 
==== END RUN ====
0 1 1.0 
0 5 4.0 
0 53 5.0 
0 63 7.0 
0 613 8.0 
0 620 10.0 
1 2120 11.0 
3 6070 17.0 
6 10671 23.0 
76 122241 24.0 
82 131636 26.0 
101 162220 28.0 
103 166256 30.0 
109 175324 35.0 
152 244076 36.0 
185 297174 39.0 
211 339091 40.0 
216 346940 44.0 
244 390979 45.0 
253 406283 49.0 
264 423568 51.0 
264 423871 55.0 
317 507225 56.0 
331 530071 57.0 
343 549689 61.0 
344 550873 64.0 
375 601098 68.0 
427 684556 69.0 
440 704945 74.0 
477 764778 76.0 
494 791553 77.0 
513 822364 79.0 
516 827107 80.0 
534 855381 82.0 
545 872715 90.0 
575 920331 91.0 
581 930383 92.0 
602 963263 95.0 
611 979075 96.0 
614 983976 97.0 
643 1029507 100.0 
==== END RUN ====
0 1 2.0 
0 11 4.0 
0 29 6.0 
0 89 9.0 
0 201 13.0 
3 4983 14.0 
15 25150 16.0 
31 50303 18.0 
42 68628 20.0 
53 85864 21.0 
59 94409 22.0 
73 117482 23.0 
82 132245 27.0 
119 191064 31.0 
164 263398 32.0 
167 267717 33.0 
177 283900 35.0 
179 287707 38.0 
199 319931 39.0 
224 359975 41.0 
228 365353 44.0 
261 418343 45.0 
294 471253 50.0 
322 515869 52.0 
342 548189 54.0 
378 605887 56.0 
386 618946 60.0 
415 665188 61.0 
436 698734 62.0 
438 701169 63.0 
441 707119 66.0 
442 707823 69.0 
455 729505 73.0 
486 778647 75.0 
488 781347 77.0 
536 858451 79.0 
555 889211 82.0 
585 937055 89.0 
610 976277 94.0 
649 1038689 95.0 
675 1080469 96.0 
685 1096739 97.0 
690 1105555 100.0 
==== END RUN ====
