0 1 2.0 
0 27 4.0 
0 32 9.0 
11 2241 12.0 
45 9055 14.0 
50 10023 16.0 
80 16177 18.0 
96 19364 19.0 
151 30311 20.0 
165 33196 21.0 
228 45625 22.0 
234 46973 24.0 
252 50562 25.0 
315 63019 28.0 
415 83041 30.0 
452 90491 31.0 
458 91665 34.0 
526 105241 35.0 
536 107364 37.0 
646 129282 38.0 
669 133873 39.0 
671 134275 40.0 
758 151764 44.0 
886 177363 46.0 
1024 204903 49.0 
1029 205941 50.0 
1068 213772 52.0 
1075 215181 56.0 
1095 219065 57.0 
1223 244715 62.0 
1300 260069 64.0 
1401 280353 67.0 
1426 285223 68.0 
1563 312619 70.0 
1586 317231 71.0 
1644 328937 72.0 
1735 347053 73.0 
1824 364954 74.0 
1844 368893 76.0 
1917 383553 78.0 
1970 394023 80.0 
2087 417517 82.0 
2127 425415 85.0 
2166 433335 86.0 
2173 434669 87.0 
2255 451161 88.0 
2324 464975 89.0 
2428 485779 91.0 
2442 488551 95.0 
2470 494191 100.0 
==== END RUN ====
0 1 3.0 
0 3 4.0 
0 64 8.0 
5 1134 11.0 
16 3285 12.0 
35 7047 13.0 
35 7166 14.0 
58 11657 15.0 
84 16987 17.0 
96 19381 18.0 
141 28318 20.0 
199 39851 21.0 
226 45229 22.0 
236 47273 23.0 
323 64707 24.0 
339 67933 28.0 
438 87765 29.0 
485 97190 30.0 
504 100935 33.0 
525 105106 34.0 
615 123155 38.0 
807 161461 39.0 
842 168465 41.0 
972 194477 42.0 
997 199477 43.0 
1015 203057 47.0 
1043 208659 48.0 
1137 227489 53.0 
1236 247229 54.0 
1311 262376 55.0 
1409 281907 58.0 
1425 285107 62.0 
1458 291793 63.0 
1506 301263 64.0 
1550 310093 65.0 
1622 324475 66.0 
1623 324669 67.0 
1630 326199 68.0 
1695 339057 69.0 
1704 340847 71.0 
1717 343539 74.0 
1763 352798 76.0 
1975 395135 77.0 
2064 412953 79.0 
2135 427047 80.0 
2161 432335 81.0 
2182 436565 84.0 
2359 471895 87.0 
2452 490519 90.0 
2595 519181 92.0 
2597 519501 93.0 
2774 554985 95.0 
2778 555639 97.0 
2829 565951 98.0 
2909 581995 99.0 
2973 594713 100.0 
==== END RUN ====
0 1 3.0 
0 18 4.0 
0 41 6.0 
0 104 9.0 
0 157 10.0 
5 1152 11.0 
9 1874 14.0 
27 5507 15.0 
52 10415 16.0 
91 18379 18.0 
151 30390 19.0 
185 37043 22.0 
220 44194 25.0 
263 52668 26.0 
278 55711 27.0 
319 63874 30.0 
443 88736 31.0 
492 98522 32.0 
495 99152 33.0 
513 102795 35.0 
575 115007 36.0 
655 131192 38.0 
784 156823 41.0 
850 170073 42.0 
855 171191 43.0 
856 171215 44.0 
949 189969 46.0 
966 193273 47.0 
998 199607 48.0 
1119 223849 49.0 
1166 233261 50.0 
1183 236605 51.0 
1261 252350 52.0 
1397 279415 56.0 
1579 315905 60.0 
1724 344923 62.0 
1750 350119 64.0 
1783 356717 65.0 
1823 364781 66.0 
1999 399829 70.0 
2057 411539 74.0 
2062 412560 75.0 
2192 438467 76.0 
2197 439429 78.0 
2223 444741 81.0 
2242 448473 86.0 
2392 478501 87.0 
2425 485133 88.0 
2439 487943 90.0 
2475 495139 91.0 
2492 498549 96.0 
2601 520385 97.0 
2755 551195 98.0 
2806 561395 99.0 
2920 584083 100.0 
==== END RUN ====
0 1 2.0 
0 22 4.0 
1 209 5.0 
1 211 6.0 
1 314 8.0 
6 1276 12.0 
11 2248 15.0 
83 16776 16.0 
105 21056 17.0 
141 28397 19.0 
226 45347 24.0 
324 64917 28.0 
444 88950 31.0 
525 105162 33.0 
555 111136 34.0 
571 114352 37.0 
644 128964 38.0 
695 139174 40.0 
784 156843 41.0 
804 160994 43.0 
919 183935 46.0 
954 190817 48.0 
1031 206245 49.0 
1034 206990 50.0 
1053 210673 52.0 
1155 231158 54.0 
1166 233207 55.0 
1194 238839 56.0 
1195 239101 64.0 
1321 264340 65.0 
1367 273588 66.0 
1442 288531 67.0 
1512 302531 69.0 
1589 317992 70.0 
1695 339141 71.0 
1797 359541 72.0 
1801 360367 74.0 
1831 366341 77.0 
2017 403495 78.0 
2089 417837 79.0 
2151 430385 80.0 
2198 439759 82.0 
2302 460592 83.0 
2384 476963 84.0 
2396 479365 85.0 
2542 508569 88.0 
2591 518371 90.0 
2661 532297 93.0 
2752 550553 95.0 
2930 586191 96.0 
2984 596991 98.0 
3091 618345 100.0 
==== END RUN ====
0 1 3.0 
0 19 5.0 
1 218 6.0 
1 227 7.0 
1 231 8.0 
1 351 9.0 
2 496 10.0 
12 2403 12.0 
18 3691 13.0 
29 5887 14.0 
39 7803 16.0 
108 21795 18.0 
153 30783 20.0 
224 44839 24.0 
253 50621 25.0 
254 50845 26.0 
337 67481 27.0 
384 76956 28.0 
440 88156 33.0 
496 99267 34.0 
564 112960 35.0 
612 122453 36.0 
634 126926 40.0 
769 153859 44.0 
866 173287 45.0 
916 183348 46.0 
930 186071 47.0 
973 194788 49.0 
1082 216564 54.0 
1218 243709 56.0 
1288 257783 57.0 
1347 269527 65.0 
1487 297600 75.0 
1531 306237 78.0 
1741 348213 79.0 
1743 348739 80.0 
1759 351875 83.0 
1795 359153 84.0 
1865 373021 85.0 
1925 385165 86.0 
2060 412011 87.0 
2119 423973 90.0 
2330 466181 91.0 
2517 503463 97.0 
2556 511347 98.0 
2697 539597 100.0 
==== END RUN ====
0 1 1.0 
0 6 2.0 
0 11 7.0 
6 1352 10.0 
7 1513 12.0 
22 4462 14.0 
87 17489 15.0 
95 19154 16.0 
119 23866 17.0 
140 28193 20.0 
236 47397 24.0 
307 61484 26.0 
308 61660 27.0 
345 69171 30.0 
386 77281 32.0 
404 80909 33.0 
441 88380 34.0 
461 92235 36.0 
472 94550 37.0 
509 101942 38.0 
511 102288 39.0 
622 124530 41.0 
707 141443 45.0 
808 161689 46.0 
871 174293 47.0 
931 186336 49.0 
971 194354 50.0 
975 195179 52.0 
996 199370 53.0 
1046 209384 55.0 
1119 223959 56.0 
1214 242943 59.0 
1368 273641 60.0 
1447 289600 63.0 
1496 299215 68.0 
1534 306867 69.0 
1547 309555 73.0 
1659 331983 74.0 
1797 359557 75.0 
1840 368163 76.0 
1967 393485 77.0 
2013 402745 78.0 
2149 429967 79.0 
2156 431333 81.0 
2164 433000 82.0 
2201 440315 83.0 
2279 455861 85.0 
2340 468174 86.0 
2349 469921 87.0 
2440 488179 88.0 
2459 491967 89.0 
2634 526979 90.0 
2786 557381 93.0 
2912 582592 94.0 
2958 591787 95.0 
3026 605315 97.0 
3089 617803 98.0 
3188 637661 99.0 
3250 650197 100.0 
==== END RUN ====
0 1 1.0 
0 3 2.0 
0 7 4.0 
0 23 6.0 
2 417 9.0 
2 503 12.0 
6 1260 14.0 
75 15044 15.0 
134 26924 16.0 
165 33059 18.0 
172 34580 19.0 
263 52674 20.0 
283 56719 26.0 
378 75772 29.0 
623 124703 33.0 
684 136899 35.0 
691 138380 37.0 
814 162869 40.0 
826 165315 42.0 
949 189989 43.0 
956 191366 45.0 
1047 209457 46.0 
1054 210930 48.0 
1110 222103 49.0 
1250 250125 51.0 
1268 253675 54.0 
1342 268469 55.0 
1474 294861 57.0 
1482 296515 59.0 
1509 301962 60.0 
1523 304721 62.0 
1552 310532 63.0 
1573 314792 64.0 
1693 338729 67.0 
1815 363021 68.0 
1912 382535 69.0 
2016 403337 71.0 
2054 410815 74.0 
2074 414825 75.0 
2312 462551 78.0 
2334 466951 82.0 
2467 493565 83.0 
2592 518571 84.0 
2660 532089 86.0 
2780 556081 88.0 
2871 574388 89.0 
2872 574429 92.0 
2933 586753 93.0 
2935 587177 96.0 
3001 600303 97.0 
3011 602377 98.0 
3144 628809 100.0 
==== END RUN ====
0 1 3.0 
0 13 4.0 
0 20 5.0 
0 25 8.0 
0 56 10.0 
0 98 13.0 
34 6988 14.0 
52 10501 15.0 
61 12279 18.0 
130 26194 20.0 
175 35145 22.0 
285 57144 23.0 
373 74771 24.0 
381 76229 25.0 
381 76251 30.0 
460 92093 31.0 
493 98647 32.0 
502 100586 35.0 
521 104299 37.0 
618 123742 38.0 
687 137475 41.0 
947 189427 43.0 
954 190909 45.0 
1005 201109 46.0 
1083 216683 48.0 
1119 223895 49.0 
1145 229178 50.0 
1147 229538 51.0 
1267 253441 52.0 
1355 271105 53.0 
1519 303907 55.0 
1521 304307 58.0 
1533 306707 64.0 
1614 322987 65.0 
1769 353931 66.0 
1834 366931 69.0 
1857 371531 71.0 
1880 376131 72.0 
1882 376415 75.0 
1982 396533 76.0 
2037 407551 77.0 
2063 412667 78.0 
2150 430063 79.0 
2271 454359 80.0 
2381 476391 81.0 
2390 478079 82.0 
2466 493329 87.0 
2519 503829 89.0 
2552 510409 91.0 
2582 516561 92.0 
2685 537043 94.0 
2837 567589 96.0 
2882 576437 99.0 
2990 598153 100.0 
==== END RUN ====
0 1 2.0 
0 5 7.0 
3 651 8.0 
4 919 9.0 
12 2548 11.0 
20 4091 14.0 
34 6858 15.0 
102 20401 16.0 
127 25560 19.0 
241 48331 24.0 
461 92249 25.0 
474 94849 27.0 
545 109061 32.0 
597 119469 33.0 
745 149163 37.0 
864 172827 40.0 
918 183679 41.0 
932 186586 43.0 
991 198323 45.0 
1002 200479 46.0 
1109 221829 50.0 
1310 262196 52.0 
1380 276199 53.0 
1397 279589 55.0 
1486 297341 57.0 
1507 301501 59.0 
1552 310423 61.0 
1623 324775 62.0 
1731 346384 63.0 
1820 364119 66.0 
1824 364977 67.0 
1849 369925 68.0 
1940 388125 69.0 
2007 401509 71.0 
2083 416617 75.0 
2209 441941 76.0 
2253 450649 77.0 
2330 466101 79.0 
2370 474153 81.0 
2383 476761 84.0 
2588 517769 88.0 
2660 532013 89.0 
2737 547487 91.0 
2902 580491 94.0 
3015 603051 100.0 
==== END RUN ====
0 1 1.0 
0 3 3.0 
0 9 6.0 
0 112 7.0 
3 733 8.0 
7 1532 16.0 
63 12623 20.0 
335 67167 30.0 
583 116661 31.0 
657 131540 32.0 
671 134338 34.0 
796 159319 36.0 
802 160507 37.0 
812 162583 38.0 
914 182817 43.0 
1240 248011 46.0 
1264 252827 49.0 
1314 262966 50.0 
1321 264320 51.0 
1467 293589 52.0 
1478 295701 56.0 
1527 305532 57.0 
1542 308503 59.0 
1588 317703 61.0 
1701 340209 63.0 
1764 352927 64.0 
1772 354467 65.0 
1813 362794 66.0 
1843 368749 67.0 
1988 397709 68.0 
2004 400975 69.0 
2114 422939 72.0 
2331 466395 73.0 
2388 477651 74.0 
2393 478677 75.0 
2421 484345 76.0 
2502 500477 78.0 
2549 509951 79.0 
2626 525341 82.0 
2783 556715 83.0 
2825 565165 87.0 
2840 568151 88.0 
2864 572977 92.0 
2936 587247 93.0 
2996 599305 94.0 
3026 605383 95.0 
3070 614185 99.0 
3078 615729 100.0 
==== END RUN ====
0 1 2.0 
0 5 3.0 
0 23 5.0 
0 111 6.0 
0 116 7.0 
2 516 8.0 
2 561 9.0 
9 1983 12.0 
13 2713 13.0 
46 9215 14.0 
126 25363 15.0 
130 26096 16.0 
146 29231 17.0 
168 33767 18.0 
228 45717 19.0 
237 47451 23.0 
351 70241 24.0 
377 75542 25.0 
436 87323 30.0 
515 103017 31.0 
555 111147 32.0 
562 112575 33.0 
567 113455 36.0 
605 121142 44.0 
833 166669 46.0 
928 185629 47.0 
932 186513 50.0 
1076 215338 51.0 
1135 227063 55.0 
1227 245535 56.0 
1246 249281 59.0 
1259 251807 60.0 
1300 260113 62.0 
1386 277301 63.0 
1419 283801 64.0 
1562 312527 65.0 
1606 321378 67.0 
1769 353935 68.0 
1847 369535 71.0 
1857 371588 75.0 
1921 384358 77.0 
1954 390939 79.0 
2057 411578 83.0 
2211 442378 84.0 
2267 453567 85.0 
2298 459747 86.0 
2352 470567 87.0 
2504 500982 88.0 
2519 503980 89.0 
2555 511087 90.0 
2604 520975 91.0 
2662 532527 92.0 
2674 534981 96.0 
2762 552585 99.0 
3018 603799 100.0 
==== END RUN ====
0 1 1.0 
0 7 2.0 
0 19 3.0 
0 23 4.0 
0 89 5.0 
1 201 7.0 
1 310 8.0 
14 2820 9.0 
18 3765 11.0 
18 3790 14.0 
31 6261 15.0 
76 15289 16.0 
144 28906 17.0 
163 32635 18.0 
249 49811 19.0 
255 51105 20.0 
261 52376 21.0 
282 56490 22.0 
317 63473 25.0 
359 71904 31.0 
466 93292 33.0 
485 97129 34.0 
491 98372 38.0 
575 115069 39.0 
672 134560 41.0 
721 144283 44.0 
875 175075 45.0 
1022 204536 46.0 
1056 211385 47.0 
1102 220489 48.0 
1229 245963 50.0 
1285 257097 51.0 
1335 267043 53.0 
1407 281475 55.0 
1424 284813 59.0 
1518 303649 60.0 
1603 320737 62.0 
1642 328544 64.0 
1722 344485 67.0 
1813 362740 68.0 
2034 406937 70.0 
2055 411137 71.0 
2090 418137 72.0 
2252 450545 73.0 
2313 462641 74.0 
2388 477697 75.0 
2522 504423 76.0 
2578 515759 78.0 
2706 541215 79.0 
2750 550157 81.0 
2781 556357 82.0 
2873 574757 83.0 
2931 586209 84.0 
3112 622569 85.0 
3207 641575 86.0 
3226 645371 87.0 
3307 661481 88.0 
3414 682977 89.0 
3481 696377 93.0 
3572 714503 97.0 
3659 731987 100.0 
==== END RUN ====
0 1 1.0 
0 6 2.0 
0 13 5.0 
0 44 6.0 
0 49 8.0 
1 354 9.0 
12 2495 13.0 
28 5774 15.0 
55 11195 16.0 
104 20837 21.0 
296 59380 23.0 
310 62031 24.0 
312 62441 26.0 
368 73762 29.0 
445 89001 30.0 
550 110168 33.0 
614 122901 34.0 
671 134358 36.0 
738 147741 37.0 
741 148217 39.0 
822 164566 48.0 
923 184709 51.0 
1014 202951 53.0 
1029 205914 56.0 
1077 215577 58.0 
1165 233069 63.0 
1187 237534 64.0 
1213 242729 66.0 
1323 264748 67.0 
1415 283188 68.0 
1435 287041 69.0 
1552 310509 70.0 
1606 321396 72.0 
1656 331243 73.0 
1667 333503 74.0 
1718 343693 76.0 
1830 366186 77.0 
1866 373349 80.0 
1928 385764 81.0 
2001 400235 84.0 
2036 407355 88.0 
2078 415707 90.0 
2267 453463 91.0 
2351 470381 93.0 
2390 478181 94.0 
2534 506825 96.0 
2629 525887 98.0 
2810 562105 99.0 
2813 562663 100.0 
==== END RUN ====
0 1 2.0 
0 5 3.0 
0 25 4.0 
0 42 5.0 
0 103 6.0 
1 229 7.0 
4 966 8.0 
5 1021 9.0 
7 1458 10.0 
9 1946 12.0 
53 10782 14.0 
84 16861 16.0 
87 17462 18.0 
104 20905 20.0 
201 40334 22.0 
255 51084 23.0 
307 61525 24.0 
351 70241 28.0 
572 114457 32.0 
602 120417 34.0 
734 146964 38.0 
798 159734 40.0 
894 178933 42.0 
974 194979 44.0 
1012 202481 47.0 
1084 216954 48.0 
1112 222513 49.0 
1137 227593 51.0 
1167 233499 53.0 
1306 261301 54.0 
1383 276771 61.0 
1729 345897 63.0 
1845 369144 66.0 
1871 374355 68.0 
1924 384950 74.0 
2024 404823 75.0 
2149 429971 78.0 
2189 437951 82.0 
2357 471595 87.0 
2406 481345 88.0 
2444 488986 89.0 
2483 496765 90.0 
2557 511581 93.0 
2716 543387 94.0 
2752 550587 95.0 
2874 574811 98.0 
3057 611547 100.0 
==== END RUN ====
0 1 1.0 
0 8 2.0 
0 10 3.0 
0 22 6.0 
0 131 8.0 
3 724 10.0 
5 1136 13.0 
79 15825 15.0 
107 21456 16.0 
123 24644 17.0 
210 42073 18.0 
244 48840 19.0 
253 50687 20.0 
270 54145 26.0 
342 68453 27.0 
348 69710 29.0 
438 87643 30.0 
465 93137 33.0 
493 98680 36.0 
580 116009 37.0 
598 119669 40.0 
619 123875 41.0 
695 139189 42.0 
724 144989 43.0 
793 158798 44.0 
816 163398 46.0 
909 181887 47.0 
917 183548 52.0 
1014 202901 56.0 
1023 204791 57.0 
1040 208091 60.0 
1163 232734 61.0 
1230 246119 62.0 
1249 249915 64.0 
1264 252895 67.0 
1345 269150 69.0 
1409 282000 70.0 
1437 287539 71.0 
1650 330177 72.0 
1655 331141 75.0 
1834 366951 76.0 
1867 373459 79.0 
1887 377559 81.0 
1989 397833 82.0 
2040 408159 83.0 
2096 419301 84.0 
2183 436773 89.0 
2225 445169 90.0 
2309 461999 92.0 
2412 482581 93.0 
2486 497245 95.0 
2556 511385 97.0 
2641 528387 98.0 
2670 534191 100.0 
==== END RUN ====
0 1 4.0 
0 5 6.0 
0 114 8.0 
1 220 9.0 
1 391 12.0 
7 1498 15.0 
84 16998 16.0 
122 24413 17.0 
136 27203 19.0 
224 44962 21.0 
226 45386 23.0 
245 49029 24.0 
283 56764 26.0 
410 82077 28.0 
472 94501 30.0 
498 99715 31.0 
498 99722 33.0 
550 110061 35.0 
556 111336 38.0 
607 121487 39.0 
639 127995 40.0 
699 139837 41.0 
734 146966 45.0 
760 152059 46.0 
951 190201 47.0 
981 196293 53.0 
1118 223771 54.0 
1132 226461 55.0 
1177 235495 56.0 
1231 246368 57.0 
1233 246751 60.0 
1326 265297 63.0 
1344 268988 65.0 
1408 281793 67.0 
1514 302935 68.0 
1535 307177 69.0 
1634 326939 71.0 
1652 330588 75.0 
1711 342213 78.0 
1725 345067 80.0 
1747 349553 81.0 
1822 364563 84.0 
2019 403983 85.0 
2130 426171 87.0 
2253 450775 90.0 
2304 460975 92.0 
2312 462575 93.0 
2436 487309 97.0 
2460 492183 98.0 
2474 494889 99.0 
2568 513717 100.0 
==== END RUN ====
0 1 1.0 
0 9 2.0 
0 10 3.0 
0 36 4.0 
0 53 5.0 
0 178 13.0 
4 931 15.0 
80 16104 18.0 
98 19794 22.0 
173 34627 23.0 
213 42613 24.0 
223 44679 25.0 
298 59658 28.0 
350 70187 32.0 
469 93849 33.0 
531 106298 34.0 
591 118239 36.0 
607 121549 38.0 
650 130105 39.0 
764 152885 41.0 
906 181255 44.0 
963 192625 46.0 
994 198999 49.0 
1006 201311 52.0 
1054 210801 56.0 
1157 231556 57.0 
1167 233533 58.0 
1172 234423 59.0 
1345 269119 61.0 
1397 279577 62.0 
1409 281949 63.0 
1540 308025 66.0 
1543 308755 69.0 
1566 313243 71.0 
1743 348661 74.0 
1856 371341 76.0 
1927 385597 77.0 
2001 400399 79.0 
2110 422023 80.0 
2121 424229 82.0 
2208 441615 84.0 
2274 454881 87.0 
2402 480575 90.0 
2449 489975 92.0 
2506 501375 94.0 
2512 502575 98.0 
2522 504581 100.0 
==== END RUN ====
0 1 1.0 
0 7 2.0 
0 14 4.0 
0 17 7.0 
5 1017 10.0 
11 2283 13.0 
63 12768 14.0 
74 14918 15.0 
80 16161 17.0 
127 25485 20.0 
209 41980 21.0 
234 46949 22.0 
281 56290 23.0 
339 67801 25.0 
394 78821 26.0 
433 86745 29.0 
448 89723 30.0 
517 103543 31.0 
527 105548 32.0 
536 107394 33.0 
548 109683 36.0 
569 113817 37.0 
584 116893 38.0 
678 135671 39.0 
690 138031 41.0 
747 149533 42.0 
854 170873 43.0 
953 190760 49.0 
1046 209302 50.0 
1075 215125 51.0 
1124 224929 56.0 
1173 234732 65.0 
1307 261553 69.0 
1315 263113 72.0 
1502 300577 74.0 
1640 328067 76.0 
1877 375589 79.0 
1878 375796 83.0 
2011 402343 87.0 
2079 415975 91.0 
2130 426077 93.0 
2246 449397 95.0 
2292 458465 97.0 
2383 476787 99.0 
2427 485475 100.0 
==== END RUN ====
0 1 1.0 
0 3 2.0 
0 30 13.0 
29 5974 14.0 
56 11381 19.0 
90 18127 20.0 
226 45369 21.0 
250 50085 22.0 
272 54509 24.0 
289 57843 26.0 
373 74705 27.0 
460 92132 28.0 
473 94712 29.0 
514 102839 30.0 
535 107139 32.0 
556 111337 34.0 
619 123971 36.0 
670 134150 38.0 
811 162247 40.0 
875 175105 41.0 
901 180365 42.0 
919 183888 43.0 
925 185013 46.0 
943 188799 48.0 
1006 201370 49.0 
1077 215535 56.0 
1233 246697 59.0 
1330 266079 62.0 
1400 280031 63.0 
1420 284162 64.0 
1457 291401 66.0 
1565 313169 68.0 
1743 348772 69.0 
1772 354461 71.0 
1931 386373 72.0 
1938 387781 73.0 
1955 391139 77.0 
2053 410743 78.0 
2147 429557 81.0 
2161 432357 82.0 
2186 437255 83.0 
2286 457347 92.0 
2460 492185 93.0 
2486 497313 96.0 
2625 525127 97.0 
2636 527385 98.0 
2752 550569 100.0 
==== END RUN ====
0 1 1.0 
0 5 4.0 
0 49 5.0 
0 84 7.0 
3 641 8.0 
5 1041 9.0 
6 1365 11.0 
7 1477 12.0 
11 2299 13.0 
28 5640 15.0 
35 7170 16.0 
52 10541 19.0 
115 23142 20.0 
152 30511 25.0 
291 58312 26.0 
320 64191 29.0 
396 79331 30.0 
487 97457 31.0 
558 111736 34.0 
684 136863 35.0 
684 136903 37.0 
689 137857 38.0 
799 159877 40.0 
852 170544 45.0 
1026 205211 46.0 
1112 222483 47.0 
1134 226883 50.0 
1172 234563 52.0 
1320 264105 53.0 
1431 286307 54.0 
1468 293707 57.0 
1505 301163 58.0 
1526 305259 60.0 
1569 313907 63.0 
1599 319955 64.0 
1699 339960 65.0 
1772 354521 68.0 
1926 385339 70.0 
1985 397196 71.0 
2046 409341 73.0 
2163 432741 75.0 
2197 439541 78.0 
2304 460994 79.0 
2315 463175 80.0 
2432 486471 83.0 
2537 507423 85.0 
2552 510565 86.0 
2640 528173 87.0 
2762 552573 91.0 
2891 578381 92.0 
2945 589075 93.0 
3020 604071 94.0 
3174 634987 96.0 
3347 669593 97.0 
3486 697393 98.0 
3564 712835 99.0 
3584 716989 100.0 
==== END RUN ====
0 1 4.0 
0 46 5.0 
0 54 7.0 
1 282 8.0 
1 338 10.0 
5 1181 12.0 
6 1288 13.0 
40 8064 16.0 
67 13561 17.0 
103 20715 20.0 
144 28947 23.0 
288 57601 28.0 
392 78451 30.0 
515 103047 31.0 
533 106748 32.0 
559 111863 33.0 
563 112651 41.0 
796 159370 42.0 
797 159459 43.0 
817 163539 44.0 
884 176821 45.0 
911 182251 47.0 
1018 203797 48.0 
1040 208126 49.0 
1066 213379 50.0 
1074 214849 51.0 
1140 228057 52.0 
1149 229950 53.0 
1231 246382 56.0 
1296 259333 57.0 
1333 266726 60.0 
1371 274217 62.0 
1415 283061 64.0 
1437 287575 67.0 
1522 304529 73.0 
1621 324279 74.0 
1695 339047 78.0 
1704 340986 82.0 
1882 376565 86.0 
2015 403031 87.0 
2101 420398 91.0 
2234 446825 92.0 
2322 464585 93.0 
2385 477187 94.0 
2534 506987 96.0 
2537 507589 97.0 
2621 524237 100.0 
==== END RUN ====
0 1 2.0 
0 3 3.0 
0 29 5.0 
0 53 7.0 
1 300 8.0 
1 332 9.0 
5 1036 10.0 
7 1557 11.0 
16 3325 12.0 
41 8298 13.0 
70 14081 14.0 
86 17306 16.0 
94 18859 20.0 
214 42837 23.0 
313 62623 27.0 
452 90536 29.0 
519 103864 30.0 
586 117261 33.0 
598 119661 37.0 
729 145937 39.0 
756 151295 41.0 
780 156109 46.0 
887 177567 47.0 
1004 200972 48.0 
1043 208751 50.0 
1091 218301 51.0 
1196 239322 54.0 
1316 263247 55.0 
1345 269191 56.0 
1409 281841 58.0 
1413 282699 59.0 
1428 285709 61.0 
1433 286758 65.0 
1551 310319 67.0 
1851 370335 68.0 
1866 373335 69.0 
1926 385231 71.0 
2030 406137 72.0 
2204 440941 73.0 
2219 443975 76.0 
2280 456145 77.0 
2296 459355 82.0 
2485 497083 87.0 
2572 514563 88.0 
2668 533697 91.0 
2687 537577 93.0 
2767 553577 95.0 
2812 562577 96.0 
2921 584297 99.0 
2979 595993 100.0 
==== END RUN ====
0 1 3.0 
0 25 4.0 
0 118 6.0 
1 307 7.0 
1 338 8.0 
2 434 10.0 
15 3179 11.0 
17 3438 17.0 
131 26334 18.0 
198 39760 19.0 
224 44846 20.0 
276 55363 21.0 
277 55447 25.0 
453 90645 26.0 
472 94433 28.0 
563 112692 30.0 
659 131989 32.0 
665 133007 33.0 
681 136322 35.0 
715 143071 36.0 
752 150415 38.0 
787 157557 39.0 
789 157888 40.0 
843 168609 43.0 
973 194728 44.0 
978 195723 45.0 
1063 212625 49.0 
1143 228619 51.0 
1155 231099 54.0 
1211 242324 56.0 
1319 263873 57.0 
1340 268158 58.0 
1381 276315 60.0 
1420 284199 61.0 
1494 298977 65.0 
1677 335409 66.0 
1746 349201 67.0 
1855 371001 68.0 
1892 378567 69.0 
2020 404009 71.0 
2022 404574 73.0 
2132 426537 74.0 
2139 427980 75.0 
2197 439570 77.0 
2329 465925 80.0 
2350 470165 83.0 
2489 497965 85.0 
2618 523790 88.0 
2644 528821 89.0 
2799 559979 92.0 
2811 562379 93.0 
2853 570719 96.0 
2940 588187 97.0 
2961 592231 98.0 
3043 608797 100.0 
==== END RUN ====
0 1 3.0 
0 40 4.0 
0 162 7.0 
1 225 9.0 
2 440 12.0 
46 9301 14.0 
73 14696 15.0 
97 19549 17.0 
110 22081 18.0 
137 27497 20.0 
152 30564 21.0 
234 46993 23.0 
250 50098 24.0 
284 56929 25.0 
323 64704 26.0 
334 66843 29.0 
343 68734 31.0 
471 94263 32.0 
511 102289 33.0 
597 119558 34.0 
629 125833 36.0 
645 129009 37.0 
776 155366 38.0 
781 156344 40.0 
879 175875 41.0 
882 176485 44.0 
928 185681 48.0 
1132 226584 49.0 
1186 237221 50.0 
1216 243354 51.0 
1284 256936 54.0 
1373 274701 64.0 
1502 300503 65.0 
1660 332043 66.0 
1679 335931 70.0 
1734 346998 71.0 
1793 358731 72.0 
1834 366988 74.0 
1862 372429 76.0 
1901 380345 78.0 
2083 416753 80.0 
2121 424389 82.0 
2216 443370 83.0 
2234 446817 85.0 
2291 458323 89.0 
2416 483339 90.0 
2420 484123 92.0 
2488 497743 93.0 
2512 502431 94.0 
2539 507943 97.0 
2557 511589 99.0 
2753 550799 100.0 
==== END RUN ====
0 1 2.0 
0 20 3.0 
0 28 4.0 
0 64 5.0 
0 65 6.0 
0 76 7.0 
0 155 8.0 
1 396 10.0 
9 1861 11.0 
13 2605 14.0 
59 11877 19.0 
212 42435 20.0 
253 50794 22.0 
311 62227 23.0 
311 62288 26.0 
377 75590 27.0 
485 97079 29.0 
519 103993 34.0 
593 118702 36.0 
656 131203 39.0 
715 143151 42.0 
774 154921 43.0 
786 157285 44.0 
851 170347 45.0 
853 170731 47.0 
861 172205 48.0 
979 195946 50.0 
1112 222528 55.0 
1245 249135 57.0 
1342 268439 61.0 
1360 272143 63.0 
1495 299134 65.0 
1581 316331 67.0 
1627 325531 68.0 
1734 346825 69.0 
1794 358997 70.0 
1829 365939 71.0 
1872 374447 75.0 
1920 384196 76.0 
2070 414143 78.0 
2149 429953 79.0 
2175 435153 82.0 
2213 442790 83.0 
2237 447553 84.0 
2255 451165 85.0 
2319 463807 88.0 
2503 500771 92.0 
2590 518157 94.0 
2663 532697 95.0 
2791 558335 96.0 
2922 584443 97.0 
3010 602193 99.0 
3063 612799 100.0 
==== END RUN ====
0 1 1.0 
0 5 3.0 
0 36 5.0 
0 120 6.0 
1 227 7.0 
1 368 8.0 
3 728 12.0 
43 8635 13.0 
63 12731 15.0 
105 21068 16.0 
146 29385 17.0 
168 33648 18.0 
175 35187 19.0 
224 44803 21.0 
281 56381 24.0 
368 73791 25.0 
463 92677 26.0 
552 110598 28.0 
710 142053 29.0 
719 143864 30.0 
737 147589 31.0 
783 156675 32.0 
801 160213 34.0 
911 182355 36.0 
986 197392 39.0 
989 197873 42.0 
1004 200871 43.0 
1158 231768 45.0 
1290 258099 48.0 
1319 263869 49.0 
1492 298561 50.0 
1515 303099 56.0 
1530 306099 58.0 
1662 332524 61.0 
1689 337961 62.0 
1778 355761 63.0 
1797 359469 64.0 
1847 369499 65.0 
1876 375331 68.0 
2054 410937 69.0 
2145 429137 72.0 
2154 430939 76.0 
2288 457679 78.0 
2293 458685 79.0 
2339 467959 81.0 
2412 482427 86.0 
2418 483784 87.0 
2445 489187 89.0 
2598 519707 91.0 
2624 524979 93.0 
2748 549795 95.0 
2789 557823 96.0 
2920 584017 97.0 
3009 601809 100.0 
==== END RUN ====
0 1 1.0 
0 5 3.0 
0 11 4.0 
0 152 5.0 
1 205 8.0 
3 607 9.0 
6 1266 11.0 
8 1777 14.0 
61 12345 17.0 
102 20594 20.0 
222 44582 21.0 
253 50619 22.0 
268 53670 25.0 
305 61166 27.0 
486 97283 29.0 
501 100353 34.0 
536 107287 36.0 
630 126027 42.0 
748 149765 43.0 
788 157779 47.0 
968 193623 48.0 
1015 203095 51.0 
1028 205697 54.0 
1095 219015 57.0 
1129 225909 61.0 
1226 245399 65.0 
1359 271961 69.0 
1653 330798 72.0 
1693 338795 73.0 
1750 350003 75.0 
1849 369996 77.0 
1861 372291 78.0 
1866 373319 79.0 
1925 385147 81.0 
1933 386741 82.0 
1955 391005 84.0 
1991 398347 85.0 
2119 423971 88.0 
2124 424983 92.0 
2293 458701 93.0 
2359 471959 95.0 
2570 514191 98.0 
2598 519791 99.0 
2810 562163 100.0 
==== END RUN ====
0 1 3.0 
0 40 4.0 
0 52 6.0 
1 280 9.0 
3 683 10.0 
12 2473 12.0 
32 6514 13.0 
49 9909 15.0 
83 16795 16.0 
126 25285 18.0 
151 30298 20.0 
203 40683 22.0 
335 67058 23.0 
343 68799 24.0 
430 86170 28.0 
469 93952 29.0 
690 138171 30.0 
697 139590 31.0 
708 141783 32.0 
782 156459 33.0 
793 158661 34.0 
820 164033 35.0 
922 184566 39.0 
1020 204021 40.0 
1054 210981 43.0 
1112 222524 44.0 
1157 231461 45.0 
1222 244457 46.0 
1222 244537 47.0 
1326 265271 49.0 
1344 268893 51.0 
1452 290509 52.0 
1454 290869 55.0 
1559 311931 56.0 
1649 329949 58.0 
1691 338311 60.0 
1696 339362 64.0 
1790 358049 66.0 
1859 371985 67.0 
1979 395837 68.0 
2038 407679 71.0 
2174 434971 73.0 
2208 441784 74.0 
2266 453343 75.0 
2311 462335 78.0 
2355 471147 80.0 
2428 485721 82.0 
2488 497713 83.0 
2591 518367 84.0 
2644 528927 85.0 
2733 546779 86.0 
2800 560189 91.0 
2883 576673 93.0 
3067 613587 94.0 
3128 625787 95.0 
3187 637551 99.0 
3207 641439 100.0 
==== END RUN ====
0 1 1.0 
0 3 5.0 
0 104 6.0 
0 145 7.0 
3 708 9.0 
4 912 11.0 
43 8724 12.0 
63 12627 15.0 
91 18319 16.0 
151 30308 17.0 
157 31452 20.0 
235 47137 21.0 
255 51029 23.0 
258 51682 25.0 
462 92482 29.0 
535 107177 30.0 
586 117290 31.0 
653 130784 39.0 
676 135379 40.0 
738 147631 42.0 
781 156271 43.0 
887 177531 44.0 
904 180883 47.0 
947 189576 51.0 
1105 221200 53.0 
1141 228318 55.0 
1258 251784 56.0 
1281 256313 57.0 
1291 258297 58.0 
1411 282382 59.0 
1476 295281 65.0 
1573 314601 66.0 
1629 325847 67.0 
1630 326061 68.0 
1648 329760 70.0 
1728 345737 74.0 
1734 346867 77.0 
1766 353227 79.0 
1865 373159 82.0 
1992 398447 83.0 
2003 400729 84.0 
2101 420265 85.0 
2157 431573 89.0 
2296 459393 91.0 
2343 468779 97.0 
2503 500643 99.0 
2544 508935 100.0 
==== END RUN ====
0 1 2.0 
0 5 3.0 
0 28 4.0 
0 61 6.0 
0 192 9.0 
1 308 11.0 
1 397 12.0 
36 7231 13.0 
59 11877 17.0 
67 13552 18.0 
79 15946 22.0 
348 69723 23.0 
349 69985 24.0 
359 71847 28.0 
361 72368 29.0 
512 102477 30.0 
513 102748 32.0 
543 108659 34.0 
591 118338 36.0 
658 131697 37.0 
711 142389 38.0 
719 143957 41.0 
819 163998 44.0 
902 180431 45.0 
917 183463 50.0 
1024 204887 52.0 
1061 212243 53.0 
1114 222883 54.0 
1160 232087 55.0 
1308 261633 59.0 
1422 284552 60.0 
1431 286348 63.0 
1608 321715 64.0 
1628 325785 69.0 
1709 341941 71.0 
1816 363313 72.0 
1964 392945 73.0 
1990 398143 76.0 
2038 407777 77.0 
2123 424755 78.0 
2153 430671 81.0 
2290 458077 82.0 
2454 490965 83.0 
2464 492937 84.0 
2467 493565 87.0 
2498 499765 88.0 
2634 526839 89.0 
2776 555379 91.0 
2811 562379 92.0 
2821 564379 93.0 
2833 566779 94.0 
2848 569779 95.0 
2933 586798 96.0 
2938 587727 98.0 
3008 601791 99.0 
3034 606885 100.0 
==== END RUN ====
0 1 1.0 
0 5 6.0 
1 226 7.0 
1 276 8.0 
4 883 11.0 
12 2423 12.0 
22 4537 13.0 
52 10407 17.0 
90 18046 20.0 
194 38856 21.0 
289 57935 23.0 
315 63031 24.0 
487 97449 25.0 
538 107703 26.0 
603 120704 28.0 
648 129653 30.0 
650 130069 32.0 
742 148472 35.0 
862 172461 36.0 
940 188113 39.0 
1004 200873 43.0 
1133 226675 44.0 
1165 233029 46.0 
1167 233555 52.0 
1396 279255 56.0 
1441 288249 59.0 
1492 298445 63.0 
1559 311919 64.0 
1615 323003 66.0 
1707 341467 67.0 
1729 345929 68.0 
1781 356351 70.0 
1893 378637 71.0 
1985 397085 73.0 
2150 430147 74.0 
2163 432683 76.0 
2217 443553 80.0 
2306 461397 82.0 
2330 466184 83.0 
2418 483767 89.0 
2494 498961 90.0 
2547 509459 95.0 
2715 543179 96.0 
2739 547861 97.0 
2766 553227 100.0 
==== END RUN ====
0 1 2.0 
0 27 4.0 
0 59 5.0 
0 67 6.0 
0 157 9.0 
1 354 10.0 
4 944 12.0 
60 12115 13.0 
62 12507 14.0 
83 16744 16.0 
86 17207 17.0 
114 22909 19.0 
124 24928 22.0 
246 49245 24.0 
262 52588 25.0 
332 66504 26.0 
340 68005 27.0 
347 69519 29.0 
463 92752 31.0 
467 93570 32.0 
588 117776 33.0 
596 119267 34.0 
657 131459 36.0 
674 134865 37.0 
788 157615 38.0 
860 172135 39.0 
928 185679 42.0 
953 190717 43.0 
997 199586 47.0 
1171 234304 49.0 
1177 235502 50.0 
1235 247150 52.0 
1346 269317 53.0 
1409 281843 55.0 
1539 307907 56.0 
1624 324923 63.0 
1793 358727 67.0 
1949 389931 71.0 
2129 425998 77.0 
2280 456155 83.0 
2482 496586 86.0 
2569 513973 87.0 
2725 545173 88.0 
2734 546941 91.0 
2781 556325 94.0 
2964 592985 96.0 
2977 595537 97.0 
3078 615719 99.0 
3227 645595 100.0 
==== END RUN ====
0 1 1.0 
0 3 3.0 
0 5 4.0 
0 7 7.0 
0 198 10.0 
6 1367 12.0 
16 3241 15.0 
78 15621 16.0 
116 23290 20.0 
164 32891 21.0 
210 42051 22.0 
218 43745 24.0 
290 58192 26.0 
349 69889 30.0 
434 86990 33.0 
482 96583 35.0 
573 114681 38.0 
626 125251 42.0 
889 177945 43.0 
910 182114 45.0 
973 194709 46.0 
1007 201485 48.0 
1055 211087 50.0 
1125 225112 51.0 
1157 231435 52.0 
1188 237735 53.0 
1220 244116 54.0 
1232 246572 57.0 
1309 261998 58.0 
1381 276315 59.0 
1382 276515 60.0 
1441 288213 61.0 
1544 308999 62.0 
1642 328521 65.0 
1759 351970 68.0 
1821 364373 70.0 
1829 365929 72.0 
1871 374221 74.0 
2090 418071 75.0 
2106 421281 77.0 
2127 425585 79.0 
2257 451537 80.0 
2316 463219 84.0 
2395 479187 87.0 
2456 491375 88.0 
2506 501295 90.0 
2587 517401 91.0 
2614 522945 92.0 
2642 528561 93.0 
2725 545119 95.0 
2744 548998 98.0 
2973 594793 99.0 
3063 612799 100.0 
==== END RUN ====
0 1 1.0 
0 3 2.0 
0 17 3.0 
0 43 4.0 
0 50 6.0 
0 143 8.0 
1 400 9.0 
5 1031 10.0 
7 1430 13.0 
26 5213 17.0 
83 16645 21.0 
140 28025 23.0 
308 61633 24.0 
316 63221 25.0 
424 84979 27.0 
530 106055 30.0 
543 108609 31.0 
552 110492 34.0 
699 139936 36.0 
740 148076 37.0 
744 148954 41.0 
853 170799 43.0 
866 173269 44.0 
994 198845 45.0 
1005 201157 47.0 
1012 202593 48.0 
1039 207973 49.0 
1059 211990 52.0 
1129 225863 56.0 
1248 249705 58.0 
1346 269373 59.0 
1359 271909 61.0 
1469 293891 63.0 
1590 318123 65.0 
1615 323131 67.0 
1652 330553 68.0 
1665 333123 71.0 
1833 366743 72.0 
1875 375143 73.0 
2001 400219 76.0 
2107 421533 77.0 
2137 427445 78.0 
2252 450557 79.0 
2280 456193 80.0 
2285 457067 82.0 
2370 474179 88.0 
2530 506177 89.0 
2608 521777 91.0 
2752 550407 92.0 
2761 552299 95.0 
2795 559103 97.0 
2873 574783 98.0 
2942 588555 100.0 
==== END RUN ====
0 1 1.0 
0 5 3.0 
0 20 5.0 
0 122 6.0 
0 170 8.0 
1 363 11.0 
48 9678 12.0 
64 12858 17.0 
215 43186 19.0 
356 71365 20.0 
380 76118 22.0 
484 96882 26.0 
551 110329 27.0 
558 111720 29.0 
658 131621 30.0 
735 147074 31.0 
748 149678 37.0 
790 158081 42.0 
956 191382 43.0 
977 195562 44.0 
984 196861 50.0 
1115 223146 51.0 
1124 224971 52.0 
1152 230423 55.0 
1220 244101 56.0 
1252 250501 57.0 
1285 257113 60.0 
1381 276317 62.0 
1402 280509 66.0 
1574 314996 69.0 
1664 332939 70.0 
1719 343939 73.0 
1959 391847 77.0 
1995 399147 78.0 
2003 400741 79.0 
2058 411709 81.0 
2122 424523 82.0 
2147 429409 83.0 
2208 441645 84.0 
2249 449988 85.0 
2353 470771 86.0 
2422 484586 87.0 
2561 512373 88.0 
2618 523775 90.0 
2785 557179 91.0 
2797 559431 92.0 
2934 586883 95.0 
2997 599585 96.0 
3018 603743 97.0 
3028 605779 98.0 
3059 611893 99.0 
3127 625599 100.0 
==== END RUN ====
0 1 3.0 
0 14 6.0 
1 389 9.0 
3 679 10.0 
11 2398 11.0 
19 3871 12.0 
62 12423 13.0 
77 15524 14.0 
78 15765 17.0 
138 27664 19.0 
177 35575 20.0 
243 48779 22.0 
258 51607 28.0 
317 63527 29.0 
432 86425 30.0 
544 108861 31.0 
553 110792 35.0 
649 129821 37.0 
656 131366 41.0 
832 166596 44.0 
1039 207845 46.0 
1043 208733 47.0 
1148 229761 48.0 
1174 234900 49.0 
1226 245295 51.0 
1312 262551 52.0 
1342 268503 56.0 
1365 273103 57.0 
1407 281463 60.0 
1520 304136 62.0 
1593 318705 63.0 
1619 324000 64.0 
1665 333115 68.0 
1796 359265 70.0 
1838 367782 71.0 
1875 375141 73.0 
1981 396385 75.0 
1999 399949 78.0 
2044 408923 79.0 
2132 426559 82.0 
2212 442545 84.0 
2262 452533 87.0 
2293 458775 89.0 
2400 480175 90.0 
2426 485375 92.0 
2468 493775 94.0 
2624 524803 95.0 
2654 530985 96.0 
2729 545905 97.0 
2760 552193 98.0 
2786 557393 100.0 
==== END RUN ====
0 1 7.0 
2 506 11.0 
6 1385 15.0 
115 23193 18.0 
126 25324 19.0 
167 33522 21.0 
185 37033 24.0 
254 50924 28.0 
390 78178 30.0 
398 79707 32.0 
535 107057 33.0 
549 109912 39.0 
687 137461 40.0 
691 138273 41.0 
693 138744 42.0 
695 139096 43.0 
716 143243 45.0 
791 158328 47.0 
813 162704 50.0 
845 169081 51.0 
1041 208291 56.0 
1121 224316 57.0 
1147 229451 58.0 
1212 242567 60.0 
1239 247855 61.0 
1295 259079 62.0 
1380 276188 63.0 
1437 287546 64.0 
1465 293053 65.0 
1626 325311 68.0 
1728 345737 70.0 
1746 349263 74.0 
1847 369594 76.0 
1933 386777 77.0 
1971 394353 78.0 
2004 400897 79.0 
2056 411381 80.0 
2084 416983 82.0 
2160 432097 83.0 
2184 436899 84.0 
2342 468559 85.0 
2402 480569 86.0 
2489 497973 89.0 
2565 513173 90.0 
2666 533373 94.0 
2726 545396 95.0 
2782 556427 96.0 
2853 570761 97.0 
2914 582875 98.0 
2950 590179 100.0 
==== END RUN ====
0 1 2.0 
0 18 6.0 
0 32 7.0 
2 479 9.0 
15 3179 10.0 
17 3442 13.0 
20 4157 16.0 
199 39902 18.0 
241 48324 23.0 
305 61058 25.0 
405 81043 27.0 
427 85405 28.0 
496 99268 29.0 
504 100970 30.0 
570 114023 32.0 
582 116495 33.0 
608 121717 35.0 
709 141931 36.0 
739 147973 38.0 
791 158275 41.0 
838 167769 43.0 
865 173145 44.0 
898 179683 45.0 
928 185702 46.0 
951 190275 47.0 
988 197693 52.0 
1225 245155 54.0 
1276 255209 55.0 
1293 258705 56.0 
1451 290277 58.0 
1520 304063 59.0 
1563 312780 60.0 
1564 312887 61.0 
1604 320887 69.0 
1656 331229 71.0 
1853 370633 75.0 
1918 383607 76.0 
2011 402353 77.0 
2071 414345 78.0 
2281 456373 85.0 
2371 474307 90.0 
2435 487025 91.0 
2466 493397 92.0 
2476 495373 93.0 
2612 522431 94.0 
2765 553159 95.0 
2773 554639 96.0 
2898 579789 97.0 
3018 603757 100.0 
==== END RUN ====
0 1 1.0 
0 7 11.0 
17 3559 12.0 
18 3637 14.0 
87 17472 18.0 
176 35359 25.0 
299 59992 26.0 
380 76051 30.0 
519 103885 31.0 
556 111225 33.0 
563 112730 34.0 
701 140219 37.0 
822 164564 41.0 
864 172994 42.0 
911 182233 43.0 
938 187675 45.0 
1046 209385 46.0 
1124 224970 50.0 
1150 230089 57.0 
1386 277231 58.0 
1477 295563 61.0 
1562 312517 66.0 
1865 373099 67.0 
1907 381535 68.0 
2065 413105 69.0 
2084 416937 73.0 
2174 434937 75.0 
2312 462513 82.0 
2333 466751 85.0 
2385 477151 87.0 
2458 491737 92.0 
2572 514443 93.0 
2592 518569 94.0 
2717 543431 97.0 
2840 568189 98.0 
2895 579195 100.0 
==== END RUN ====
0 1 1.0 
0 3 2.0 
0 9 6.0 
0 136 12.0 
28 5643 14.0 
54 10894 16.0 
98 19726 18.0 
148 29721 20.0 
240 48088 24.0 
271 54322 25.0 
325 65025 27.0 
441 88299 33.0 
547 109413 34.0 
558 111722 36.0 
568 113723 41.0 
750 150181 42.0 
815 163157 47.0 
1051 210295 49.0 
1114 222879 54.0 
1291 258305 58.0 
1350 270192 61.0 
1464 292992 63.0 
1525 305183 64.0 
1563 312757 69.0 
1692 338527 70.0 
1779 355899 72.0 
1971 394383 74.0 
2044 408971 79.0 
2163 432759 82.0 
2325 465180 83.0 
2482 496425 84.0 
2589 517984 86.0 
2706 541369 87.0 
2781 556382 88.0 
2931 586377 89.0 
3009 601977 91.0 
3049 609977 93.0 
3130 626196 94.0 
3286 657393 98.0 
3360 672065 99.0 
3449 689873 100.0 
==== END RUN ====
0 1 4.0 
0 66 5.0 
0 101 6.0 
1 216 7.0 
1 249 9.0 
6 1300 10.0 
7 1513 11.0 
27 5549 13.0 
30 6041 14.0 
59 11950 15.0 
107 21533 16.0 
130 26096 17.0 
146 29323 20.0 
158 31756 21.0 
227 45441 22.0 
293 58657 23.0 
307 61589 25.0 
386 77209 27.0 
387 77549 28.0 
424 84939 29.0 
449 89932 31.0 
477 95562 35.0 
721 144267 38.0 
776 155382 40.0 
820 164176 41.0 
875 175130 42.0 
879 175911 43.0 
908 181675 44.0 
923 184663 45.0 
999 199930 49.0 
1118 223661 50.0 
1152 230491 52.0 
1174 234803 53.0 
1246 249283 56.0 
1308 261732 57.0 
1357 271461 59.0 
1603 320751 60.0 
1672 334519 62.0 
1699 339919 63.0 
1825 365189 64.0 
1912 382423 65.0 
2036 407329 66.0 
2108 421721 68.0 
2221 444382 71.0 
2305 461137 75.0 
2323 464737 80.0 
2452 490581 81.0 
2554 510963 83.0 
2699 539963 84.0 
2775 555169 92.0 
2949 589921 93.0 
3036 607389 96.0 
3046 609335 98.0 
3172 634587 99.0 
3223 644687 100.0 
==== END RUN ====
0 1 2.0 
0 15 3.0 
0 44 7.0 
0 175 8.0 
4 972 11.0 
22 4553 14.0 
116 23273 15.0 
149 29919 17.0 
179 35971 18.0 
211 42399 20.0 
260 52189 22.0 
303 60643 28.0 
638 127653 29.0 
638 127684 33.0 
649 129847 34.0 
708 141625 35.0 
797 159425 36.0 
844 168911 37.0 
911 182336 39.0 
929 185867 40.0 
1017 203547 41.0 
1019 203939 42.0 
1163 232681 43.0 
1224 244998 45.0 
1227 245500 46.0 
1314 262964 49.0 
1394 278885 53.0 
1439 287971 54.0 
1447 289546 58.0 
1535 307176 64.0 
1614 322986 66.0 
1658 331772 68.0 
1899 379937 70.0 
2034 406937 71.0 
2066 413337 73.0 
2091 418341 74.0 
2297 459429 80.0 
2365 473149 81.0 
2433 486783 82.0 
2471 494273 83.0 
2491 498307 86.0 
2629 525961 93.0 
2799 559863 94.0 
2870 574133 95.0 
2906 581391 97.0 
3027 605501 98.0 
3106 621397 100.0 
==== END RUN ====
0 1 1.0 
0 3 4.0 
0 14 6.0 
0 41 7.0 
4 840 8.0 
7 1436 9.0 
13 2666 12.0 
18 3603 17.0 
238 47778 21.0 
352 70572 23.0 
361 72361 24.0 
457 91518 25.0 
494 98907 26.0 
603 120733 28.0 
655 131053 29.0 
664 132930 30.0 
680 136055 32.0 
792 158519 34.0 
886 177283 35.0 
889 177913 36.0 
917 183419 42.0 
1070 214170 43.0 
1239 247887 45.0 
1268 253685 46.0 
1278 255789 48.0 
1320 264142 52.0 
1328 265665 54.0 
1351 270287 59.0 
1599 319857 62.0 
1673 334615 63.0 
1721 344317 64.0 
1724 344958 66.0 
1796 359269 67.0 
1833 366784 68.0 
1998 399777 73.0 
2033 406778 77.0 
2196 439225 78.0 
2199 439955 79.0 
2219 443993 80.0 
2377 475561 81.0 
2383 476761 83.0 
2406 481361 85.0 
2456 491263 87.0 
2489 497961 88.0 
2492 498561 89.0 
2524 504929 90.0 
2589 517979 91.0 
2660 532179 94.0 
2785 557181 96.0 
2872 574441 97.0 
2957 591593 98.0 
3094 618997 100.0 
==== END RUN ====
0 1 1.0 
0 3 4.0 
0 7 5.0 
0 69 10.0 
11 2341 11.0 
22 4441 12.0 
38 7769 16.0 
39 7959 20.0 
207 41450 21.0 
241 48392 22.0 
269 53984 23.0 
304 60922 24.0 
339 67956 29.0 
398 79669 31.0 
428 85718 32.0 
459 91863 33.0 
562 112524 36.0 
569 113932 40.0 
613 122688 42.0 
765 153143 45.0 
789 157909 52.0 
841 168336 53.0 
1020 204107 54.0 
1090 218107 55.0 
1194 238983 57.0 
1215 243109 58.0 
1256 251239 59.0 
1350 270148 60.0 
1356 271317 61.0 
1359 271963 62.0 
1389 277974 63.0 
1508 301727 67.0 
1711 342395 68.0 
1826 365388 70.0 
1930 386137 74.0 
1955 391137 77.0 
2022 404417 81.0 
2109 421951 82.0 
2152 430489 84.0 
2210 442061 87.0 
2224 444907 89.0 
2334 466941 90.0 
2351 470379 95.0 
2500 500179 96.0 
2658 531755 97.0 
2692 538541 99.0 
2736 547393 100.0 
==== END RUN ====
0 1 3.0 
0 15 4.0 
0 36 6.0 
0 94 8.0 
4 985 17.0 
140 28175 20.0 
166 33343 24.0 
268 53631 28.0 
381 76380 29.0 
400 80139 33.0 
463 92707 35.0 
537 107529 38.0 
658 131792 39.0 
685 137184 42.0 
725 145031 44.0 
821 164311 45.0 
990 198091 47.0 
1118 223773 49.0 
1152 230455 52.0 
1195 239005 54.0 
1207 241455 55.0 
1236 247295 56.0 
1293 258617 59.0 
1403 280711 61.0 
1429 285937 66.0 
1516 303348 68.0 
1633 326786 71.0 
1656 331335 72.0 
1699 339895 74.0 
1812 362570 75.0 
1846 369384 77.0 
1939 387988 78.0 
2029 405805 81.0 
2143 428675 82.0 
2210 442163 83.0 
2290 458167 84.0 
2409 481967 85.0 
2445 489167 86.0 
2530 506171 88.0 
2612 522573 91.0 
2791 558213 92.0 
2798 559783 93.0 
2811 562355 94.0 
2825 565015 95.0 
3043 608703 96.0 
3075 615059 97.0 
3125 625191 99.0 
3306 661395 100.0 
==== END RUN ====
0 1 2.0 
0 13 4.0 
0 16 6.0 
0 32 8.0 
8 1721 10.0 
13 2658 11.0 
25 5140 12.0 
35 7192 13.0 
46 9272 16.0 
53 10731 17.0 
123 24769 18.0 
144 28999 19.0 
182 36565 21.0 
205 41141 22.0 
281 56207 23.0 
286 57277 24.0 
356 71245 26.0 
358 71776 28.0 
362 72500 29.0 
428 85677 30.0 
460 92103 33.0 
524 104889 36.0 
685 137164 41.0 
781 156257 44.0 
824 164937 45.0 
837 167599 46.0 
839 167984 47.0 
860 172136 50.0 
907 181477 51.0 
908 181673 53.0 
910 182152 56.0 
997 199483 57.0 
1040 208101 58.0 
1066 213241 61.0 
1146 229354 62.0 
1161 232397 65.0 
1284 256929 67.0 
1287 257529 68.0 
1376 275381 69.0 
1386 277309 73.0 
1420 284005 74.0 
1427 285481 75.0 
1494 298963 76.0 
1567 313541 81.0 
1622 324545 82.0 
1715 343163 84.0 
1736 347307 85.0 
1855 371117 87.0 
2012 402489 88.0 
2026 405373 91.0 
2089 417845 93.0 
2153 430703 94.0 
2163 432759 95.0 
2329 465991 96.0 
2330 466131 97.0 
2477 495595 100.0 
==== END RUN ====
0 1 6.0 
0 175 7.0 
1 281 9.0 
6 1292 11.0 
17 3466 12.0 
50 10198 13.0 
65 13172 14.0 
86 17354 18.0 
199 39880 21.0 
263 52763 22.0 
282 56425 25.0 
311 62385 30.0 
412 82567 32.0 
644 128893 34.0 
656 131207 40.0 
818 163734 43.0 
867 173550 46.0 
989 197815 48.0 
1077 215537 49.0 
1163 232766 52.0 
1296 259209 53.0 
1312 262566 54.0 
1337 267552 55.0 
1372 274433 58.0 
1534 306996 59.0 
1542 308578 60.0 
1586 317396 61.0 
1666 333223 62.0 
1709 341949 64.0 
1720 344184 65.0 
1728 345731 68.0 
1770 354051 69.0 
1887 377481 75.0 
2075 415139 76.0 
2161 432393 77.0 
2216 443215 80.0 
2363 472761 83.0 
2508 501767 86.0 
2545 509167 87.0 
2567 513567 88.0 
2664 532883 90.0 
2718 543781 92.0 
2800 560175 93.0 
2816 563319 97.0 
2967 593439 98.0 
3085 617197 99.0 
3188 637637 100.0 
==== END RUN ====
0 1 1.0 
0 3 3.0 
0 12 5.0 
0 103 6.0 
3 634 7.0 
7 1437 10.0 
22 4440 11.0 
23 4698 12.0 
23 4748 14.0 
27 5539 16.0 
103 20645 17.0 
105 21045 18.0 
119 23924 19.0 
160 32134 20.0 
171 34223 22.0 
212 42423 23.0 
221 44269 24.0 
232 46462 25.0 
233 46763 26.0 
332 66543 29.0 
396 79265 33.0 
462 92529 34.0 
545 109149 36.0 
566 113364 41.0 
736 147219 44.0 
739 147936 45.0 
805 161166 46.0 
851 170340 47.0 
874 174937 48.0 
886 177297 49.0 
927 185572 52.0 
1038 207736 53.0 
1053 210797 54.0 
1114 222851 59.0 
1176 235245 60.0 
1249 249919 63.0 
1336 267285 64.0 
1403 280770 69.0 
1439 287963 70.0 
1487 297582 71.0 
1515 303057 73.0 
1561 312251 74.0 
1699 339937 78.0 
1784 356917 80.0 
1895 379009 81.0 
1962 392407 83.0 
2027 405447 84.0 
2101 420367 85.0 
2121 424333 91.0 
2215 443105 94.0 
2334 466853 96.0 
2428 485729 97.0 
2430 486057 98.0 
2619 523903 99.0 
2644 528997 100.0 
==== END RUN ====
0 1 4.0 
0 9 8.0 
3 601 13.0 
22 4465 16.0 
94 18977 17.0 
183 36790 20.0 
328 65657 23.0 
347 69549 24.0 
355 71035 26.0 
367 73531 28.0 
410 82091 31.0 
466 93303 33.0 
478 95716 34.0 
498 99661 35.0 
537 107562 37.0 
635 127080 38.0 
638 127716 39.0 
645 129089 42.0 
702 140485 47.0 
855 171175 48.0 
875 175123 49.0 
885 177191 50.0 
902 180525 52.0 
959 191825 53.0 
992 198493 54.0 
1039 207907 55.0 
1084 216901 56.0 
1098 219793 57.0 
1190 238113 58.0 
1385 277005 60.0 
1504 300999 61.0 
1518 303739 62.0 
1659 331925 64.0 
1693 338727 65.0 
1740 348107 66.0 
1770 354169 69.0 
1829 365873 71.0 
2033 406743 72.0 
2175 435143 73.0 
2233 446749 75.0 
2346 469387 76.0 
2377 475539 77.0 
2462 492555 78.0 
2476 495211 81.0 
2686 537205 82.0 
2745 549173 85.0 
2774 554963 86.0 
2785 557177 89.0 
3058 611779 90.0 
3121 624379 91.0 
3144 628979 92.0 
3156 631379 93.0 
3163 632719 95.0 
3219 643979 98.0 
3243 648779 100.0 
==== END RUN ====
0 1 1.0 
0 3 2.0 
0 17 5.0 
0 31 6.0 
1 255 7.0 
1 311 8.0 
4 958 9.0 
4 980 10.0 
15 3044 11.0 
29 5870 12.0 
76 15219 15.0 
90 18162 16.0 
97 19569 17.0 
146 29341 23.0 
204 40970 24.0 
233 46745 25.0 
326 65300 26.0 
400 80047 28.0 
453 90625 34.0 
540 108132 39.0 
647 129469 40.0 
742 148595 43.0 
757 151514 45.0 
811 162397 48.0 
855 171104 50.0 
875 175152 51.0 
989 197887 52.0 
1084 216916 54.0 
1174 234974 59.0 
1277 255431 60.0 
1334 266952 64.0 
1406 281382 69.0 
1429 285962 71.0 
1586 317341 72.0 
1609 321821 75.0 
1634 326877 78.0 
1781 356215 79.0 
1808 361641 81.0 
1819 363869 82.0 
1882 376557 83.0 
1969 393961 87.0 
2079 415841 89.0 
2178 435623 90.0 
2348 469755 91.0 
2457 491589 93.0 
2559 511983 94.0 
2580 516183 96.0 
2668 533613 97.0 
2684 536903 100.0 
==== END RUN ====
