0 1 1.0 
0 3 4.0 
0 19 5.0 
0 121 6.0 
0 198 8.0 
1 457 9.0 
4 1637 10.0 
4 1863 13.0 
42 16809 14.0 
49 19695 15.0 
75 30092 16.0 
86 34551 20.0 
169 67963 21.0 
176 70465 23.0 
180 72267 25.0 
216 86715 26.0 
248 99432 27.0 
265 106309 29.0 
311 124511 31.0 
351 140479 33.0 
369 147745 34.0 
437 174969 37.0 
456 182712 38.0 
502 201094 42.0 
503 201453 44.0 
559 223970 47.0 
600 240270 48.0 
607 243085 49.0 
643 257569 50.0 
661 264795 53.0 
684 273671 54.0 
697 279147 58.0 
771 308625 63.0 
834 333950 64.0 
859 343904 65.0 
865 346391 66.0 
888 355498 67.0 
957 383067 68.0 
1019 407833 69.0 
1075 430255 70.0 
1165 466199 71.0 
1189 475904 72.0 
1213 485595 74.0 
1237 495083 75.0 
1243 497431 76.0 
1261 504740 77.0 
1275 510384 78.0 
1290 516313 79.0 
1315 526371 81.0 
1343 537585 82.0 
1445 578329 83.0 
1496 598701 84.0 
1560 624366 86.0 
1599 639771 87.0 
1691 676449 90.0 
1762 705045 92.0 
1767 706805 93.0 
1871 748637 96.0 
1904 761969 97.0 
1955 782365 98.0 
1979 791989 100.0 
==== END RUN ====
0 1 3.0 
0 13 4.0 
0 21 6.0 
0 281 7.0 
1 457 15.0 
44 17878 18.0 
139 55601 22.0 
195 78337 25.0 
274 109868 27.0 
307 123163 28.0 
311 124797 29.0 
336 134763 30.0 
338 135459 31.0 
354 141927 32.0 
387 154889 36.0 
393 157428 37.0 
441 176583 40.0 
497 199042 41.0 
530 212232 43.0 
535 214025 44.0 
551 220437 47.0 
581 232477 48.0 
653 261247 52.0 
744 297999 53.0 
757 302931 55.0 
848 339421 56.0 
854 341821 57.0 
903 361461 60.0 
911 364728 61.0 
956 382629 62.0 
971 388737 64.0 
1071 428541 68.0 
1095 438372 69.0 
1221 488677 71.0 
1231 492775 72.0 
1279 511958 75.0 
1338 535509 76.0 
1380 552382 79.0 
1428 571549 80.0 
1443 577560 81.0 
1460 584380 82.0 
1464 585980 83.0 
1494 597821 85.0 
1594 637943 86.0 
1605 642343 87.0 
1689 675966 90.0 
1744 697881 91.0 
1802 720877 97.0 
1845 738139 98.0 
1874 749779 100.0 
==== END RUN ====
0 1 1.0 
0 3 2.0 
0 9 3.0 
0 13 4.0 
0 17 10.0 
1 439 13.0 
13 5560 16.0 
80 32284 17.0 
116 46403 18.0 
118 47356 19.0 
141 56746 28.0 
239 95908 30.0 
305 122180 31.0 
310 124286 32.0 
313 125361 33.0 
330 132097 34.0 
348 139386 35.0 
406 162527 38.0 
446 178777 42.0 
489 195826 47.0 
607 243053 50.0 
653 261403 52.0 
683 273429 53.0 
726 290609 55.0 
729 291901 56.0 
747 299083 57.0 
786 314728 58.0 
846 338691 59.0 
852 341046 60.0 
875 350288 61.0 
880 352287 65.0 
930 372241 68.0 
975 390225 71.0 
1021 408613 73.0 
1071 428719 74.0 
1153 461477 75.0 
1163 465499 76.0 
1195 478069 80.0 
1206 482503 82.0 
1238 495439 83.0 
1243 497593 84.0 
1336 534764 85.0 
1398 559249 86.0 
1440 576211 88.0 
1443 577307 90.0 
1504 601881 91.0 
1582 633181 92.0 
1646 658401 93.0 
1655 662059 94.0 
1690 676367 98.0 
1799 719697 100.0 
==== END RUN ====
0 1 3.0 
0 7 4.0 
0 9 5.0 
0 25 7.0 
0 49 11.0 
5 2350 12.0 
10 4267 15.0 
18 7417 17.0 
91 36726 21.0 
128 51558 22.0 
151 60758 25.0 
177 71117 27.0 
193 77597 30.0 
274 109959 31.0 
296 118664 32.0 
297 118865 33.0 
299 119997 34.0 
338 135351 35.0 
340 136324 45.0 
491 196789 47.0 
551 220681 49.0 
607 242991 50.0 
615 246393 54.0 
642 257190 55.0 
661 264609 56.0 
663 265581 57.0 
682 273161 58.0 
706 282645 59.0 
759 303821 60.0 
766 306451 62.0 
794 317803 65.0 
818 327583 67.0 
909 363964 68.0 
945 378331 69.0 
996 398706 72.0 
1014 405887 73.0 
1019 407835 74.0 
1106 442479 75.0 
1110 444297 76.0 
1116 446715 80.0 
1160 464185 81.0 
1229 491895 82.0 
1239 495925 85.0 
1264 505958 86.0 
1428 571363 87.0 
1430 572107 88.0 
1462 585153 93.0 
1585 634157 95.0 
1698 679581 99.0 
1737 695181 100.0 
==== END RUN ====
0 1 1.0 
0 3 3.0 
0 17 5.0 
0 41 8.0 
6 2672 10.0 
8 3588 15.0 
11 4688 16.0 
56 22686 17.0 
76 30660 18.0 
107 43090 19.0 
122 48967 20.0 
133 53271 22.0 
159 63896 26.0 
189 75647 27.0 
254 101613 29.0 
272 109058 30.0 
303 121203 31.0 
334 133713 38.0 
379 151922 41.0 
460 184295 42.0 
467 187017 43.0 
487 195154 46.0 
574 229715 48.0 
614 245683 50.0 
655 262325 51.0 
687 274879 53.0 
717 287124 54.0 
751 300605 55.0 
784 313845 57.0 
832 333175 60.0 
893 357227 61.0 
914 365895 63.0 
964 385841 65.0 
1000 400087 66.0 
1051 420609 67.0 
1087 435093 69.0 
1092 437047 70.0 
1128 451483 71.0 
1163 465562 72.0 
1185 474163 74.0 
1234 493681 75.0 
1249 499997 77.0 
1253 501219 83.0 
1316 526687 85.0 
1399 559915 89.0 
1418 567505 92.0 
1529 611971 93.0 
1548 619569 94.0 
1614 645887 97.0 
1696 678789 99.0 
1729 691989 100.0 
==== END RUN ====
0 1 1.0 
0 5 5.0 
0 55 7.0 
0 262 8.0 
1 724 9.0 
2 869 11.0 
6 2470 12.0 
28 11229 14.0 
57 22989 16.0 
84 33601 17.0 
99 39927 18.0 
120 48130 22.0 
127 51101 23.0 
175 70110 26.0 
187 74999 34.0 
335 134097 35.0 
389 155723 36.0 
395 158152 37.0 
399 159756 38.0 
402 160901 39.0 
412 165062 42.0 
421 168671 43.0 
442 176857 44.0 
455 182161 46.0 
502 201158 48.0 
542 216807 50.0 
565 226327 51.0 
566 226523 53.0 
601 240599 56.0 
615 246367 59.0 
663 265479 61.0 
769 307615 62.0 
789 315902 66.0 
789 315960 67.0 
842 336871 68.0 
843 337393 74.0 
888 355588 77.0 
918 367455 78.0 
951 380797 79.0 
970 388195 80.0 
1053 421551 84.0 
1063 425519 85.0 
1139 455807 88.0 
1176 470523 89.0 
1201 480427 91.0 
1253 501499 95.0 
1362 545061 96.0 
1435 574337 97.0 
1445 578381 98.0 
1547 618847 100.0 
==== END RUN ====
0 1 1.0 
0 5 2.0 
0 49 3.0 
0 51 4.0 
0 118 6.0 
0 135 8.0 
0 291 10.0 
1 603 11.0 
10 4395 14.0 
50 20170 15.0 
57 23061 16.0 
60 24235 21.0 
156 62411 22.0 
180 72314 25.0 
201 80606 26.0 
214 85995 27.0 
216 86652 28.0 
257 102943 29.0 
296 118405 32.0 
354 141775 34.0 
357 142988 37.0 
398 159297 38.0 
424 169829 39.0 
457 182885 40.0 
467 187120 41.0 
478 191531 43.0 
494 197805 44.0 
536 214675 46.0 
553 221333 47.0 
608 243237 48.0 
608 243485 49.0 
638 255249 50.0 
650 260041 52.0 
709 283911 54.0 
720 288189 55.0 
782 313173 56.0 
805 322199 58.0 
814 325994 59.0 
829 331837 63.0 
871 348712 64.0 
897 359070 66.0 
910 364163 69.0 
928 371389 70.0 
1001 400720 73.0 
1006 402625 77.0 
1169 467964 78.0 
1179 471905 80.0 
1230 492001 84.0 
1274 509901 85.0 
1323 529521 86.0 
1380 552177 88.0 
1422 568883 89.0 
1432 572841 91.0 
1473 589311 95.0 
1528 611485 96.0 
1572 628987 97.0 
1597 639165 100.0 
==== END RUN ====
0 1 1.0 
0 7 2.0 
0 16 3.0 
0 47 13.0 
17 6911 16.0 
82 33064 17.0 
103 41239 18.0 
112 44891 19.0 
113 45263 20.0 
131 52520 25.0 
251 100785 28.0 
316 126626 30.0 
355 142101 31.0 
356 142495 33.0 
381 152625 34.0 
428 171358 35.0 
431 172409 37.0 
461 184525 38.0 
479 191697 41.0 
561 224477 44.0 
662 264865 45.0 
676 270405 46.0 
679 271918 47.0 
698 279377 49.0 
730 292215 51.0 
791 316559 53.0 
791 316587 54.0 
800 320393 57.0 
888 355391 60.0 
973 389514 62.0 
1019 407701 64.0 
1053 421563 65.0 
1068 427289 66.0 
1075 430121 69.0 
1166 466435 70.0 
1192 477167 72.0 
1243 497409 74.0 
1290 516299 81.0 
1348 539237 83.0 
1370 548199 86.0 
1447 578889 88.0 
1466 586481 89.0 
1475 590083 90.0 
1516 606505 92.0 
1521 608569 93.0 
1521 608669 94.0 
1557 623049 95.0 
1638 655599 97.0 
1642 657033 99.0 
1711 684783 100.0 
==== END RUN ====
0 1 3.0 
0 7 6.0 
0 15 7.0 
0 343 11.0 
23 9376 13.0 
33 13419 14.0 
39 15884 15.0 
43 17290 16.0 
51 20791 17.0 
57 22853 23.0 
97 38885 24.0 
156 62694 27.0 
181 72507 28.0 
197 78883 30.0 
249 99842 33.0 
259 103673 34.0 
290 116019 35.0 
307 122935 36.0 
331 132617 40.0 
392 157100 42.0 
412 165118 44.0 
461 184489 46.0 
476 190632 47.0 
504 201910 48.0 
517 206845 51.0 
590 236307 52.0 
608 243221 54.0 
613 245365 58.0 
640 256394 59.0 
698 279273 61.0 
714 285651 62.0 
767 307106 64.0 
833 333508 65.0 
861 344435 66.0 
882 352905 67.0 
957 382857 71.0 
998 399233 72.0 
1062 425071 73.0 
1131 452693 74.0 
1185 474293 79.0 
1188 475343 81.0 
1278 511527 82.0 
1292 517131 86.0 
1300 520247 88.0 
1321 528791 93.0 
1469 587857 95.0 
1540 616141 96.0 
1553 621573 97.0 
1621 648525 98.0 
1694 677989 100.0 
==== END RUN ====
0 1 3.0 
0 41 5.0 
0 119 6.0 
0 175 10.0 
0 248 11.0 
27 11019 14.0 
43 17282 15.0 
49 19795 16.0 
72 28801 18.0 
99 39713 23.0 
126 50578 24.0 
175 70065 27.0 
217 87016 29.0 
275 110123 32.0 
382 153177 36.0 
437 175051 37.0 
482 192933 38.0 
527 211071 39.0 
552 221184 42.0 
554 221786 44.0 
559 223643 46.0 
620 248318 47.0 
632 253034 48.0 
657 263002 49.0 
679 271870 53.0 
693 277223 55.0 
741 296569 59.0 
758 303587 60.0 
854 341924 63.0 
871 348667 67.0 
915 366011 70.0 
963 385532 71.0 
999 399933 72.0 
1012 404871 73.0 
1021 408779 77.0 
1110 444115 78.0 
1133 453541 81.0 
1135 454366 84.0 
1228 491351 85.0 
1232 492973 86.0 
1240 496251 87.0 
1321 528507 88.0 
1347 538863 89.0 
1382 552849 90.0 
1398 559207 92.0 
1478 591223 97.0 
1513 605559 99.0 
1587 635197 100.0 
==== END RUN ====
0 1 1.0 
0 5 3.0 
0 57 5.0 
0 373 6.0 
1 469 7.0 
1 577 9.0 
2 1130 11.0 
3 1376 13.0 
22 8819 14.0 
33 13308 15.0 
38 15493 17.0 
61 24670 18.0 
97 39081 19.0 
126 50605 22.0 
143 57595 30.0 
291 116545 31.0 
291 116783 32.0 
327 130813 33.0 
339 135739 35.0 
365 146099 37.0 
405 162333 39.0 
438 175277 40.0 
475 190145 41.0 
491 196411 42.0 
505 202244 45.0 
519 207985 46.0 
567 227110 48.0 
589 235832 50.0 
597 239031 52.0 
601 240779 54.0 
649 259972 56.0 
699 279832 57.0 
708 283327 59.0 
734 293904 60.0 
750 300335 62.0 
757 303058 63.0 
827 331066 64.0 
876 350635 70.0 
956 382491 72.0 
1021 408677 73.0 
1030 412267 74.0 
1082 433134 75.0 
1128 451493 77.0 
1137 455097 78.0 
1155 462213 79.0 
1166 466549 80.0 
1271 508787 83.0 
1327 531113 84.0 
1346 538723 85.0 
1412 565129 89.0 
1514 605669 91.0 
1608 643299 92.0 
1649 659657 95.0 
1657 663185 100.0 
==== END RUN ====
0 1 2.0 
0 18 4.0 
0 37 7.0 
0 254 9.0 
1 639 14.0 
33 13392 16.0 
60 24323 20.0 
107 43024 24.0 
159 63894 33.0 
347 139071 34.0 
355 142212 35.0 
377 151122 36.0 
378 151581 39.0 
398 159562 44.0 
479 191843 46.0 
541 216690 48.0 
580 232093 49.0 
604 241920 50.0 
641 256756 51.0 
673 269534 52.0 
685 274344 53.0 
692 277187 56.0 
725 290353 57.0 
746 298742 58.0 
787 315038 59.0 
813 325331 60.0 
832 332901 62.0 
866 346695 66.0 
924 369801 67.0 
934 373611 68.0 
972 389142 69.0 
973 389285 73.0 
1034 413737 74.0 
1049 419757 77.0 
1078 431303 78.0 
1085 434039 79.0 
1090 436358 80.0 
1125 450299 82.0 
1175 470113 83.0 
1208 483465 84.0 
1230 492235 85.0 
1325 530097 87.0 
1417 567143 88.0 
1428 571543 89.0 
1449 579669 90.0 
1492 596893 92.0 
1518 607433 93.0 
1599 639633 94.0 
1609 643605 96.0 
1652 661027 98.0 
1675 670031 99.0 
1709 683981 100.0 
==== END RUN ====
0 1 3.0 
0 13 5.0 
0 72 6.0 
0 125 11.0 
2 972 12.0 
7 3090 15.0 
57 22995 18.0 
103 41503 20.0 
142 56933 21.0 
155 62395 22.0 
176 70537 24.0 
229 91949 26.0 
315 126364 28.0 
316 126557 29.0 
318 127319 30.0 
370 148188 31.0 
412 165114 32.0 
421 168411 34.0 
453 181492 35.0 
510 204053 36.0 
600 240252 40.0 
602 241092 42.0 
642 257134 44.0 
655 262280 45.0 
667 267070 47.0 
725 290153 49.0 
796 318589 50.0 
810 324179 51.0 
864 345861 54.0 
902 360997 56.0 
941 376675 59.0 
967 387007 61.0 
985 394059 64.0 
1041 416772 65.0 
1060 424283 66.0 
1074 429928 67.0 
1108 443431 69.0 
1221 488770 70.0 
1309 523964 73.0 
1408 563495 74.0 
1421 568667 77.0 
1523 609481 78.0 
1590 636382 79.0 
1592 636805 80.0 
1614 645869 86.0 
1649 659759 88.0 
1677 671155 89.0 
1718 687401 92.0 
1846 738605 96.0 
1899 759863 100.0 
==== END RUN ====
0 1 1.0 
0 3 2.0 
0 21 3.0 
0 75 4.0 
0 110 5.0 
0 122 8.0 
1 476 11.0 
10 4103 12.0 
21 8578 13.0 
42 17165 14.0 
53 21542 15.0 
54 21987 21.0 
177 71200 23.0 
233 93560 24.0 
237 94897 26.0 
240 96188 27.0 
261 104528 29.0 
284 113890 30.0 
319 127796 32.0 
334 133695 33.0 
347 139073 37.0 
378 151438 39.0 
441 176605 41.0 
503 201536 44.0 
555 222318 46.0 
555 222388 47.0 
583 233207 48.0 
608 243492 52.0 
702 281154 53.0 
715 286031 55.0 
761 304692 60.0 
807 322977 61.0 
848 339495 62.0 
863 345221 63.0 
910 364071 64.0 
954 381613 66.0 
1019 407915 68.0 
1031 412793 71.0 
1051 420784 72.0 
1105 442291 75.0 
1152 461169 78.0 
1266 506537 79.0 
1363 545522 80.0 
1384 553709 83.0 
1512 605117 85.0 
1574 629845 86.0 
1636 654743 89.0 
1674 669801 90.0 
1700 680341 91.0 
1788 715567 94.0 
1835 734365 98.0 
1875 750103 99.0 
1881 752767 100.0 
==== END RUN ====
0 1 4.0 
0 36 5.0 
0 54 12.0 
3 1233 15.0 
27 11112 16.0 
79 31801 17.0 
83 33466 19.0 
86 34678 23.0 
160 64069 24.0 
178 71489 25.0 
196 78469 26.0 
221 88710 27.0 
244 97875 28.0 
254 101982 29.0 
264 105787 30.0 
271 108717 31.0 
303 121311 35.0 
324 129637 36.0 
344 137685 37.0 
357 143104 38.0 
367 147065 41.0 
401 160543 45.0 
499 199911 46.0 
503 201235 48.0 
514 205798 49.0 
528 211273 50.0 
539 215691 52.0 
576 230688 54.0 
626 250796 55.0 
692 277189 57.0 
706 282699 60.0 
712 285120 62.0 
812 324893 65.0 
825 330397 67.0 
875 350321 69.0 
894 357873 73.0 
982 393089 75.0 
1002 401114 78.0 
1013 405473 79.0 
1033 413526 81.0 
1042 417189 83.0 
1065 426121 85.0 
1137 454997 86.0 
1152 460967 87.0 
1192 477021 88.0 
1305 522353 89.0 
1312 524875 90.0 
1324 529757 94.0 
1404 561637 95.0 
1486 594763 98.0 
1500 600025 100.0 
==== END RUN ====
0 1 2.0 
0 7 4.0 
0 54 5.0 
0 101 8.0 
2 963 9.0 
4 1880 10.0 
7 2899 11.0 
37 14876 13.0 
38 15461 14.0 
43 17470 15.0 
57 23178 16.0 
58 23209 19.0 
107 42997 20.0 
124 49908 21.0 
132 53108 24.0 
228 91320 27.0 
231 92574 28.0 
261 104617 29.0 
298 119273 31.0 
300 120043 35.0 
374 149950 37.0 
416 166725 41.0 
435 174229 42.0 
515 206366 43.0 
523 209553 44.0 
540 216009 46.0 
586 234659 47.0 
632 252977 48.0 
633 253438 49.0 
674 269779 50.0 
690 276307 51.0 
708 283418 54.0 
716 286595 57.0 
741 296587 59.0 
746 298425 62.0 
826 330547 64.0 
863 345468 65.0 
879 351870 66.0 
962 385059 72.0 
1015 406133 77.0 
1045 418265 78.0 
1070 428311 79.0 
1074 429843 80.0 
1074 429940 81.0 
1135 454321 84.0 
1185 474321 86.0 
1234 493976 87.0 
1279 511945 89.0 
1291 516433 90.0 
1350 540305 91.0 
1374 549959 93.0 
1379 551857 94.0 
1436 574545 95.0 
1467 587139 97.0 
1553 621357 99.0 
1576 630585 100.0 
==== END RUN ====
0 1 1.0 
0 5 3.0 
0 7 8.0 
1 504 9.0 
4 1726 10.0 
6 2721 11.0 
13 5262 12.0 
25 10192 16.0 
67 26924 19.0 
124 49945 23.0 
168 67316 24.0 
177 70954 28.0 
241 96602 29.0 
249 99935 31.0 
255 102290 33.0 
289 115729 34.0 
305 122215 35.0 
363 145585 36.0 
383 153333 40.0 
434 173820 42.0 
463 185413 43.0 
474 189735 45.0 
511 204439 46.0 
534 213727 47.0 
535 214228 51.0 
599 239840 52.0 
600 240345 53.0 
647 259009 56.0 
686 274668 57.0 
745 298286 59.0 
797 319056 63.0 
842 336971 67.0 
923 369247 68.0 
932 373033 72.0 
935 374237 73.0 
978 391537 74.0 
1020 408033 76.0 
1046 418495 77.0 
1096 438775 81.0 
1185 474332 82.0 
1189 475899 83.0 
1205 482327 91.0 
1288 515483 92.0 
1309 523925 93.0 
1325 530241 94.0 
1342 536955 95.0 
1351 540401 96.0 
1367 546969 99.0 
1423 569599 100.0 
==== END RUN ====
0 1 1.0 
0 9 5.0 
0 67 6.0 
0 218 8.0 
2 983 9.0 
3 1459 10.0 
8 3400 11.0 
8 3438 15.0 
41 16447 17.0 
117 47031 18.0 
154 61844 19.0 
194 77763 20.0 
202 81088 21.0 
204 81693 26.0 
241 96609 31.0 
320 128193 33.0 
400 160287 34.0 
411 164659 39.0 
475 190308 40.0 
477 190917 44.0 
549 219869 45.0 
554 221695 46.0 
557 222885 47.0 
617 247106 48.0 
638 255325 49.0 
686 274529 53.0 
797 318827 55.0 
804 321795 56.0 
878 351558 57.0 
893 357431 59.0 
918 367482 61.0 
969 387847 63.0 
1010 404253 64.0 
1027 411049 65.0 
1123 449461 67.0 
1158 463469 69.0 
1164 465639 74.0 
1234 493923 79.0 
1325 530326 80.0 
1430 572235 81.0 
1444 577919 82.0 
1480 592361 83.0 
1490 596211 84.0 
1522 609115 85.0 
1571 628727 86.0 
1572 629131 87.0 
1630 652379 88.0 
1666 666621 92.0 
1706 682403 96.0 
1816 726771 97.0 
1857 743095 98.0 
1858 743577 100.0 
==== END RUN ====
0 1 2.0 
0 3 9.0 
6 2467 10.0 
11 4403 11.0 
23 9274 15.0 
59 23951 18.0 
96 38721 19.0 
164 65887 20.0 
164 65950 21.0 
175 70351 22.0 
189 75755 26.0 
262 104959 27.0 
300 120399 28.0 
311 124467 29.0 
348 139297 31.0 
357 142976 34.0 
415 166071 35.0 
444 177675 36.0 
452 180843 37.0 
462 184887 39.0 
539 215755 45.0 
540 216085 49.0 
633 253383 50.0 
661 264405 51.0 
680 272039 53.0 
737 294947 55.0 
776 310743 60.0 
858 343227 61.0 
867 346983 63.0 
877 351129 65.0 
930 372037 66.0 
946 378495 72.0 
1037 414985 73.0 
1068 427309 78.0 
1143 457387 80.0 
1207 483192 85.0 
1278 511485 88.0 
1303 521553 89.0 
1437 574911 92.0 
1452 581159 94.0 
1482 593015 97.0 
1518 607577 98.0 
1555 622395 99.0 
1596 638737 100.0 
==== END RUN ====
0 1 3.0 
0 7 4.0 
0 67 5.0 
0 113 6.0 
0 226 8.0 
4 1985 10.0 
5 2376 11.0 
14 5969 13.0 
27 10811 15.0 
65 26234 16.0 
69 27836 17.0 
87 35157 19.0 
101 40447 22.0 
135 54075 28.0 
270 108371 29.0 
281 112495 30.0 
291 116648 32.0 
322 129022 35.0 
383 153576 37.0 
396 158445 43.0 
502 201004 44.0 
521 208755 47.0 
536 214600 48.0 
649 259822 49.0 
657 262831 50.0 
702 281055 52.0 
750 300281 55.0 
757 303176 57.0 
781 312794 62.0 
934 373935 63.0 
961 384668 66.0 
998 399589 68.0 
1102 440841 69.0 
1121 448507 70.0 
1190 476335 71.0 
1202 480805 72.0 
1212 485153 74.0 
1262 505106 76.0 
1307 523105 77.0 
1342 537055 79.0 
1452 581119 80.0 
1478 591577 82.0 
1543 617293 83.0 
1584 633917 84.0 
1653 661373 87.0 
1685 674339 88.0 
1694 677937 90.0 
1816 726665 91.0 
1860 744355 93.0 
1944 777859 94.0 
2013 805573 95.0 
2068 827575 96.0 
2094 837863 97.0 
2108 843381 98.0 
2130 852335 99.0 
2141 856495 100.0 
==== END RUN ====
0 1 2.0 
0 5 9.0 
2 839 11.0 
2 1001 13.0 
19 7639 14.0 
26 10562 15.0 
50 20353 16.0 
71 28712 17.0 
92 36884 18.0 
114 45663 19.0 
124 49625 20.0 
125 50264 21.0 
162 64955 23.0 
211 84670 25.0 
234 93939 26.0 
242 96976 28.0 
283 113245 29.0 
301 120695 31.0 
345 138182 33.0 
346 138548 36.0 
385 154171 37.0 
404 161935 38.0 
417 166976 41.0 
486 194519 43.0 
521 208781 47.0 
527 211127 50.0 
534 213934 51.0 
544 217868 52.0 
689 275809 58.0 
752 301067 59.0 
760 304211 61.0 
767 307144 62.0 
789 315880 65.0 
888 355463 66.0 
953 381534 67.0 
993 397461 68.0 
998 399564 71.0 
1010 404359 74.0 
1109 443910 75.0 
1123 449329 77.0 
1124 449837 83.0 
1178 471566 84.0 
1235 494283 86.0 
1254 501957 87.0 
1309 523897 88.0 
1326 530677 89.0 
1384 553919 91.0 
1457 582821 92.0 
1474 589959 93.0 
1501 600717 94.0 
1520 608387 97.0 
1612 645167 99.0 
1622 648979 100.0 
==== END RUN ====
0 1 1.0 
0 9 3.0 
0 13 4.0 
0 17 6.0 
0 135 8.0 
0 229 9.0 
1 547 13.0 
25 10254 15.0 
41 16780 18.0 
76 30501 19.0 
94 37760 20.0 
135 54223 21.0 
154 61657 22.0 
216 86679 23.0 
231 92427 24.0 
258 103289 26.0 
268 107203 27.0 
328 131295 28.0 
340 136212 29.0 
382 152909 30.0 
414 165814 33.0 
449 179927 34.0 
493 197579 36.0 
531 212669 38.0 
553 221321 40.0 
567 226970 42.0 
613 245285 46.0 
664 265808 47.0 
677 270911 48.0 
742 296993 52.0 
764 305986 53.0 
853 341482 54.0 
914 365819 56.0 
949 379765 57.0 
988 395534 59.0 
1020 408225 61.0 
1022 408993 64.0 
1029 411872 65.0 
1030 412378 66.0 
1085 434147 69.0 
1129 451639 70.0 
1227 491118 74.0 
1303 521497 75.0 
1342 537137 77.0 
1419 567879 81.0 
1469 587930 82.0 
1474 589867 86.0 
1504 601751 88.0 
1520 608243 89.0 
1565 626353 90.0 
1650 660055 91.0 
1720 688067 93.0 
1745 698383 96.0 
1822 729027 98.0 
1844 737919 99.0 
1922 769057 100.0 
==== END RUN ====
0 1 2.0 
0 21 3.0 
0 71 4.0 
0 94 8.0 
1 613 13.0 
39 15686 14.0 
58 23211 17.0 
78 31328 18.0 
89 35806 19.0 
106 42743 20.0 
122 49040 21.0 
139 55698 22.0 
144 57829 23.0 
182 73094 25.0 
199 79899 27.0 
221 88561 28.0 
233 93309 32.0 
287 114998 34.0 
307 123133 36.0 
369 147777 38.0 
388 155415 42.0 
416 166661 43.0 
422 168825 44.0 
444 177806 45.0 
447 178919 49.0 
504 201969 53.0 
570 228328 54.0 
578 231377 56.0 
626 250583 60.0 
667 267067 61.0 
704 281669 62.0 
724 289815 64.0 
802 320979 66.0 
858 343383 68.0 
891 356559 71.0 
1003 401586 73.0 
1064 425767 75.0 
1096 438730 76.0 
1130 452301 77.0 
1160 464389 86.0 
1235 494289 89.0 
1320 528037 91.0 
1354 541619 92.0 
1363 545335 94.0 
1386 554533 96.0 
1419 567903 98.0 
1507 602887 100.0 
==== END RUN ====
0 1 1.0 
0 3 2.0 
0 19 6.0 
0 120 11.0 
9 3699 12.0 
18 7221 13.0 
21 8681 14.0 
37 15142 15.0 
44 17917 16.0 
73 29356 17.0 
89 35908 18.0 
121 48799 19.0 
135 54117 20.0 
144 57986 21.0 
146 58739 22.0 
154 61728 24.0 
194 77894 28.0 
286 114555 29.0 
295 118226 31.0 
330 132121 34.0 
362 145087 37.0 
389 155619 40.0 
454 181971 44.0 
547 218961 46.0 
560 224256 47.0 
570 228205 52.0 
656 262672 55.0 
689 275711 57.0 
785 314229 59.0 
809 323937 60.0 
828 331543 62.0 
873 349435 63.0 
888 355309 64.0 
895 358385 67.0 
933 373551 68.0 
936 374778 69.0 
976 390773 70.0 
998 399477 72.0 
1100 440279 73.0 
1120 448302 75.0 
1131 452731 77.0 
1172 468891 81.0 
1189 475991 82.0 
1254 501988 83.0 
1255 502348 84.0 
1277 510981 85.0 
1284 513735 86.0 
1321 528539 93.0 
1391 556623 95.0 
1459 583773 96.0 
1530 612389 100.0 
==== END RUN ====
0 1 2.0 
0 7 3.0 
0 13 4.0 
0 42 7.0 
0 149 8.0 
2 1017 9.0 
2 1089 13.0 
42 16829 14.0 
67 26864 15.0 
79 31742 16.0 
106 42403 20.0 
146 58518 22.0 
183 73507 23.0 
219 87946 24.0 
258 103291 25.0 
272 108906 26.0 
287 115121 29.0 
319 127890 31.0 
361 144589 32.0 
368 147489 35.0 
404 161879 36.0 
475 190184 37.0 
488 195209 40.0 
529 211937 41.0 
558 223407 43.0 
581 232718 45.0 
600 240141 46.0 
611 244491 48.0 
652 261040 50.0 
669 267953 52.0 
708 283395 53.0 
726 290743 54.0 
755 302143 55.0 
760 304041 56.0 
809 323817 58.0 
816 326681 59.0 
821 328489 60.0 
836 334698 62.0 
898 359425 64.0 
910 364292 68.0 
998 399441 69.0 
1016 406785 70.0 
1033 413465 71.0 
1039 415996 74.0 
1053 421487 75.0 
1112 444879 78.0 
1162 464963 82.0 
1219 487923 84.0 
1227 490929 85.0 
1282 512839 89.0 
1313 525447 92.0 
1383 553571 93.0 
1411 564641 96.0 
1464 585971 97.0 
1521 608459 100.0 
==== END RUN ====
0 1 1.0 
0 3 2.0 
0 15 4.0 
0 24 5.0 
0 60 7.0 
0 183 8.0 
0 240 9.0 
3 1356 16.0 
82 33098 20.0 
144 57746 21.0 
167 66934 22.0 
169 67667 25.0 
190 76095 27.0 
234 93797 28.0 
264 105738 29.0 
280 112015 30.0 
315 126067 31.0 
326 130682 32.0 
371 148703 33.0 
381 152625 34.0 
406 162577 35.0 
455 182296 39.0 
544 217747 41.0 
550 220161 42.0 
569 227693 44.0 
579 231901 50.0 
621 248451 51.0 
621 248623 52.0 
653 261529 54.0 
729 291904 55.0 
766 306797 58.0 
853 341419 60.0 
888 355595 61.0 
932 372859 62.0 
965 386272 63.0 
975 390299 65.0 
991 396767 70.0 
1065 426099 72.0 
1075 430348 73.0 
1098 439385 74.0 
1161 464577 75.0 
1177 471123 79.0 
1201 480717 80.0 
1250 500095 81.0 
1250 500338 82.0 
1300 520319 83.0 
1341 536740 84.0 
1357 542957 85.0 
1407 563135 86.0 
1437 575033 87.0 
1463 585485 90.0 
1472 589157 91.0 
1561 624765 92.0 
1583 633565 93.0 
1590 636380 94.0 
1646 658765 100.0 
==== END RUN ====
0 1 4.0 
0 17 5.0 
0 109 6.0 
0 268 9.0 
1 581 20.0 
100 40176 23.0 
159 63925 24.0 
187 74863 25.0 
198 79382 27.0 
220 88118 28.0 
230 92276 30.0 
268 107311 36.0 
350 140155 39.0 
389 155721 40.0 
400 160015 42.0 
459 183984 47.0 
534 213794 48.0 
555 222155 49.0 
580 232387 50.0 
583 233508 54.0 
617 247153 56.0 
650 260297 57.0 
653 261431 58.0 
719 287645 59.0 
731 292644 60.0 
744 297603 62.0 
791 316629 63.0 
818 327311 66.0 
855 342019 67.0 
907 363106 68.0 
922 369045 70.0 
963 385599 71.0 
982 393159 72.0 
999 399643 75.0 
1091 436583 79.0 
1193 477225 82.0 
1211 484800 84.0 
1265 506343 86.0 
1342 537179 87.0 
1369 547689 88.0 
1395 558171 91.0 
1505 602387 94.0 
1525 610367 95.0 
1622 649077 99.0 
1624 649603 100.0 
==== END RUN ====
0 1 1.0 
0 11 3.0 
0 13 6.0 
0 47 7.0 
1 649 13.0 
27 10839 15.0 
53 21310 16.0 
75 30269 18.0 
112 45027 19.0 
117 47181 22.0 
152 61137 24.0 
194 77767 26.0 
221 88629 27.0 
274 109874 30.0 
314 125797 34.0 
355 142372 35.0 
371 148511 36.0 
392 157022 39.0 
495 198373 40.0 
532 212947 41.0 
541 216679 44.0 
622 249044 46.0 
638 255377 47.0 
691 276563 48.0 
718 287377 49.0 
733 293377 50.0 
787 314999 51.0 
788 315415 56.0 
889 355924 58.0 
975 390213 61.0 
1014 405958 62.0 
1095 438400 64.0 
1135 454305 67.0 
1192 477051 68.0 
1257 503189 74.0 
1262 505005 75.0 
1336 534673 79.0 
1350 540291 80.0 
1363 545535 81.0 
1386 554792 82.0 
1447 579185 90.0 
1510 604277 91.0 
1551 620643 92.0 
1562 625143 95.0 
1650 660107 97.0 
1660 664389 100.0 
==== END RUN ====
0 1 2.0 
0 16 3.0 
0 48 4.0 
0 100 6.0 
0 196 7.0 
1 661 10.0 
18 7231 13.0 
22 9023 14.0 
29 11871 22.0 
162 64967 28.0 
222 89075 33.0 
304 121834 34.0 
425 170180 35.0 
429 171800 36.0 
429 171866 38.0 
436 174413 39.0 
469 187940 40.0 
497 198996 44.0 
548 219225 46.0 
649 259958 47.0 
660 264329 48.0 
663 265499 49.0 
674 269695 50.0 
699 279801 51.0 
729 291823 53.0 
754 301753 54.0 
757 302833 55.0 
786 314597 56.0 
861 344405 57.0 
936 374627 61.0 
949 379976 67.0 
1057 422853 71.0 
1128 451469 73.0 
1141 456465 78.0 
1249 499627 82.0 
1324 529823 84.0 
1338 535273 85.0 
1362 545051 89.0 
1469 587957 90.0 
1535 614035 91.0 
1554 621847 92.0 
1564 625853 93.0 
1585 634365 94.0 
1665 666191 96.0 
1711 684741 97.0 
1763 705313 98.0 
1810 724287 99.0 
1844 737849 100.0 
==== END RUN ====
0 1 1.0 
0 3 2.0 
0 30 3.0 
0 37 4.0 
0 73 5.0 
0 107 8.0 
0 141 10.0 
2 980 12.0 
16 6725 13.0 
22 8883 15.0 
41 16765 16.0 
43 17517 18.0 
55 22031 21.0 
90 36352 26.0 
178 71466 28.0 
183 73271 30.0 
224 89691 31.0 
245 98205 32.0 
283 113599 35.0 
327 131086 36.0 
329 131840 37.0 
330 132033 38.0 
348 139385 40.0 
365 146237 41.0 
380 152267 42.0 
396 158671 48.0 
466 186525 49.0 
520 208171 51.0 
625 250047 52.0 
641 256628 53.0 
666 266772 54.0 
704 281937 55.0 
755 302105 59.0 
816 326777 62.0 
865 346071 66.0 
885 354071 70.0 
1011 404687 76.0 
1092 437178 77.0 
1137 455005 78.0 
1153 461433 79.0 
1164 465871 80.0 
1232 493117 81.0 
1277 511172 82.0 
1287 515176 90.0 
1369 547968 91.0 
1398 559529 93.0 
1463 585559 95.0 
1478 591303 97.0 
1542 617191 100.0 
==== END RUN ====
0 1 2.0 
0 9 3.0 
0 11 4.0 
0 58 5.0 
0 131 6.0 
1 409 7.0 
1 556 8.0 
1 717 12.0 
11 4662 14.0 
31 12411 16.0 
45 18153 17.0 
52 20949 18.0 
102 40859 19.0 
107 43125 20.0 
112 45119 22.0 
147 59064 23.0 
153 61596 24.0 
156 62590 26.0 
206 82401 27.0 
231 92523 28.0 
260 104302 30.0 
270 108235 31.0 
306 122755 32.0 
335 134201 33.0 
336 134503 36.0 
409 163783 38.0 
417 166895 39.0 
427 171118 41.0 
446 178449 42.0 
464 185649 44.0 
475 190169 45.0 
480 192339 46.0 
535 214145 47.0 
554 221601 49.0 
582 232937 53.0 
597 239030 54.0 
625 250167 55.0 
631 252617 58.0 
665 266291 59.0 
771 308571 60.0 
789 316000 61.0 
792 317023 64.0 
801 320719 71.0 
929 371601 72.0 
943 377471 74.0 
1041 416419 75.0 
1058 423503 76.0 
1123 449536 78.0 
1202 480843 81.0 
1230 492045 82.0 
1245 498055 84.0 
1291 516633 85.0 
1323 529329 87.0 
1387 554879 88.0 
1412 565160 89.0 
1444 577951 91.0 
1507 603149 96.0 
1515 606013 97.0 
1617 646863 99.0 
1652 661191 100.0 
==== END RUN ====
0 1 1.0 
0 5 2.0 
0 20 4.0 
0 93 7.0 
0 223 8.0 
1 407 10.0 
7 3066 12.0 
12 4995 14.0 
22 8895 15.0 
52 21018 18.0 
91 36405 19.0 
113 45424 23.0 
154 61831 26.0 
163 65433 30.0 
287 114867 35.0 
339 135987 36.0 
343 137343 37.0 
367 147035 40.0 
420 168245 44.0 
505 202179 47.0 
514 205709 52.0 
539 215769 53.0 
654 261775 54.0 
655 262310 55.0 
680 272244 56.0 
709 283849 59.0 
713 285257 60.0 
859 343829 61.0 
874 349765 62.0 
956 382635 66.0 
999 399841 67.0 
1008 403453 72.0 
1018 407494 73.0 
1031 412677 74.0 
1044 417849 77.0 
1100 440255 80.0 
1173 469335 82.0 
1192 476825 83.0 
1276 510501 90.0 
1396 558761 91.0 
1415 566071 92.0 
1455 582271 94.0 
1481 592577 95.0 
1589 635829 97.0 
1620 648383 98.0 
1649 659983 99.0 
1651 660781 100.0 
==== END RUN ====
0 1 1.0 
0 3 4.0 
0 5 6.0 
0 179 7.0 
0 183 8.0 
1 489 12.0 
22 9042 13.0 
22 9086 20.0 
128 51497 21.0 
133 53590 22.0 
137 54966 23.0 
177 70839 27.0 
190 76063 32.0 
302 120883 33.0 
307 123151 36.0 
406 162473 41.0 
534 213961 42.0 
536 214437 45.0 
536 214611 46.0 
542 216885 47.0 
544 217938 48.0 
605 242171 49.0 
644 257727 51.0 
646 258595 52.0 
708 283447 56.0 
755 302159 57.0 
776 310453 58.0 
797 318967 59.0 
816 326625 62.0 
869 347825 66.0 
911 364665 68.0 
968 387403 69.0 
994 397867 71.0 
1065 426277 72.0 
1069 427679 73.0 
1079 431871 74.0 
1119 447943 76.0 
1121 448631 82.0 
1264 505695 83.0 
1292 516895 84.0 
1314 525673 85.0 
1322 529143 86.0 
1397 559113 87.0 
1423 569556 88.0 
1435 574343 91.0 
1481 592743 92.0 
1503 601547 93.0 
1545 618279 95.0 
1611 644531 98.0 
1637 655091 100.0 
==== END RUN ====
0 1 1.0 
0 7 2.0 
0 9 3.0 
0 11 5.0 
0 173 9.0 
0 323 10.0 
0 379 11.0 
1 586 13.0 
20 8015 14.0 
54 21617 15.0 
71 28773 18.0 
122 48859 19.0 
134 53681 24.0 
171 68499 25.0 
181 72645 30.0 
238 95580 34.0 
323 129583 35.0 
380 152228 42.0 
445 178275 45.0 
482 193150 50.0 
507 202839 52.0 
628 251331 53.0 
639 255769 56.0 
709 283999 57.0 
737 295189 59.0 
796 318479 60.0 
796 318770 66.0 
931 372721 67.0 
998 399441 68.0 
1004 401933 70.0 
1117 447027 71.0 
1172 469107 73.0 
1187 475087 74.0 
1221 488734 76.0 
1228 491401 78.0 
1259 503885 79.0 
1281 512595 84.0 
1382 553169 85.0 
1430 572350 86.0 
1448 579389 89.0 
1500 600343 90.0 
1552 621141 93.0 
1612 645173 94.0 
1684 673973 100.0 
==== END RUN ====
0 1 3.0 
0 57 6.0 
0 368 7.0 
1 706 8.0 
2 842 9.0 
5 2046 10.0 
14 5824 13.0 
30 12187 15.0 
41 16554 18.0 
88 35267 19.0 
102 41055 21.0 
161 64535 22.0 
163 65548 24.0 
213 85346 26.0 
256 102538 28.0 
338 135207 29.0 
357 142919 30.0 
391 156610 31.0 
395 158219 33.0 
434 173759 34.0 
466 186703 35.0 
511 204610 37.0 
517 206925 39.0 
530 212384 42.0 
542 217108 44.0 
589 235743 46.0 
604 241969 47.0 
609 243859 49.0 
631 252755 50.0 
642 256875 51.0 
701 280623 52.0 
712 285074 58.0 
786 314732 60.0 
802 321122 64.0 
832 333075 65.0 
871 348780 69.0 
892 357117 70.0 
895 358337 73.0 
911 364553 77.0 
996 398521 79.0 
1016 406485 80.0 
1069 427923 81.0 
1092 437145 85.0 
1149 459621 86.0 
1150 460197 92.0 
1226 490417 93.0 
1280 512213 100.0 
==== END RUN ====
0 1 1.0 
0 5 3.0 
0 9 4.0 
0 15 7.0 
0 29 9.0 
11 4665 13.0 
18 7467 21.0 
129 51930 23.0 
140 56384 24.0 
198 79303 27.0 
278 111297 28.0 
278 111410 29.0 
296 118621 30.0 
301 120740 31.0 
315 126180 32.0 
359 143809 33.0 
390 156179 34.0 
403 161437 35.0 
405 162180 36.0 
438 175265 37.0 
459 183985 39.0 
472 189006 42.0 
487 195044 44.0 
574 229765 45.0 
590 236177 50.0 
632 253162 51.0 
641 256505 52.0 
664 265871 53.0 
703 281566 57.0 
769 307924 59.0 
827 331015 61.0 
890 356296 62.0 
893 357203 63.0 
945 378025 64.0 
1116 446659 68.0 
1117 447057 69.0 
1153 461321 70.0 
1200 480336 71.0 
1205 482294 73.0 
1237 494827 75.0 
1280 512257 76.0 
1300 520259 77.0 
1345 538253 78.0 
1351 540715 80.0 
1459 583915 81.0 
1494 597915 82.0 
1544 617959 83.0 
1575 630077 84.0 
1615 646251 87.0 
1717 687135 88.0 
1827 730803 90.0 
1912 764967 91.0 
1986 794689 92.0 
2055 822309 97.0 
2175 870273 98.0 
2207 883137 100.0 
==== END RUN ====
0 1 1.0 
0 3 5.0 
0 11 6.0 
0 34 7.0 
1 567 8.0 
2 809 9.0 
2 1089 15.0 
90 36368 17.0 
101 40628 18.0 
138 55239 19.0 
155 62186 20.0 
155 62345 22.0 
184 73673 23.0 
238 95434 24.0 
238 95437 26.0 
301 120610 27.0 
311 124718 31.0 
328 131584 34.0 
360 144188 36.0 
402 161070 40.0 
441 176563 42.0 
445 178306 44.0 
468 187529 45.0 
535 214297 50.0 
585 234268 53.0 
617 246899 59.0 
759 303649 61.0 
818 327351 62.0 
851 340749 65.0 
901 360689 66.0 
983 393289 70.0 
1056 422746 71.0 
1067 427181 72.0 
1109 443635 75.0 
1135 454293 77.0 
1151 460535 79.0 
1205 482185 80.0 
1229 491869 81.0 
1274 509893 83.0 
1329 531661 86.0 
1408 563347 87.0 
1410 564041 90.0 
1435 574395 91.0 
1459 583933 93.0 
1504 601935 95.0 
1553 621565 100.0 
==== END RUN ====
0 1 1.0 
0 5 2.0 
0 7 4.0 
0 9 5.0 
0 74 7.0 
0 195 8.0 
0 245 15.0 
30 12314 20.0 
122 49031 23.0 
167 66857 26.0 
332 132954 27.0 
343 137497 30.0 
387 155075 32.0 
419 167760 34.0 
450 180226 35.0 
478 191273 38.0 
531 212539 39.0 
573 229444 41.0 
595 238263 42.0 
607 242909 43.0 
636 254467 47.0 
734 293838 49.0 
752 301013 52.0 
803 321471 56.0 
835 334247 57.0 
878 351431 58.0 
893 357235 61.0 
956 382509 63.0 
1033 413541 64.0 
1040 416139 66.0 
1048 419247 67.0 
1134 453653 68.0 
1174 469935 69.0 
1189 475873 70.0 
1279 511927 75.0 
1374 549999 79.0 
1455 582303 81.0 
1504 601927 83.0 
1571 628725 84.0 
1574 629925 85.0 
1575 630141 86.0 
1653 661497 91.0 
1696 678533 95.0 
1723 689581 98.0 
1774 709711 100.0 
==== END RUN ====
0 1 3.0 
0 7 8.0 
0 40 9.0 
1 527 10.0 
5 2081 13.0 
26 10472 16.0 
64 25755 17.0 
72 28915 18.0 
121 48566 19.0 
132 52903 20.0 
160 64177 21.0 
181 72737 24.0 
247 98881 29.0 
275 110185 30.0 
361 144660 32.0 
455 182311 34.0 
455 182331 40.0 
526 210743 42.0 
530 212147 45.0 
535 214214 46.0 
590 236200 49.0 
659 263647 50.0 
685 274271 52.0 
755 302266 54.0 
785 314271 57.0 
888 355468 58.0 
913 365437 60.0 
957 382919 67.0 
1059 423992 69.0 
1091 436627 71.0 
1155 462359 74.0 
1185 474141 75.0 
1269 507903 77.0 
1278 511503 79.0 
1367 547164 81.0 
1374 549950 83.0 
1460 584269 85.0 
1506 602515 86.0 
1566 626559 87.0 
1615 646347 89.0 
1677 671145 90.0 
1728 691471 93.0 
1805 722337 95.0 
1955 782399 96.0 
1972 789175 98.0 
2007 803077 100.0 
==== END RUN ====
0 1 2.0 
0 5 3.0 
0 33 4.0 
0 58 5.0 
0 114 6.0 
0 154 9.0 
2 898 13.0 
4 1748 14.0 
62 25025 15.0 
71 28524 17.0 
95 38276 18.0 
141 56461 24.0 
183 73319 27.0 
218 87215 30.0 
282 112932 31.0 
326 130636 32.0 
330 132399 34.0 
373 149273 35.0 
379 151837 36.0 
412 164962 37.0 
421 168738 38.0 
453 181233 39.0 
456 182621 40.0 
495 198313 42.0 
539 215755 43.0 
590 236129 45.0 
622 248867 47.0 
649 259925 49.0 
720 288239 50.0 
760 304378 51.0 
785 314017 55.0 
829 331791 57.0 
921 368629 58.0 
967 387054 60.0 
1044 417979 61.0 
1062 425041 62.0 
1123 449247 64.0 
1131 452627 67.0 
1221 488780 68.0 
1237 495090 70.0 
1317 527035 73.0 
1368 547217 74.0 
1378 551542 75.0 
1438 575247 76.0 
1505 602283 77.0 
1513 605459 82.0 
1551 620421 85.0 
1607 642809 88.0 
1631 652741 89.0 
1698 679543 91.0 
1756 702681 92.0 
1764 705839 93.0 
1800 720347 94.0 
1836 734767 95.0 
1899 759805 96.0 
1929 771745 97.0 
1977 790855 98.0 
1988 795583 99.0 
2054 821929 100.0 
==== END RUN ====
0 1 3.0 
0 22 5.0 
0 124 7.0 
1 624 8.0 
2 1002 9.0 
4 1934 10.0 
10 4352 13.0 
14 5812 16.0 
68 27549 17.0 
103 41286 21.0 
144 57807 22.0 
166 66774 24.0 
214 85891 27.0 
257 103063 29.0 
346 138755 30.0 
363 145528 32.0 
391 156411 34.0 
416 166527 37.0 
464 185733 38.0 
505 202125 39.0 
549 219905 45.0 
569 227661 46.0 
598 239519 47.0 
724 289891 50.0 
792 316803 52.0 
804 321997 54.0 
820 328375 56.0 
900 360337 57.0 
903 361552 61.0 
987 395133 62.0 
1006 402705 65.0 
1040 416311 67.0 
1057 423075 69.0 
1058 423539 73.0 
1107 443191 76.0 
1151 460655 78.0 
1241 496705 80.0 
1288 515578 81.0 
1364 545885 82.0 
1376 550727 83.0 
1378 551451 85.0 
1423 569221 88.0 
1463 585493 89.0 
1468 587577 92.0 
1470 588387 93.0 
1502 601089 95.0 
1662 665199 96.0 
1791 716787 97.0 
1824 729985 98.0 
1907 763123 100.0 
==== END RUN ====
0 1 2.0 
0 13 4.0 
0 34 8.0 
0 140 9.0 
1 702 12.0 
11 4532 15.0 
69 27807 19.0 
97 39187 20.0 
106 42653 22.0 
114 45825 23.0 
146 58471 27.0 
207 83110 28.0 
209 83840 31.0 
276 110639 32.0 
280 112312 34.0 
318 127529 35.0 
388 155376 36.0 
413 165243 37.0 
422 169053 38.0 
440 176297 40.0 
460 184366 41.0 
527 211068 46.0 
562 225118 51.0 
617 246977 52.0 
618 247249 55.0 
712 284807 57.0 
772 309147 58.0 
800 320390 62.0 
859 343843 63.0 
917 366875 64.0 
936 374401 65.0 
945 378219 68.0 
963 385504 69.0 
1017 407071 70.0 
1036 414669 72.0 
1043 417563 73.0 
1072 428951 74.0 
1101 440689 76.0 
1107 442861 77.0 
1125 450227 81.0 
1167 467172 85.0 
1238 495489 86.0 
1256 502501 87.0 
1351 540573 89.0 
1367 547157 93.0 
1403 561551 94.0 
1424 569991 96.0 
1526 610659 98.0 
1603 641595 100.0 
==== END RUN ====
0 1 1.0 
0 3 2.0 
0 9 5.0 
0 129 6.0 
0 239 7.0 
0 270 8.0 
1 657 9.0 
2 1033 10.0 
10 4352 11.0 
15 6059 12.0 
15 6075 14.0 
39 15952 15.0 
50 20183 16.0 
73 29299 19.0 
78 31286 20.0 
157 62935 21.0 
162 65070 22.0 
192 77141 23.0 
201 80407 24.0 
218 87302 25.0 
242 96877 26.0 
242 97107 32.0 
294 117707 33.0 
307 123061 35.0 
348 139331 36.0 
352 140954 38.0 
363 145517 39.0 
417 167026 40.0 
439 175972 41.0 
476 190455 43.0 
527 210963 47.0 
532 213148 51.0 
580 232360 56.0 
647 259138 59.0 
697 279031 60.0 
712 285086 62.0 
754 301753 63.0 
758 303417 64.0 
856 342657 67.0 
911 364713 68.0 
944 377859 69.0 
1028 411479 70.0 
1061 424509 72.0 
1157 462867 76.0 
1200 480396 77.0 
1232 492851 80.0 
1239 495711 83.0 
1257 502855 86.0 
1324 529863 87.0 
1361 544535 88.0 
1405 562119 90.0 
1464 585781 91.0 
1519 607633 92.0 
1634 653949 96.0 
1658 663565 99.0 
1723 689555 100.0 
==== END RUN ====
0 1 1.0 
0 3 2.0 
0 5 4.0 
0 87 7.0 
0 91 9.0 
1 427 10.0 
2 1185 12.0 
21 8586 15.0 
55 22262 16.0 
72 28956 18.0 
100 40071 20.0 
120 48059 22.0 
143 57259 24.0 
170 68021 27.0 
246 98473 30.0 
249 99717 31.0 
295 118121 33.0 
385 154115 35.0 
392 156919 38.0 
453 181494 43.0 
552 221023 45.0 
604 241715 46.0 
636 254596 48.0 
651 260716 49.0 
691 276733 50.0 
703 281469 51.0 
714 285769 53.0 
764 305948 55.0 
783 313489 61.0 
843 337544 62.0 
904 361917 63.0 
959 383763 65.0 
983 393449 66.0 
1039 415853 67.0 
1063 425225 71.0 
1152 461085 74.0 
1224 489869 76.0 
1249 499615 77.0 
1330 532354 78.0 
1337 534995 79.0 
1394 557913 80.0 
1468 587519 85.0 
1526 610717 86.0 
1541 616733 88.0 
1581 632798 89.0 
1598 639564 90.0 
1642 656931 91.0 
1711 684413 93.0 
1727 690975 94.0 
1774 709977 96.0 
1809 723943 97.0 
1841 736775 99.0 
1878 751331 100.0 
==== END RUN ====
0 1 1.0 
0 12 2.0 
0 20 3.0 
0 72 4.0 
0 170 7.0 
0 328 8.0 
1 670 10.0 
11 4487 11.0 
14 5698 12.0 
20 8218 15.0 
40 16230 16.0 
61 24455 17.0 
90 36049 20.0 
107 43097 22.0 
159 63645 23.0 
196 78445 24.0 
203 81379 25.0 
227 91016 26.0 
238 95235 28.0 
252 101126 31.0 
281 112766 32.0 
295 118247 33.0 
324 129931 35.0 
345 138355 36.0 
347 138873 39.0 
397 158919 40.0 
399 159759 47.0 
569 227992 48.0 
594 237647 49.0 
598 239219 50.0 
600 240330 51.0 
601 240762 53.0 
634 253765 55.0 
653 261542 56.0 
673 269219 58.0 
689 275807 63.0 
708 283399 64.0 
744 297795 67.0 
776 310411 68.0 
786 314613 70.0 
854 341681 73.0 
872 349175 77.0 
899 359869 78.0 
954 381795 79.0 
1004 401911 82.0 
1097 439162 85.0 
1139 455849 93.0 
1166 466723 96.0 
1190 476295 98.0 
1305 522299 99.0 
1305 522357 100.0 
==== END RUN ====
0 1 1.0 
0 5 12.0 
9 3637 13.0 
10 4257 14.0 
14 5931 16.0 
86 34684 21.0 
128 51518 24.0 
174 69792 25.0 
227 90994 29.0 
291 116698 30.0 
309 123881 33.0 
407 162901 34.0 
423 169469 37.0 
458 183445 38.0 
485 194239 39.0 
498 199323 40.0 
505 202361 41.0 
578 231377 42.0 
602 241085 43.0 
636 254425 44.0 
670 268117 45.0 
686 274565 46.0 
718 287578 47.0 
739 295974 48.0 
798 319403 51.0 
841 336595 52.0 
881 352737 53.0 
918 367399 55.0 
929 371815 56.0 
964 385993 59.0 
984 393607 62.0 
1011 404753 64.0 
1024 409885 66.0 
1119 447865 70.0 
1154 461954 71.0 
1217 487075 73.0 
1297 519085 75.0 
1298 519281 77.0 
1320 528332 78.0 
1437 575091 79.0 
1463 585531 80.0 
1489 595723 81.0 
1491 596717 85.0 
1573 629517 87.0 
1595 638189 91.0 
1694 677839 97.0 
1698 679599 100.0 
==== END RUN ====
0 1 2.0 
0 9 5.0 
0 33 6.0 
0 69 7.0 
0 131 9.0 
1 405 10.0 
14 5732 11.0 
20 8260 13.0 
42 16963 15.0 
45 18305 17.0 
91 36451 18.0 
101 40702 20.0 
150 60196 22.0 
176 70465 24.0 
178 71590 25.0 
276 110613 27.0 
300 120211 28.0 
303 121496 32.0 
348 139299 35.0 
395 158225 36.0 
413 165301 38.0 
457 183079 41.0 
461 184599 42.0 
478 191533 44.0 
527 210955 45.0 
580 232188 46.0 
615 246330 47.0 
616 246615 49.0 
617 247140 58.0 
756 302443 59.0 
778 311465 62.0 
802 321199 63.0 
858 343227 66.0 
937 375069 68.0 
955 382352 71.0 
973 389401 76.0 
1109 443685 77.0 
1151 460711 79.0 
1237 495117 80.0 
1296 518719 84.0 
1394 557950 85.0 
1399 559815 87.0 
1462 584851 89.0 
1551 620659 90.0 
1560 624351 91.0 
1689 675903 93.0 
1739 695967 95.0 
1771 708765 96.0 
1781 712751 99.0 
1805 722273 100.0 
==== END RUN ====
0 1 3.0 
0 28 4.0 
0 147 6.0 
0 176 7.0 
1 619 10.0 
8 3433 12.0 
21 8771 14.0 
68 27283 15.0 
77 31100 16.0 
79 31663 17.0 
85 34051 19.0 
89 35963 21.0 
169 67847 22.0 
190 76191 23.0 
203 81253 24.0 
221 88525 26.0 
259 103623 28.0 
261 104421 31.0 
327 131173 38.0 
479 191731 39.0 
488 195327 41.0 
523 209255 42.0 
557 222965 43.0 
589 235997 44.0 
636 254703 47.0 
674 269967 48.0 
737 294975 54.0 
842 336987 55.0 
844 337950 56.0 
937 375023 59.0 
1002 401073 61.0 
1063 425287 63.0 
1082 432807 64.0 
1122 448913 70.0 
1233 493593 71.0 
1240 496363 72.0 
1273 509481 73.0 
1326 530689 76.0 
1398 559577 77.0 
1430 572311 78.0 
1502 601190 82.0 
1507 603183 83.0 
1557 623133 84.0 
1675 670333 85.0 
1686 674737 86.0 
1750 700151 88.0 
1759 703937 90.0 
1785 714147 92.0 
1818 727509 95.0 
1878 751321 97.0 
1919 767994 98.0 
1927 771089 99.0 
2022 809197 100.0 
==== END RUN ====
0 1 1.0 
0 3 3.0 
0 53 5.0 
0 124 6.0 
0 139 7.0 
0 142 8.0 
2 809 9.0 
6 2711 10.0 
8 3417 11.0 
10 4388 15.0 
74 29719 16.0 
87 35046 18.0 
88 35453 20.0 
131 52546 21.0 
169 67781 22.0 
210 84200 23.0 
219 87958 24.0 
230 92304 25.0 
235 94243 26.0 
239 95711 35.0 
395 158218 38.0 
419 167809 39.0 
479 191960 40.0 
485 194395 43.0 
513 205349 44.0 
556 222710 46.0 
586 234761 51.0 
662 265190 54.0 
706 282738 55.0 
723 289357 59.0 
823 329584 60.0 
848 339223 63.0 
903 361443 64.0 
923 369229 67.0 
988 395549 70.0 
1019 407619 72.0 
1045 418304 75.0 
1092 436965 78.0 
1141 456577 79.0 
1149 459925 85.0 
1237 495192 88.0 
1267 507119 94.0 
1352 541153 96.0 
1461 584685 99.0 
1491 596787 100.0 
==== END RUN ====
0 1 2.0 
0 11 6.0 
0 17 9.0 
1 516 12.0 
3 1372 13.0 
17 6953 14.0 
25 10337 16.0 
34 13814 19.0 
55 22158 20.0 
110 44376 21.0 
129 51936 23.0 
137 55002 26.0 
156 62616 28.0 
237 94889 30.0 
277 110829 31.0 
303 121325 35.0 
353 141223 36.0 
353 141460 38.0 
394 157920 39.0 
413 165269 40.0 
429 171816 41.0 
467 187097 42.0 
475 190167 44.0 
516 206749 46.0 
561 224443 48.0 
567 227148 49.0 
587 235197 50.0 
605 242167 52.0 
664 265959 54.0 
679 271751 55.0 
712 284825 56.0 
837 335158 57.0 
862 345009 59.0 
881 352707 61.0 
979 391839 62.0 
981 392678 63.0 
1030 412364 65.0 
1149 459911 66.0 
1189 475985 67.0 
1252 501159 68.0 
1321 528585 70.0 
1329 531881 73.0 
1428 571514 75.0 
1484 593989 78.0 
1510 604159 79.0 
1537 615157 80.0 
1548 619213 81.0 
1578 631265 84.0 
1585 634397 85.0 
1619 647953 86.0 
1687 674905 87.0 
1718 687337 89.0 
1765 706163 90.0 
1772 709166 91.0 
1775 710165 93.0 
1810 724331 96.0 
1837 735089 100.0 
==== END RUN ====
