0 1 3.0 
0 7 5.0 
0 152 8.0 
0 291 9.0 
4 3499 10.0 
20 16126 12.0 
20 16404 13.0 
43 34511 14.0 
80 64113 15.0 
==== END RUN ====
0 1 1.0 
0 9 6.0 
0 11 8.0 
0 207 9.0 
0 428 12.0 
4 3733 13.0 
4 3771 14.0 
7 6203 15.0 
11 8917 18.0 
12 9799 20.0 
20 16161 21.0 
==== END RUN ====
0 1 1.0 
0 5 2.0 
0 13 4.0 
0 27 6.0 
0 29 10.0 
0 354 14.0 
0 594 16.0 
21 16921 19.0 
==== END RUN ====
0 1 1.0 
0 3 3.0 
0 27 4.0 
0 61 5.0 
0 135 7.0 
0 426 8.0 
0 504 10.0 
1 1227 11.0 
2 1735 12.0 
2 1753 17.0 
2 2064 18.0 
20 16145 22.0 
==== END RUN ====
0 1 2.0 
0 25 5.0 
0 156 10.0 
1 895 15.0 
27 21721 16.0 
44 35906 17.0 
50 40143 19.0 
==== END RUN ====
0 1 1.0 
0 3 2.0 
0 15 3.0 
0 19 4.0 
0 33 5.0 
0 87 11.0 
15 12089 12.0 
16 12895 14.0 
90 72093 16.0 
4432 3545691 17.0 
==== END RUN ====
0 1 1.0 
0 5 2.0 
0 13 4.0 
0 103 5.0 
0 109 7.0 
0 203 8.0 
0 280 12.0 
1 1008 15.0 
2 1613 17.0 
2 2326 19.0 
9 7353 20.0 
9 7359 21.0 
==== END RUN ====
0 1 3.0 
0 9 7.0 
0 371 9.0 
0 740 11.0 
4 3249 16.0 
4 3609 17.0 
32 25661 18.0 
33 27172 19.0 
39 31359 20.0 
139 111359 21.0 
==== END RUN ====
0 1 7.0 
0 91 8.0 
1 1446 10.0 
1 1555 12.0 
2 2354 14.0 
50 40117 17.0 
53 42519 20.0 
57 45717 21.0 
68 54575 22.0 
83 66573 23.0 
==== END RUN ====
0 1 4.0 
0 11 7.0 
0 109 9.0 
1 1280 10.0 
2 1645 13.0 
9 7727 16.0 
15 12105 17.0 
33 26537 18.0 
==== END RUN ====
0 1 2.0 
0 9 3.0 
0 17 5.0 
0 23 8.0 
0 373 9.0 
0 451 11.0 
1 1119 12.0 
35 28097 14.0 
==== END RUN ====
0 1 1.0 
0 5 2.0 
0 11 3.0 
0 23 4.0 
0 27 5.0 
0 57 6.0 
0 84 9.0 
0 164 10.0 
19 15283 14.0 
23 18485 17.0 
24 19283 19.0 
35 28099 20.0 
66 52963 21.0 
==== END RUN ====
0 1 1.0 
0 3 2.0 
0 11 4.0 
0 68 5.0 
0 156 7.0 
0 262 18.0 
9 7772 19.0 
10 8083 22.0 
27 21777 24.0 
50 40193 29.0 
60 48197 30.0 
==== END RUN ====
0 1 3.0 
0 3 5.0 
0 103 6.0 
0 475 7.0 
1 953 9.0 
1 1481 15.0 
28 22515 17.0 
46 37022 18.0 
58 46549 19.0 
60 48149 22.0 
96 76977 23.0 
142 113785 24.0 
==== END RUN ====
0 1 7.0 
0 73 8.0 
0 276 13.0 
13 10507 15.0 
14 11305 16.0 
19 15311 17.0 
29 23309 18.0 
48 38547 19.0 
93 74555 20.0 
==== END RUN ====
0 1 2.0 
0 21 5.0 
0 25 13.0 
0 493 14.0 
36 28917 16.0 
62 49713 20.0 
5681 4544917 22.0 
==== END RUN ====
0 1 2.0 
0 3 3.0 
0 27 4.0 
0 55 5.0 
0 101 6.0 
0 432 7.0 
0 593 8.0 
1 837 9.0 
1 1308 11.0 
1 1355 12.0 
1 1482 13.0 
4 3245 15.0 
5 4121 17.0 
11 8943 20.0 
66 52963 21.0 
==== END RUN ====
0 1 3.0 
0 11 4.0 
0 60 5.0 
0 246 6.0 
0 350 7.0 
0 546 12.0 
14 11761 14.0 
35 28119 16.0 
==== END RUN ====
0 1 1.0 
0 5 2.0 
0 9 6.0 
0 510 9.0 
0 799 10.0 
1 1078 12.0 
3 2469 13.0 
4 3267 14.0 
13 10515 16.0 
==== END RUN ====
0 1 1.0 
0 7 3.0 
0 31 4.0 
0 50 6.0 
0 100 7.0 
0 588 8.0 
1 835 9.0 
2 1675 11.0 
2 1871 12.0 
6 4903 13.0 
8 6499 14.0 
8 6501 15.0 
9 7303 17.0 
39 31341 18.0 
55 44147 20.0 
==== END RUN ====
0 1 5.0 
0 43 7.0 
0 219 8.0 
0 485 10.0 
1 958 11.0 
1 1157 12.0 
1 1533 13.0 
47 37695 15.0 
==== END RUN ====
0 1 2.0 
0 13 3.0 
0 21 4.0 
0 33 6.0 
0 291 8.0 
0 598 10.0 
1 1181 12.0 
2 1605 14.0 
3 2642 16.0 
3 3031 17.0 
11 8937 19.0 
25 20143 20.0 
31 24955 21.0 
46 36975 22.0 
==== END RUN ====
0 1 2.0 
0 15 3.0 
0 85 7.0 
0 97 15.0 
15 12107 17.0 
29 23337 18.0 
72 57749 22.0 
==== END RUN ====
0 1 1.0 
0 3 2.0 
0 13 5.0 
0 217 6.0 
0 352 7.0 
0 503 10.0 
1 1560 12.0 
3 2684 14.0 
9 7297 16.0 
17 13729 17.0 
59 47343 18.0 
82 65747 20.0 
3281 2624951 22.0 
==== END RUN ====
0 1 2.0 
0 15 5.0 
0 95 10.0 
0 268 11.0 
42 34262 12.0 
61 48889 14.0 
87 69715 19.0 
==== END RUN ====
0 1 1.0 
0 3 3.0 
0 7 4.0 
0 39 6.0 
0 178 8.0 
0 597 10.0 
4 3727 11.0 
6 4968 13.0 
6 5363 18.0 
12 9749 19.0 
62 49759 22.0 
66 52955 24.0 
789 631355 29.0 
==== END RUN ====
0 1 1.0 
0 5 4.0 
0 31 7.0 
0 175 8.0 
1 821 9.0 
2 1726 11.0 
3 2533 12.0 
3 3000 13.0 
6 5277 14.0 
17 13719 18.0 
==== END RUN ====
0 1 1.0 
0 3 4.0 
0 7 6.0 
0 11 7.0 
0 29 11.0 
1 1030 20.0 
3 3035 21.0 
5 4429 22.0 
25 20177 24.0 
==== END RUN ====
0 1 2.0 
0 15 3.0 
0 17 5.0 
0 194 7.0 
0 312 8.0 
3 2441 10.0 
3 2499 11.0 
5 4102 12.0 
5 4120 14.0 
14 11313 16.0 
==== END RUN ====
0 1 1.0 
0 3 2.0 
0 5 3.0 
0 27 5.0 
0 171 7.0 
0 391 12.0 
62 49689 17.0 
==== END RUN ====
0 1 1.0 
0 5 2.0 
0 9 3.0 
0 15 4.0 
0 27 5.0 
0 33 10.0 
0 547 11.0 
1 1333 13.0 
2 1723 14.0 
2 1921 15.0 
2 1950 18.0 
2 1978 22.0 
892 713775 23.0 
1014 811369 24.0 
==== END RUN ====
0 1 2.0 
0 5 5.0 
0 19 6.0 
0 210 7.0 
0 459 8.0 
0 594 9.0 
1 809 10.0 
1 932 12.0 
3 2449 13.0 
6 4899 14.0 
8 6513 15.0 
10 8115 16.0 
35 28129 18.0 
51 40947 20.0 
84 67365 23.0 
==== END RUN ====
0 1 1.0 
0 3 3.0 
0 13 4.0 
0 77 5.0 
0 126 6.0 
0 574 7.0 
1 829 8.0 
1 1464 11.0 
3 2657 12.0 
4 3397 14.0 
5 4310 22.0 
12 9781 23.0 
13 10581 25.0 
51 41003 27.0 
==== END RUN ====
0 1 1.0 
0 5 3.0 
0 27 4.0 
0 29 5.0 
0 35 6.0 
0 69 7.0 
0 312 12.0 
2 1683 14.0 
2 1769 16.0 
4 3285 23.0 
16 12991 27.0 
==== END RUN ====
0 1 2.0 
0 5 4.0 
0 101 5.0 
0 195 9.0 
3 3025 10.0 
26 20881 15.0 
31 25262 17.0 
33 26992 18.0 
77 61745 23.0 
==== END RUN ====
0 1 2.0 
0 7 3.0 
0 15 6.0 
0 161 10.0 
1 1098 11.0 
4 3556 12.0 
12 9673 13.0 
45 36107 14.0 
56 44919 16.0 
82 65735 20.0 
85 68131 21.0 
==== END RUN ====
0 1 1.0 
0 7 2.0 
0 17 4.0 
0 27 5.0 
0 39 7.0 
0 159 11.0 
3 3171 12.0 
5 4424 13.0 
14 11307 14.0 
==== END RUN ====
0 1 4.0 
0 33 5.0 
0 116 6.0 
0 433 7.0 
0 509 8.0 
1 1536 10.0 
2 1793 11.0 
4 3201 14.0 
21 16891 19.0 
29 23355 21.0 
60 48175 22.0 
==== END RUN ====
0 1 3.0 
0 23 4.0 
0 70 5.0 
0 103 6.0 
0 162 9.0 
1 1053 11.0 
10 8067 13.0 
21 16909 15.0 
33 26507 19.0 
49 39321 20.0 
61 48967 21.0 
==== END RUN ====
0 1 4.0 
0 3 8.0 
0 91 12.0 
2 1611 15.0 
2 1968 17.0 
6 5177 18.0 
13 10493 20.0 
18 14567 21.0 
20 16163 22.0 
23 18567 23.0 
48 38585 26.0 
60 48187 28.0 
558 446591 30.0 
685 548185 34.0 
==== END RUN ====
0 1 4.0 
0 35 6.0 
0 79 11.0 
38 30489 12.0 
38 30491 13.0 
40 32089 14.0 
==== END RUN ====
0 1 1.0 
0 5 2.0 
0 23 3.0 
0 34 4.0 
0 48 5.0 
0 111 8.0 
2 2010 9.0 
7 5679 10.0 
11 8873 14.0 
22 17713 16.0 
==== END RUN ====
0 1 2.0 
0 3 3.0 
0 11 7.0 
0 331 8.0 
0 411 9.0 
2 2097 14.0 
5 4087 15.0 
7 5721 16.0 
7 5725 17.0 
8 6527 19.0 
38 30553 20.0 
68 54561 23.0 
==== END RUN ====
0 1 8.0 
0 33 9.0 
2 1782 12.0 
2 2248 16.0 
10 8698 18.0 
26 20951 19.0 
33 26547 21.0 
==== END RUN ====
0 1 1.0 
0 3 2.0 
0 5 3.0 
0 19 7.0 
0 142 8.0 
0 407 11.0 
0 718 12.0 
1 1127 13.0 
2 2232 14.0 
7 5965 16.0 
12 9735 17.0 
798 638529 21.0 
1499 1199329 23.0 
==== END RUN ====
0 1 2.0 
0 13 3.0 
0 17 5.0 
0 67 7.0 
0 69 9.0 
0 382 10.0 
0 701 13.0 
2 1770 14.0 
38 30495 16.0 
69 55749 21.0 
83 66575 22.0 
==== END RUN ====
0 1 1.0 
0 3 2.0 
0 5 4.0 
0 25 5.0 
0 89 6.0 
0 176 7.0 
0 635 14.0 
==== END RUN ====
0 1 1.0 
0 3 2.0 
0 13 3.0 
0 17 8.0 
0 76 9.0 
0 400 13.0 
18 14503 15.0 
53 42523 17.0 
96 76941 18.0 
119 95347 20.0 
==== END RUN ====
0 1 1.0 
0 3 5.0 
0 25 8.0 
0 398 12.0 
3 2485 15.0 
4 3973 17.0 
8 6537 18.0 
29 23349 24.0 
48 38491 25.0 
57 45801 28.0 
==== END RUN ====
0 1 3.0 
0 31 5.0 
0 183 7.0 
1 821 8.0 
1 933 9.0 
1 1068 13.0 
2 2277 15.0 
3 2845 17.0 
5 4560 18.0 
9 7339 20.0 
23 18565 21.0 
34 27375 22.0 
35 28171 24.0 
62 49797 29.0 
==== END RUN ====
