0 1 0.0 
0 19 1.0 
0 1845 2.0 
5 16459 3.0 
260 832541 4.0 
==== END RUN ====
0 1 0.0 
0 27 1.0 
0 1284 2.0 
1 5291 3.0 
3 12175 4.0 
11 35859 5.0 
91 292242 6.0 
==== END RUN ====
0 1 0.0 
0 9 1.0 
0 417 2.0 
2 6639 3.0 
4 13043 4.0 
14 45489 5.0 
529 1693721 6.0 
==== END RUN ====
0 1 0.0 
0 7 2.0 
3 9775 3.0 
4 14342 4.0 
6 21578 5.0 
12 39329 6.0 
==== END RUN ====
0 1 0.0 
0 33 1.0 
0 169 3.0 
34 108851 4.0 
37 118567 5.0 
42 135386 6.0 
43 139268 7.0 
158 506869 8.0 
271 868561 9.0 
==== END RUN ====
0 1 0.0 
0 67 1.0 
0 484 2.0 
4 13913 3.0 
12 38501 4.0 
17 55688 5.0 
26 84081 6.0 
36 116223 7.0 
==== END RUN ====
0 1 0.0 
0 3 1.0 
1 3479 2.0 
2 6705 3.0 
8 26001 4.0 
22 71183 5.0 
55 176835 6.0 
==== END RUN ====
0 1 0.0 
0 45 1.0 
0 187 2.0 
5 16251 3.0 
6 19729 4.0 
14 45569 6.0 
==== END RUN ====
0 1 0.0 
0 13 1.0 
0 972 3.0 
2 7883 4.0 
7104 22733367 5.0 
==== END RUN ====
0 1 0.0 
0 19 1.0 
0 221 2.0 
1 4536 3.0 
3 11428 4.0 
12 39145 5.0 
1408 4506987 6.0 
1430 4577117 7.0 
==== END RUN ====
0 1 0.0 
0 47 1.0 
0 957 3.0 
3 11870 4.0 
==== END RUN ====
0 1 0.0 
0 3 1.0 
0 175 2.0 
3 11903 3.0 
17 57215 4.0 
40 129930 5.0 
107 343303 6.0 
==== END RUN ====
0 1 0.0 
0 9 2.0 
2 9448 3.0 
7 22673 4.0 
8 26355 5.0 
13 42031 6.0 
412 1319387 7.0 
==== END RUN ====
0 1 0.0 
0 97 1.0 
0 505 2.0 
2 7325 3.0 
30 97696 4.0 
77 246751 5.0 
95 304119 6.0 
106 340203 7.0 
6370 20384999 8.0 
==== END RUN ====
0 1 0.0 
0 5 1.0 
0 1543 2.0 
3 10606 3.0 
6 19703 4.0 
6 20790 5.0 
13 42475 6.0 
47 151237 7.0 
65 209277 8.0 
76 244631 9.0 
280 897415 10.0 
==== END RUN ====
0 1 0.0 
0 13 1.0 
0 667 2.0 
1 3411 3.0 
6 19785 4.0 
9 29437 5.0 
11 35791 6.0 
18 58705 7.0 
==== END RUN ====
0 1 0.0 
0 15 1.0 
0 127 2.0 
1 5559 3.0 
10 32499 4.0 
17 56015 5.0 
766 2452095 6.0 
==== END RUN ====
0 1 0.0 
0 67 1.0 
0 1272 2.0 
3 10807 3.0 
40 128559 4.0 
665 2128745 5.0 
672 2151267 7.0 
678 2170479 8.0 
==== END RUN ====
0 1 0.0 
0 33 1.0 
0 2248 2.0 
2 7171 3.0 
4 15010 4.0 
5 17229 5.0 
8 25603 6.0 
10 33781 8.0 
38 122923 9.0 
99 319229 10.0 
==== END RUN ====
0 1 0.0 
0 25 1.0 
0 466 2.0 
13 43032 3.0 
18 57965 5.0 
21 68127 6.0 
==== END RUN ====
0 1 0.0 
0 35 1.0 
0 107 2.0 
5 17630 3.0 
12 38935 4.0 
20 66386 5.0 
26 84059 6.0 
649 2077913 7.0 
3495 11185167 8.0 
8459 27070125 9.0 
==== END RUN ====
0 1 0.0 
0 25 1.0 
0 2380 2.0 
7 25116 3.0 
11 35979 4.0 
26 85207 5.0 
54 173611 6.0 
63 202569 7.0 
70 225221 8.0 
==== END RUN ====
0 1 0.0 
0 27 1.0 
0 420 2.0 
19 61149 3.0 
98 314277 4.0 
114 365529 5.0 
130 416837 6.0 
138 442437 7.0 
==== END RUN ====
0 1 0.0 
0 19 1.0 
0 713 2.0 
3 11735 3.0 
6 19701 4.0 
13 42255 5.0 
15 48221 6.0 
16 52283 7.0 
==== END RUN ====
0 1 0.0 
0 9 1.0 
0 409 3.0 
3 10676 4.0 
16 52057 5.0 
19 62175 6.0 
24 79200 7.0 
==== END RUN ====
0 1 0.0 
0 13 1.0 
0 1460 2.0 
3 10112 3.0 
17 57459 4.0 
100 320643 5.0 
2859 9149737 6.0 
2907 9303365 7.0 
2907 9303373 8.0 
==== END RUN ====
0 1 0.0 
0 37 1.0 
0 712 2.0 
4 13732 3.0 
8 26087 4.0 
==== END RUN ====
0 1 0.0 
0 19 1.0 
0 2443 2.0 
8 25959 4.0 
63 202249 5.0 
81 260139 6.0 
172 551397 7.0 
3652 11687577 8.0 
==== END RUN ====
0 1 0.0 
0 63 1.0 
0 2322 2.0 
24 77253 3.0 
63 202420 4.0 
67 216638 5.0 
154 493703 6.0 
==== END RUN ====
0 1 0.0 
0 31 1.0 
0 457 2.0 
4 14165 3.0 
8 28123 4.0 
19 61403 5.0 
52 167203 6.0 
==== END RUN ====
0 1 0.0 
0 7 1.0 
0 1459 2.0 
2 9327 3.0 
3 12317 4.0 
15 48711 5.0 
18 58321 7.0 
233 746861 8.0 
==== END RUN ====
0 1 0.0 
0 7 1.0 
0 678 2.0 
2 6519 3.0 
3 10564 4.0 
6 19523 5.0 
==== END RUN ====
0 1 0.0 
0 5 1.0 
0 2221 2.0 
2 8433 3.0 
11 35765 4.0 
4738 15162287 5.0 
==== END RUN ====
0 1 0.0 
0 51 1.0 
0 1783 2.0 
1 5256 3.0 
29 93361 4.0 
5375 17200695 5.0 
==== END RUN ====
0 1 0.0 
0 29 1.0 
0 2112 2.0 
1 3631 3.0 
3 12426 4.0 
4 15143 5.0 
6 20742 6.0 
7 22477 7.0 
16 54088 8.0 
88 282969 9.0 
==== END RUN ====
0 1 0.0 
0 17 1.0 
0 2012 2.0 
2 9074 3.0 
10 32485 4.0 
123 394161 5.0 
175 560821 6.0 
239 765793 7.0 
255 817247 8.0 
2559 8190171 9.0 
==== END RUN ====
0 1 0.0 
0 3 1.0 
0 1796 2.0 
2 6869 3.0 
4 13677 5.0 
220 704803 6.0 
224 717797 7.0 
==== END RUN ====
0 1 1.0 
0 473 2.0 
2 8801 3.0 
3 10466 4.0 
11 35947 5.0 
18 58473 6.0 
==== END RUN ====
0 1 0.0 
0 47 1.0 
0 125 2.0 
2 7407 3.0 
111 355747 4.0 
717 2295043 5.0 
==== END RUN ====
0 1 0.0 
0 25 1.0 
0 1237 2.0 
1 4797 3.0 
11 36322 4.0 
33 106369 5.0 
185 593507 6.0 
==== END RUN ====
0 1 0.0 
0 57 1.0 
0 695 2.0 
2 7113 3.0 
6 19777 4.0 
9 29463 5.0 
18 58443 6.0 
51 164283 7.0 
539 1726029 8.0 
603 1930987 9.0 
==== END RUN ====
0 1 0.0 
0 11 1.0 
0 435 2.0 
1 4402 3.0 
14 45319 4.0 
22 70917 5.0 
8428 26970113 6.0 
==== END RUN ====
0 1 0.0 
0 13 1.0 
0 207 2.0 
2 6735 3.0 
5 18245 4.0 
9 30740 5.0 
14 47915 6.0 
21 68213 7.0 
27 87397 8.0 
75 241373 9.0 
1914 6126325 10.0 
==== END RUN ====
0 1 0.0 
0 25 1.0 
0 95 2.0 
1 5243 3.0 
5 18874 4.0 
19 62924 5.0 
41 132123 6.0 
664 2125847 7.0 
744 2381781 8.0 
852 2727695 9.0 
==== END RUN ====
0 1 0.0 
0 5 1.0 
0 360 2.0 
0 3003 3.0 
12 40873 4.0 
533 1706313 5.0 
==== END RUN ====
0 1 0.0 
0 11 1.0 
0 915 2.0 
3 9833 3.0 
6 19655 4.0 
14 45692 5.0 
182 583331 6.0 
==== END RUN ====
0 1 0.0 
0 49 1.0 
0 2303 2.0 
1 3687 4.0 
202 647175 5.0 
242 775215 6.0 
449 1437773 7.0 
==== END RUN ====
0 1 0.0 
0 9 1.0 
0 613 2.0 
2 8436 3.0 
14 45319 4.0 
23 74371 5.0 
26 83975 6.0 
==== END RUN ====
0 1 0.0 
0 99 1.0 
0 259 2.0 
3 12336 3.0 
50 162850 4.0 
133 428746 5.0 
136 435533 6.0 
179 573883 7.0 
216 692421 8.0 
1404 4494177 9.0 
==== END RUN ====
0 1 0.0 
0 21 1.0 
0 595 4.0 
360 1152737 5.0 
==== END RUN ====
