0 1 0.0 
0 11 1.0 
0 947 2.0 
2 3359 3.0 
4 6529 4.0 
7 11539 5.0 
11 18031 6.0 
20 32501 7.0 
52 83781 8.0 
==== END RUN ====
0 1 0.0 
0 13 1.0 
0 191 2.0 
9 15346 3.0 
14 22625 4.0 
==== END RUN ====
0 1 0.0 
0 7 1.0 
0 644 2.0 
3 5115 4.0 
85 136393 5.0 
128 205237 6.0 
==== END RUN ====
0 1 0.0 
0 21 1.0 
1 1808 2.0 
59 94633 3.0 
131 209839 4.0 
253 405453 6.0 
==== END RUN ====
0 1 0.0 
0 23 1.0 
0 1014 2.0 
2 4133 3.0 
7 12403 4.0 
9 15025 5.0 
37 59611 6.0 
402 643689 8.0 
==== END RUN ====
0 1 0.0 
0 19 2.0 
8 13736 3.0 
14 23119 4.0 
111 177969 5.0 
467 747631 6.0 
550 880948 7.0 
==== END RUN ====
0 1 0.0 
0 23 1.0 
0 1211 2.0 
2 4787 3.0 
7 11427 5.0 
309 494829 6.0 
5886 9418023 7.0 
==== END RUN ====
0 1 0.0 
0 33 1.0 
1 2198 2.0 
5 8027 3.0 
28 45057 4.0 
84 134739 5.0 
86 137937 6.0 
289 462943 7.0 
==== END RUN ====
0 1 0.0 
0 13 1.0 
0 1283 2.0 
1 2969 3.0 
64 102665 4.0 
90 145105 5.0 
2352 3763659 6.0 
6473 10357319 7.0 
==== END RUN ====
0 1 0.0 
0 5 1.0 
0 448 2.0 
2 3964 3.0 
119 190689 4.0 
686 1097939 5.0 
783 1253205 6.0 
==== END RUN ====
0 1 0.0 
0 31 1.0 
0 135 2.0 
2 4130 3.0 
9 15050 4.0 
24 38799 5.0 
88 141213 6.0 
==== END RUN ====
0 1 0.0 
0 17 1.0 
1 1727 3.0 
21 33873 4.0 
360 576399 5.0 
2730 4368671 6.0 
==== END RUN ====
0 1 0.0 
0 111 1.0 
0 325 2.0 
3 5666 3.0 
15 24415 4.0 
20 32484 5.0 
538 861227 6.0 
545 872948 7.0 
==== END RUN ====
0 1 0.0 
0 15 1.0 
1 2094 2.0 
4 6627 3.0 
9 15558 4.0 
49 78743 5.0 
==== END RUN ====
0 1 0.0 
0 41 1.0 
0 93 2.0 
42 67383 3.0 
481 770737 4.0 
500 800923 5.0 
==== END RUN ====
0 1 0.0 
0 33 1.0 
0 1257 2.0 
4 7143 3.0 
12 19479 4.0 
12 20624 5.0 
16 26944 6.0 
569 910409 7.0 
579 926995 8.0 
==== END RUN ====
0 1 0.0 
0 7 1.0 
0 97 2.0 
3 4965 3.0 
7 11517 4.0 
8 14363 5.0 
29 46801 6.0 
187 299695 7.0 
==== END RUN ====
0 1 0.0 
0 45 1.0 
0 127 2.0 
2625 4200215 3.0 
4827 7724409 4.0 
4868 7789143 5.0 
4892 7828734 6.0 
==== END RUN ====
0 1 0.0 
0 55 1.0 
0 259 2.0 
20 32167 3.0 
41 66275 4.0 
62 99561 5.0 
1400 2240471 6.0 
1825 2920553 7.0 
==== END RUN ====
0 1 0.0 
0 41 1.0 
1 3166 2.0 
5 8113 3.0 
25 40283 4.0 
68 109131 5.0 
418 669125 6.0 
==== END RUN ====
0 1 0.0 
0 59 1.0 
0 318 2.0 
2 3587 3.0 
14 22839 4.0 
82 132788 5.0 
195 312409 6.0 
1091 1746131 7.0 
==== END RUN ====
0 1 0.0 
0 25 1.0 
0 71 2.0 
1 2079 3.0 
18 29071 4.0 
237 379597 5.0 
==== END RUN ====
0 1 0.0 
0 45 1.0 
0 685 2.0 
9 15033 3.0 
35 56289 4.0 
==== END RUN ====
0 1 0.0 
0 27 1.0 
0 83 2.0 
3 4899 3.0 
38 61071 4.0 
2175 3481275 5.0 
2206 3531023 6.0 
==== END RUN ====
0 1 0.0 
0 59 1.0 
0 1027 2.0 
30 48239 3.0 
71 113909 4.0 
93 149454 5.0 
==== END RUN ====
0 1 0.0 
0 37 1.0 
0 284 2.0 
2 3548 3.0 
4 7370 4.0 
11 18131 5.0 
15 24187 6.0 
==== END RUN ====
0 1 0.0 
0 27 1.0 
0 149 2.0 
3 5761 3.0 
5 8470 4.0 
9 15753 5.0 
228 365225 6.0 
892 1427717 7.0 
902 1443719 8.0 
929 1487045 9.0 
==== END RUN ====
0 1 0.0 
0 17 1.0 
0 319 2.0 
3 4867 3.0 
3 5535 4.0 
11 17939 5.0 
==== END RUN ====
0 1 0.0 
0 29 1.0 
0 737 2.0 
7 11415 3.0 
13 21461 4.0 
==== END RUN ====
0 1 0.0 
0 37 1.0 
0 53 2.0 
5 8207 3.0 
8 13049 4.0 
14 22667 5.0 
51 82051 6.0 
2753 4405351 7.0 
==== END RUN ====
0 1 0.0 
0 3 1.0 
0 278 2.0 
53 84989 3.0 
347 555678 4.0 
424 679705 5.0 
442 708307 6.0 
463 741005 7.0 
==== END RUN ====
0 1 0.0 
0 53 1.0 
1 1743 2.0 
3 5855 3.0 
5 9028 4.0 
15 25116 5.0 
485 776415 6.0 
==== END RUN ====
0 1 0.0 
0 61 1.0 
0 820 2.0 
2 4424 3.0 
9 14637 4.0 
24 38777 5.0 
65 104439 6.0 
758 1213349 7.0 
==== END RUN ====
0 1 0.0 
0 19 1.0 
1 1629 2.0 
52 83365 3.0 
348 557089 4.0 
349 558703 5.0 
==== END RUN ====
0 1 0.0 
0 7 2.0 
48 77001 3.0 
121 194949 4.0 
241 385953 5.0 
321 514029 6.0 
==== END RUN ====
0 1 0.0 
0 5 1.0 
1 1806 2.0 
32 51437 3.0 
233 373276 4.0 
247 395635 5.0 
266 426071 6.0 
==== END RUN ====
0 1 0.0 
0 7 1.0 
0 711 2.0 
1 1625 3.0 
4977 7963515 4.0 
==== END RUN ====
0 1 0.0 
0 9 1.0 
0 79 2.0 
30 48207 3.0 
1849 2958697 4.0 
1916 3066545 5.0 
==== END RUN ====
0 1 0.0 
0 11 1.0 
0 433 2.0 
3 4839 3.0 
529 847574 4.0 
==== END RUN ====
0 1 0.0 
0 15 1.0 
0 391 2.0 
10 16177 3.0 
==== END RUN ====
0 1 0.0 
0 41 1.0 
0 521 2.0 
14 23214 3.0 
22 36015 4.0 
23 37857 5.0 
==== END RUN ====
0 1 0.0 
0 103 1.0 
0 1380 2.0 
3 4845 3.0 
628 1005109 5.0 
==== END RUN ====
0 1 0.0 
0 110 1.0 
1 2901 2.0 
4 6651 3.0 
7 11301 4.0 
19 30779 5.0 
2583 4133225 6.0 
==== END RUN ====
0 1 0.0 
0 7 1.0 
0 852 2.0 
0 1231 3.0 
31 50256 4.0 
42 67581 5.0 
150 240439 6.0 
==== END RUN ====
0 1 0.0 
0 19 1.0 
0 170 2.0 
1 1611 3.0 
3 5273 4.0 
22 36412 6.0 
99 158579 7.0 
105 168587 8.0 
2377 3803787 9.0 
==== END RUN ====
0 1 0.0 
0 61 1.0 
0 788 2.0 
15 24213 3.0 
156 250892 4.0 
==== END RUN ====
0 1 0.0 
0 3 1.0 
0 1393 2.0 
3 4903 3.0 
10 17344 4.0 
17 27561 5.0 
50 80353 6.0 
==== END RUN ====
0 1 0.0 
0 19 1.0 
0 1405 2.0 
1 2033 3.0 
==== END RUN ====
0 1 0.0 
0 13 1.0 
0 293 2.0 
4 7953 3.0 
6 9895 4.0 
11 17967 5.0 
1199 1918801 6.0 
==== END RUN ====
0 1 1.0 
0 711 2.0 
2 3401 3.0 
7 11499 4.0 
34 54753 5.0 
264 422857 6.0 
==== END RUN ====
