0 1 0.0 
0 3 1.0 
0 645 2.0 
29 23510 3.0 
144 115335 4.0 
175 140476 5.0 
248 199024 6.0 
286 229105 7.0 
318 255124 8.0 
463 370491 9.0 
490 392719 10.0 
567 453741 11.0 
669 535639 12.0 
781 624981 13.0 
935 748663 14.0 
995 796539 15.0 
1240 992289 16.0 
1314 1051803 17.0 
1372 1098319 18.0 
1495 1196762 19.0 
1585 1268755 20.0 
==== END RUN ====
0 1 0.0 
0 9 1.0 
0 311 2.0 
10 8543 3.0 
122 98033 4.0 
139 111919 5.0 
257 206200 6.0 
276 221340 7.0 
407 326149 8.0 
640 512165 9.0 
732 586028 10.0 
839 671676 11.0 
863 691152 12.0 
940 752389 13.0 
1112 890197 14.0 
1128 902799 15.0 
1290 1032073 16.0 
1418 1134941 17.0 
1580 1264167 18.0 
1643 1315159 19.0 
2409 1927817 20.0 
==== END RUN ====
0 1 0.0 
0 13 1.0 
1 1510 2.0 
49 39948 3.0 
120 96689 4.0 
173 139007 5.0 
275 220426 6.0 
360 288125 7.0 
444 355892 8.0 
460 368707 9.0 
570 456527 10.0 
690 552651 11.0 
738 591156 12.0 
863 690579 13.0 
874 699701 14.0 
955 764315 15.0 
1091 873579 17.0 
1274 1019853 18.0 
1284 1027469 19.0 
1467 1174325 20.0 
==== END RUN ====
0 1 0.0 
0 9 1.0 
0 204 2.0 
6 5505 3.0 
138 111153 4.0 
238 191077 5.0 
345 276728 6.0 
442 353687 7.0 
562 450397 8.0 
622 498266 9.0 
682 545855 10.0 
814 651313 11.0 
899 719263 12.0 
1158 927060 13.0 
1188 950921 14.0 
1322 1057697 15.0 
1397 1118271 16.0 
1398 1119057 17.0 
1539 1231962 18.0 
1865 1492313 19.0 
2532 2026237 20.0 
==== END RUN ====
0 1 0.0 
0 47 1.0 
0 721 2.0 
6 5223 3.0 
77 62132 4.0 
175 140139 5.0 
238 190493 6.0 
349 279431 7.0 
544 435940 8.0 
614 491613 9.0 
743 594617 10.0 
832 665969 11.0 
845 676437 12.0 
1016 813379 13.0 
1086 868879 14.0 
1099 879884 15.0 
1245 996033 16.0 
1407 1125789 17.0 
2467 1973893 18.0 
2740 2192743 19.0 
2942 2354183 20.0 
==== END RUN ====
0 1 0.0 
0 3 1.0 
0 463 2.0 
5 4415 3.0 
58 46711 4.0 
191 153488 5.0 
206 165299 6.0 
375 300419 7.0 
475 380283 8.0 
515 412741 9.0 
621 496925 10.0 
693 555160 11.0 
770 616027 12.0 
838 671156 13.0 
906 725187 14.0 
1035 828654 15.0 
1127 902335 16.0 
1240 992149 17.0 
1499 1199943 18.0 
1583 1266605 19.0 
1791 1432813 20.0 
==== END RUN ====
0 1 0.0 
0 15 1.0 
1 1189 2.0 
2 2345 3.0 
92 74339 4.0 
195 156235 5.0 
269 215903 6.0 
336 269227 7.0 
430 344757 8.0 
506 405162 9.0 
546 437326 10.0 
596 477378 11.0 
639 511381 12.0 
714 571515 13.0 
753 602531 14.0 
954 763898 15.0 
1160 928705 16.0 
1308 1046605 17.0 
1470 1176507 18.0 
1665 1332685 19.0 
1785 1428263 20.0 
==== END RUN ====
0 1 0.0 
0 7 1.0 
0 603 2.0 
24 19541 3.0 
147 117852 4.0 
214 171877 5.0 
285 228413 6.0 
293 234661 7.0 
434 347806 8.0 
487 390242 9.0 
581 465396 10.0 
745 596035 11.0 
941 753308 12.0 
963 770543 13.0 
963 771140 14.0 
1088 871183 15.0 
1123 898929 16.0 
1154 923637 17.0 
1299 1039615 18.0 
1393 1114671 19.0 
1494 1195965 20.0 
==== END RUN ====
0 1 0.0 
0 23 1.0 
0 779 2.0 
57 45625 3.0 
107 85830 4.0 
180 144210 5.0 
266 213455 6.0 
331 265082 7.0 
400 320464 8.0 
528 422966 9.0 
565 452478 10.0 
679 543575 11.0 
788 630867 12.0 
854 683569 13.0 
1161 929401 14.0 
1318 1054871 15.0 
1503 1202809 16.0 
1548 1239011 17.0 
1560 1248061 18.0 
1743 1394505 19.0 
1859 1487573 20.0 
==== END RUN ====
0 1 0.0 
0 5 1.0 
0 757 2.0 
31 25062 3.0 
37 30254 4.0 
112 89795 5.0 
234 187998 6.0 
326 260991 7.0 
383 307048 8.0 
642 514059 9.0 
670 536391 10.0 
964 771217 11.0 
1113 890935 12.0 
1161 929149 13.0 
1333 1066533 14.0 
1394 1115699 16.0 
1536 1228987 17.0 
1682 1346127 18.0 
1708 1366575 19.0 
1919 1535885 20.0 
==== END RUN ====
0 1 0.0 
0 3 1.0 
0 355 2.0 
33 26951 3.0 
91 73589 4.0 
183 147057 5.0 
255 204059 7.0 
442 353785 8.0 
500 400139 9.0 
675 540471 11.0 
785 628610 12.0 
897 717929 13.0 
1017 813627 14.0 
1100 880721 15.0 
1275 1020413 17.0 
1492 1193773 18.0 
1608 1286739 19.0 
1646 1317421 20.0 
==== END RUN ====
0 1 0.0 
0 5 1.0 
0 252 2.0 
13 10445 3.0 
125 100403 4.0 
180 144244 5.0 
259 207345 6.0 
301 241415 7.0 
381 304923 8.0 
434 347710 9.0 
528 423142 10.0 
596 477193 11.0 
692 553941 12.0 
837 670245 13.0 
887 710347 14.0 
969 775401 15.0 
1109 887971 16.0 
1196 957561 17.0 
1232 986257 18.0 
1551 1241079 19.0 
1745 1396093 20.0 
==== END RUN ====
0 1 0.0 
0 21 1.0 
0 441 2.0 
3 2698 3.0 
120 96367 4.0 
164 131969 5.0 
270 216257 6.0 
316 253033 7.0 
478 383091 8.0 
520 416105 9.0 
698 558541 10.0 
769 615563 11.0 
1071 857067 12.0 
1249 999916 13.0 
1411 1129429 14.0 
1476 1181323 15.0 
1642 1313669 16.0 
1799 1439717 17.0 
1847 1478361 18.0 
2153 1722877 19.0 
2218 1774619 20.0 
==== END RUN ====
0 1 0.0 
0 37 1.0 
0 683 2.0 
7 5977 3.0 
108 87188 4.0 
124 99728 5.0 
233 186761 6.0 
276 221043 7.0 
379 303863 8.0 
422 337711 9.0 
538 430797 10.0 
639 511923 11.0 
681 545517 12.0 
808 646609 13.0 
942 754175 14.0 
1021 816911 15.0 
1090 872069 16.0 
1159 927451 17.0 
1218 974679 18.0 
1390 1112687 19.0 
1685 1348205 20.0 
==== END RUN ====
0 1 0.0 
0 19 1.0 
1 1573 2.0 
37 29643 3.0 
115 92397 4.0 
205 164496 5.0 
312 249847 7.0 
427 341781 8.0 
507 406082 9.0 
553 442826 10.0 
668 534477 11.0 
781 624893 13.0 
1059 847431 14.0 
1210 968743 15.0 
1271 1017079 16.0 
1435 1148629 17.0 
1534 1227749 18.0 
1623 1299172 19.0 
1728 1383137 20.0 
==== END RUN ====
0 1 0.0 
0 9 1.0 
0 330 2.0 
39 31581 3.0 
92 73933 4.0 
117 94308 5.0 
248 198888 6.0 
283 227184 7.0 
425 340639 8.0 
539 431629 9.0 
544 435825 10.0 
675 540629 11.0 
766 613065 12.0 
816 653023 13.0 
889 711491 14.0 
963 770619 15.0 
1101 881293 16.0 
1129 903919 17.0 
1287 1029697 18.0 
1438 1150483 19.0 
1450 1160783 20.0 
==== END RUN ====
0 1 0.0 
0 27 1.0 
0 796 2.0 
13 10980 3.0 
84 67368 4.0 
205 164411 5.0 
293 234583 6.0 
344 275449 7.0 
454 363705 8.0 
489 391920 9.0 
650 520490 10.0 
668 534745 11.0 
745 596233 12.0 
889 711815 13.0 
937 750338 14.0 
1055 844129 15.0 
1366 1092941 16.0 
1521 1217423 17.0 
1596 1277107 18.0 
1702 1362311 19.0 
1797 1438109 20.0 
==== END RUN ====
0 1 0.0 
0 59 1.0 
0 455 2.0 
41 33135 3.0 
80 64157 4.0 
177 141986 5.0 
299 239470 6.0 
374 299431 7.0 
455 364077 8.0 
562 450006 9.0 
709 567329 10.0 
765 612506 11.0 
808 646549 12.0 
953 762829 13.0 
1005 804586 14.0 
1174 939305 15.0 
1251 1001431 17.0 
1590 1272711 18.0 
1809 1447675 19.0 
1936 1548967 20.0 
==== END RUN ====
0 1 0.0 
0 5 1.0 
0 89 2.0 
15 12563 3.0 
23 18529 4.0 
171 137195 5.0 
282 226393 6.0 
367 294231 7.0 
416 333267 8.0 
497 398338 9.0 
578 462936 10.0 
648 518944 11.0 
697 558005 12.0 
698 559020 13.0 
872 697667 14.0 
999 799789 15.0 
1220 976553 16.0 
1257 1006239 17.0 
1395 1116257 18.0 
1536 1228861 19.0 
1573 1258899 20.0 
==== END RUN ====
0 1 0.0 
0 89 1.0 
0 623 2.0 
19 15898 3.0 
113 90905 4.0 
143 114941 5.0 
246 197156 6.0 
296 237506 7.0 
343 275018 8.0 
427 341835 9.0 
450 360623 10.0 
570 456704 11.0 
623 498779 12.0 
678 542719 13.0 
758 606595 14.0 
812 650175 15.0 
949 759791 16.0 
984 787247 17.0 
1133 907047 18.0 
1187 950392 19.0 
1308 1046431 20.0 
==== END RUN ====
0 1 0.0 
0 13 1.0 
0 491 2.0 
56 45242 3.0 
115 92525 4.0 
137 110064 5.0 
230 184545 6.0 
341 272963 7.0 
392 313919 8.0 
417 333639 9.0 
518 415011 10.0 
600 480635 12.0 
859 687657 13.0 
994 795747 14.0 
1046 837321 15.0 
1152 922348 16.0 
1280 1024079 17.0 
1339 1071245 18.0 
1506 1204951 19.0 
2039 1631409 20.0 
==== END RUN ====
0 1 0.0 
0 37 1.0 
2 2146 2.0 
27 21880 3.0 
101 81442 4.0 
183 146525 5.0 
251 201497 6.0 
346 277462 7.0 
408 326677 8.0 
467 373745 9.0 
586 469243 10.0 
714 571633 11.0 
720 576223 14.0 
1056 845091 15.0 
1115 892787 16.0 
1143 914515 17.0 
1308 1047097 18.0 
1402 1122147 19.0 
1650 1320515 20.0 
==== END RUN ====
0 1 0.0 
0 59 1.0 
0 324 2.0 
29 23360 3.0 
120 96282 4.0 
213 170660 5.0 
329 263880 6.0 
388 310653 7.0 
517 414168 8.0 
599 479877 9.0 
623 498701 10.0 
743 594874 11.0 
860 688571 12.0 
956 765535 13.0 
1103 883200 14.0 
1190 952305 15.0 
1366 1093367 16.0 
1371 1096811 17.0 
1683 1346621 18.0 
1702 1362129 19.0 
1851 1480927 20.0 
==== END RUN ====
0 1 0.0 
0 81 1.0 
2 1839 2.0 
9 7861 3.0 
76 60984 4.0 
178 142973 5.0 
274 219796 6.0 
362 289942 7.0 
460 368287 8.0 
626 501166 9.0 
769 615868 10.0 
1004 803627 11.0 
1086 869355 12.0 
1160 928657 13.0 
1286 1028901 14.0 
1408 1127108 15.0 
1434 1147731 16.0 
1489 1191831 17.0 
1681 1345578 18.0 
1867 1494361 19.0 
1980 1584453 20.0 
==== END RUN ====
0 1 0.0 
0 42 1.0 
0 420 2.0 
8 6953 3.0 
151 121384 4.0 
182 145921 5.0 
241 193427 6.0 
353 282894 8.0 
467 373937 9.0 
561 449474 10.0 
610 488690 11.0 
681 545133 12.0 
800 640604 14.0 
1091 873373 15.0 
1279 1023873 16.0 
1525 1220427 17.0 
1763 1410543 18.0 
1775 1420297 19.0 
2002 1602021 20.0 
==== END RUN ====
0 1 0.0 
0 95 1.0 
0 587 2.0 
49 39536 3.0 
111 89543 4.0 
191 153404 5.0 
256 205428 6.0 
383 307008 7.0 
460 368191 8.0 
570 456475 9.0 
739 591245 10.0 
806 645209 11.0 
896 717589 12.0 
998 798819 13.0 
1041 832957 14.0 
1192 954317 15.0 
1223 978599 16.0 
1350 1080121 17.0 
1497 1197881 18.0 
1566 1253584 19.0 
1645 1316597 20.0 
==== END RUN ====
0 1 0.0 
0 13 1.0 
1 1009 2.0 
12 9991 3.0 
94 75277 4.0 
191 153201 5.0 
251 201303 6.0 
328 262762 7.0 
373 298661 8.0 
385 308551 9.0 
546 437189 10.0 
666 533507 11.0 
740 592277 12.0 
844 675758 13.0 
946 757113 14.0 
1024 819904 15.0 
1162 929775 16.0 
1248 998633 17.0 
2010 1608567 18.0 
2049 1639491 19.0 
2141 1713147 20.0 
==== END RUN ====
0 1 0.0 
0 5 1.0 
0 775 2.0 
1 1100 3.0 
64 51611 4.0 
159 127726 5.0 
219 175632 6.0 
342 273611 7.0 
354 283383 8.0 
475 380263 9.0 
640 512069 10.0 
736 589297 11.0 
842 673735 12.0 
1156 925592 13.0 
1262 1010285 14.0 
1386 1108953 15.0 
1404 1123765 16.0 
1621 1296829 17.0 
1694 1355603 18.0 
1930 1544479 19.0 
2034 1627891 20.0 
==== END RUN ====
0 1 0.0 
0 3 1.0 
0 741 2.0 
43 34605 3.0 
105 84409 4.0 
187 150070 5.0 
301 241388 6.0 
352 281775 7.0 
474 379669 8.0 
517 414147 9.0 
704 563259 10.0 
817 654112 11.0 
911 729288 12.0 
951 761429 13.0 
1167 933913 14.0 
1287 1030316 15.0 
1384 1107499 16.0 
1436 1149530 17.0 
1611 1289483 18.0 
1679 1343213 19.0 
1783 1426407 20.0 
==== END RUN ====
0 1 0.0 
0 87 1.0 
0 554 2.0 
48 39198 3.0 
118 94513 4.0 
132 106280 5.0 
183 146915 6.0 
268 214619 8.0 
401 320917 9.0 
457 365989 10.0 
478 383033 11.0 
571 457265 12.0 
645 516727 13.0 
810 648055 14.0 
856 685333 15.0 
997 797987 16.0 
1060 848029 17.0 
1213 971181 18.0 
1316 1053439 19.0 
1435 1148233 20.0 
==== END RUN ====
0 1 1.0 
0 51 2.0 
24 19938 3.0 
131 105262 4.0 
190 152685 5.0 
265 212187 6.0 
309 247847 7.0 
346 277039 9.0 
535 428674 10.0 
571 456883 11.0 
686 549131 12.0 
739 591930 13.0 
821 657039 14.0 
917 733807 15.0 
1058 847035 16.0 
1111 888845 17.0 
1366 1093431 18.0 
1547 1238341 19.0 
1677 1342343 20.0 
==== END RUN ====
0 1 0.0 
0 60 1.0 
2 1665 2.0 
9 7785 3.0 
55 44435 4.0 
247 197681 5.0 
304 243704 6.0 
410 328573 7.0 
489 391605 8.0 
550 440431 9.0 
612 489663 10.0 
716 573015 11.0 
799 639247 12.0 
849 679451 13.0 
907 726394 14.0 
1078 862911 15.0 
1185 948119 16.0 
1290 1032205 17.0 
1429 1143393 18.0 
1486 1189561 19.0 
1680 1344339 20.0 
==== END RUN ====
0 1 0.0 
0 15 1.0 
4 3488 2.0 
11 9461 3.0 
92 74070 5.0 
263 210968 6.0 
364 291287 7.0 
454 363203 8.0 
524 419658 10.0 
780 624537 11.0 
835 668507 12.0 
1047 838109 13.0 
1072 858081 14.0 
1215 972543 16.0 
1370 1096049 17.0 
1510 1208728 18.0 
1612 1290287 19.0 
1760 1408763 20.0 
==== END RUN ====
0 1 0.0 
0 43 1.0 
1 1462 2.0 
9 7741 3.0 
112 89867 4.0 
187 150025 5.0 
383 307103 6.0 
480 384666 7.0 
498 399173 8.0 
648 519120 9.0 
716 573599 10.0 
787 629715 11.0 
859 687685 12.0 
1047 838193 13.0 
1095 876035 14.0 
1548 1239166 15.0 
1764 1411870 16.0 
1990 1592415 17.0 
2281 1825469 18.0 
2397 1917653 19.0 
2867 2294383 20.0 
==== END RUN ====
0 1 0.0 
0 27 1.0 
0 523 2.0 
22 18244 3.0 
77 61768 4.0 
163 131079 5.0 
284 227561 6.0 
307 246377 7.0 
371 297081 8.0 
436 349278 9.0 
569 455491 10.0 
661 529410 11.0 
827 661971 12.0 
1085 868766 13.0 
1178 943109 14.0 
1408 1127103 15.0 
1532 1225713 16.0 
1725 1380731 17.0 
1889 1511473 18.0 
1968 1574721 19.0 
2212 1770267 20.0 
==== END RUN ====
0 1 0.0 
0 3 1.0 
0 5 2.0 
41 33106 4.0 
198 159146 5.0 
285 228389 6.0 
355 284740 7.0 
459 367620 8.0 
555 444550 9.0 
646 517057 10.0 
745 596257 11.0 
868 694683 12.0 
988 790853 13.0 
1280 1024399 14.0 
1387 1110123 15.0 
1488 1191041 16.0 
1651 1320855 17.0 
1712 1369933 19.0 
1935 1548019 20.0 
==== END RUN ====
0 1 0.0 
0 17 1.0 
2 1889 2.0 
11 9488 3.0 
12 10377 4.0 
178 142707 6.0 
319 255687 7.0 
394 315267 8.0 
409 327493 9.0 
577 462265 10.0 
599 479966 11.0 
698 559090 12.0 
759 607685 13.0 
839 671981 14.0 
919 735920 15.0 
1072 857797 16.0 
1296 1037331 17.0 
1722 1378273 18.0 
1880 1504367 19.0 
2205 1764705 20.0 
==== END RUN ====
0 1 0.0 
0 44 1.0 
0 331 2.0 
15 12620 4.0 
118 94850 5.0 
261 208979 6.0 
291 233140 7.0 
313 250848 8.0 
432 345879 9.0 
524 419741 10.0 
588 470683 11.0 
683 547090 12.0 
854 683841 13.0 
972 777767 14.0 
1017 814262 15.0 
1216 972981 16.0 
1337 1070229 17.0 
1431 1145465 18.0 
1584 1267939 19.0 
1724 1379333 20.0 
==== END RUN ====
0 1 0.0 
0 21 1.0 
1 1106 2.0 
29 23636 3.0 
119 95404 4.0 
190 152426 5.0 
271 217202 6.0 
380 304736 7.0 
483 386637 8.0 
547 438059 9.0 
652 522040 10.0 
724 579828 11.0 
846 677373 12.0 
987 789651 13.0 
1119 895777 14.0 
1379 1103691 15.0 
1495 1196639 16.0 
1762 1409993 17.0 
1918 1534453 18.0 
1986 1589417 19.0 
2153 1723189 20.0 
==== END RUN ====
0 1 0.0 
0 19 1.0 
0 634 2.0 
25 20594 3.0 
87 70246 4.0 
199 159901 5.0 
272 218260 6.0 
358 286477 7.0 
387 309997 8.0 
528 422737 9.0 
569 455799 10.0 
689 551944 11.0 
756 605422 12.0 
822 658400 13.0 
1003 803167 14.0 
1055 844297 15.0 
1166 933595 16.0 
1273 1019112 17.0 
1344 1075315 18.0 
1612 1290347 19.0 
1678 1342617 20.0 
==== END RUN ====
0 1 0.0 
0 11 1.0 
0 170 2.0 
7 5772 3.0 
99 79205 4.0 
175 140165 5.0 
284 227201 6.0 
418 334924 7.0 
465 372213 8.0 
520 416372 9.0 
562 449741 10.0 
651 521145 11.0 
714 571763 12.0 
906 724917 13.0 
936 748999 14.0 
1126 901464 15.0 
1200 960599 16.0 
1752 1402395 17.0 
1811 1449033 18.0 
1855 1484611 19.0 
1856 1484845 20.0 
==== END RUN ====
0 1 0.0 
0 15 1.0 
0 670 2.0 
4 3889 3.0 
80 64790 4.0 
125 100367 5.0 
232 186314 6.0 
299 239687 7.0 
394 315780 8.0 
414 331781 9.0 
629 503563 10.0 
681 545395 12.0 
884 707854 13.0 
1022 817897 14.0 
1174 939721 15.0 
1181 945435 16.0 
1461 1169101 17.0 
1466 1173141 18.0 
1712 1369861 19.0 
1818 1455153 20.0 
==== END RUN ====
0 1 0.0 
0 48 1.0 
0 101 2.0 
32 26314 3.0 
43 34730 4.0 
60 48510 5.0 
247 198153 6.0 
289 231923 7.0 
355 284187 8.0 
401 321429 9.0 
523 418513 10.0 
694 555471 11.0 
828 662869 12.0 
936 749364 13.0 
1131 904831 14.0 
1207 965937 15.0 
1343 1074735 16.0 
1368 1094983 17.0 
1387 1110111 18.0 
1470 1176005 19.0 
1530 1224053 20.0 
==== END RUN ====
0 1 0.0 
0 5 1.0 
0 247 2.0 
38 30461 3.0 
150 120616 4.0 
196 157572 5.0 
232 185937 6.0 
335 268411 7.0 
398 318986 8.0 
422 337855 9.0 
488 390597 10.0 
572 458162 11.0 
663 531200 12.0 
758 607026 13.0 
765 612638 14.0 
948 758965 15.0 
1063 850513 16.0 
1322 1058073 17.0 
1436 1149566 18.0 
1489 1191695 19.0 
1535 1228723 20.0 
==== END RUN ====
0 1 0.0 
0 9 1.0 
1 1451 2.0 
25 20536 4.0 
171 137391 5.0 
221 177377 6.0 
273 218669 7.0 
346 277256 8.0 
403 322963 9.0 
483 386912 10.0 
596 477531 11.0 
635 508479 12.0 
720 576532 13.0 
781 625375 14.0 
818 654961 15.0 
926 741133 16.0 
1016 813565 17.0 
1064 851541 18.0 
1232 985953 19.0 
1347 1078347 20.0 
==== END RUN ====
0 1 0.0 
0 3 1.0 
1 954 2.0 
24 19521 3.0 
80 64404 4.0 
179 143466 5.0 
210 168787 6.0 
331 265467 7.0 
420 336065 8.0 
521 417387 9.0 
651 521123 10.0 
715 572009 11.0 
847 678063 12.0 
849 679849 13.0 
1163 930611 14.0 
1272 1018197 15.0 
1359 1087305 16.0 
1376 1100971 17.0 
1611 1288807 18.0 
1681 1345019 19.0 
1820 1456767 20.0 
==== END RUN ====
0 1 0.0 
0 7 1.0 
2 1725 2.0 
23 18989 3.0 
85 68563 4.0 
171 137352 5.0 
286 229157 6.0 
347 277925 7.0 
460 368315 8.0 
536 429585 9.0 
654 523243 10.0 
762 609929 11.0 
882 706015 12.0 
903 722461 13.0 
1071 857327 14.0 
1281 1024857 15.0 
1373 1099003 16.0 
1684 1347779 17.0 
1787 1429997 18.0 
1836 1468899 19.0 
1876 1501427 20.0 
==== END RUN ====
0 1 1.0 
0 599 2.0 
37 29856 3.0 
64 51776 4.0 
138 110479 5.0 
178 143136 6.0 
275 220741 7.0 
289 231818 9.0 
571 457029 10.0 
665 532598 11.0 
876 701509 12.0 
1030 824487 13.0 
1133 906621 14.0 
1258 1006967 15.0 
1430 1144211 16.0 
1623 1299181 17.0 
1767 1414279 18.0 
1909 1527703 19.0 
1952 1562205 20.0 
==== END RUN ====
0 1 0.0 
0 17 1.0 
0 684 2.0 
26 20986 3.0 
96 77017 4.0 
178 143115 5.0 
220 176311 6.0 
284 227981 7.0 
389 311742 8.0 
426 341214 9.0 
491 393410 10.0 
660 528516 11.0 
668 534927 12.0 
756 605365 13.0 
939 751814 14.0 
1037 830057 15.0 
1275 1020563 16.0 
1354 1083479 17.0 
1555 1244195 18.0 
1765 1412749 19.0 
2253 1803159 20.0 
==== END RUN ====
0 1 0.0 
0 50 1.0 
1 892 2.0 
9 7452 3.0 
122 97961 4.0 
245 196218 5.0 
317 254225 6.0 
364 291897 7.0 
463 371000 8.0 
629 503976 9.0 
656 525135 10.0 
692 554013 11.0 
917 734007 12.0 
1228 982928 13.0 
1267 1014319 14.0 
1368 1095011 15.0 
1480 1184561 16.0 
1689 1351837 17.0 
2021 1617479 18.0 
2701 2160837 19.0 
3008 2407171 20.0 
==== END RUN ====
