0 1 46.0 
0 4 57.0 
0 8 61.0 
0 27 62.0 
0 264 63.0 
0 284 66.0 
0 637 68.0 
1 2579 69.0 
2 3368 70.0 
2 3444 71.0 
2 3897 73.0 
3 5359 74.0 
3 5987 75.0 
4 6931 76.0 
5 8026 77.0 
5 8065 78.0 
5 8214 79.0 
5 8730 80.0 
6 9625 81.0 
7 11475 82.0 
8 13064 83.0 
8 13259 84.0 
8 13775 85.0 
11 17761 86.0 
12 19231 87.0 
12 19471 88.0 
12 20397 90.0 
15 24287 91.0 
16 25859 92.0 
17 27463 93.0 
18 29791 94.0 
21 34859 95.0 
28 45785 96.0 
33 53781 97.0 
52 84385 98.0 
55 88211 99.0 
56 90959 100.0 
==== END RUN ====
0 1 41.0 
0 2 55.0 
0 3 57.0 
0 13 59.0 
0 19 60.0 
0 49 65.0 
0 291 69.0 
3 5438 70.0 
3 5559 71.0 
3 6001 72.0 
5 9210 73.0 
7 11328 74.0 
7 11899 76.0 
8 13995 77.0 
10 16415 78.0 
11 18051 79.0 
12 20300 80.0 
12 20413 81.0 
14 23027 82.0 
15 25165 83.0 
20 32537 84.0 
21 34233 85.0 
24 38423 86.0 
24 38487 87.0 
26 42041 88.0 
29 47031 89.0 
31 50893 90.0 
39 62763 91.0 
44 71567 92.0 
50 81295 93.0 
58 93237 94.0 
64 103683 95.0 
69 111199 96.0 
==== END RUN ====
0 1 53.0 
0 4 55.0 
0 14 58.0 
0 30 59.0 
0 46 64.0 
0 995 65.0 
0 1526 67.0 
1 1649 71.0 
1 2801 74.0 
2 3259 75.0 
2 4244 77.0 
3 4811 79.0 
3 5391 80.0 
4 6422 81.0 
4 6581 82.0 
4 6651 83.0 
4 6967 86.0 
5 8389 87.0 
7 11583 88.0 
8 12852 89.0 
9 14493 90.0 
9 14959 91.0 
9 15247 92.0 
10 16367 93.0 
14 22495 95.0 
19 31405 96.0 
21 33665 97.0 
21 34227 98.0 
37 60325 99.0 
45 73127 100.0 
==== END RUN ====
0 1 47.0 
0 3 55.0 
0 21 63.0 
0 171 68.0 
0 471 70.0 
1 2903 71.0 
2 4332 73.0 
3 5015 74.0 
3 6147 75.0 
3 6189 76.0 
4 6741 77.0 
4 7383 78.0 
5 8587 79.0 
6 9744 80.0 
6 10144 81.0 
6 10186 82.0 
7 12196 83.0 
7 12485 84.0 
10 16003 85.0 
11 17831 86.0 
12 19605 87.0 
13 20851 88.0 
14 23345 89.0 
15 24177 90.0 
18 29531 91.0 
20 33147 92.0 
24 38807 93.0 
30 48143 94.0 
31 50811 95.0 
38 61063 96.0 
43 69213 97.0 
57 91733 98.0 
==== END RUN ====
0 1 58.0 
0 27 61.0 
0 35 63.0 
0 61 67.0 
1 1810 68.0 
2 3255 72.0 
2 4251 74.0 
4 6661 75.0 
4 6752 76.0 
5 8072 77.0 
5 8227 78.0 
5 9275 79.0 
6 9652 80.0 
6 10357 81.0 
6 10619 82.0 
7 11393 84.0 
7 11919 85.0 
8 13388 86.0 
9 15293 87.0 
13 21021 88.0 
13 21949 89.0 
17 27487 90.0 
17 28091 91.0 
19 30657 93.0 
23 36869 94.0 
25 40379 95.0 
29 46977 96.0 
40 64581 97.0 
55 89423 98.0 
==== END RUN ====
0 1 49.0 
0 3 57.0 
0 6 59.0 
0 26 64.0 
0 274 65.0 
0 439 68.0 
1 2437 69.0 
1 2644 71.0 
2 3256 72.0 
3 4871 73.0 
3 4943 74.0 
3 5207 75.0 
5 8117 76.0 
6 9645 78.0 
7 11713 80.0 
9 14423 81.0 
10 16353 82.0 
11 17681 83.0 
11 18385 84.0 
12 20437 85.0 
13 21105 86.0 
14 22587 87.0 
15 24557 88.0 
17 27669 89.0 
19 30981 90.0 
22 36153 91.0 
28 45585 92.0 
32 52159 93.0 
34 55923 95.0 
38 61149 96.0 
40 65335 97.0 
44 71345 98.0 
49 79345 99.0 
66 107197 100.0 
==== END RUN ====
0 1 44.0 
0 2 47.0 
0 3 51.0 
0 8 55.0 
0 10 56.0 
0 73 59.0 
0 153 61.0 
0 182 66.0 
1 2529 68.0 
2 3306 69.0 
2 3788 70.0 
3 4813 75.0 
3 5375 76.0 
4 6443 77.0 
4 7613 80.0 
6 10411 81.0 
8 12905 83.0 
9 14549 85.0 
10 16072 86.0 
10 17043 88.0 
12 20787 89.0 
13 21811 90.0 
14 22507 91.0 
17 27945 92.0 
18 29177 93.0 
21 34071 94.0 
29 47409 95.0 
32 52311 96.0 
43 70069 97.0 
50 81593 98.0 
63 101445 99.0 
65 104407 100.0 
==== END RUN ====
0 1 57.0 
0 4 60.0 
0 29 62.0 
0 191 65.0 
1 1602 66.0 
1 1742 67.0 
1 2000 68.0 
1 2077 71.0 
2 4391 72.0 
3 4839 75.0 
3 5244 76.0 
3 6161 77.0 
4 6417 81.0 
5 8617 82.0 
6 10213 84.0 
8 13814 85.0 
10 16031 86.0 
10 16413 87.0 
11 18271 88.0 
12 19597 89.0 
14 23437 90.0 
18 28880 91.0 
20 32391 92.0 
23 38263 93.0 
27 44743 94.0 
30 48933 95.0 
33 53417 96.0 
42 67865 97.0 
59 95069 98.0 
66 107149 99.0 
==== END RUN ====
0 1 37.0 
0 2 44.0 
0 3 48.0 
0 6 53.0 
0 14 55.0 
0 15 58.0 
0 39 62.0 
0 490 67.0 
1 2647 70.0 
2 3305 72.0 
3 4856 73.0 
3 4873 76.0 
4 6457 77.0 
4 6515 79.0 
5 8147 82.0 
5 8738 83.0 
6 10279 84.0 
7 11391 85.0 
7 12071 87.0 
8 13279 88.0 
9 14737 89.0 
10 16131 90.0 
10 16433 91.0 
11 17677 92.0 
12 20017 93.0 
13 21061 94.0 
15 24145 95.0 
16 26841 96.0 
19 30659 97.0 
21 35031 98.0 
25 40039 99.0 
30 49365 100.0 
==== END RUN ====
0 1 57.0 
0 3 61.0 
0 48 63.0 
0 623 70.0 
3 4835 71.0 
3 4973 72.0 
3 5310 73.0 
3 5889 74.0 
4 6517 78.0 
6 9799 79.0 
6 10493 80.0 
7 12025 81.0 
8 12848 83.0 
8 14033 84.0 
9 15531 85.0 
10 17566 86.0 
12 19376 87.0 
12 19385 88.0 
13 20893 89.0 
15 24941 90.0 
17 27959 91.0 
19 30755 92.0 
21 33807 93.0 
22 36761 94.0 
39 62595 95.0 
42 68143 96.0 
51 82539 97.0 
57 92197 98.0 
62 100753 99.0 
==== END RUN ====
0 1 45.0 
0 2 46.0 
0 3 50.0 
0 5 61.0 
0 35 62.0 
0 98 64.0 
1 1622 66.0 
1 1675 70.0 
1 2448 71.0 
2 3370 72.0 
2 4421 74.0 
3 4905 76.0 
3 5427 77.0 
4 6401 82.0 
8 12929 83.0 
9 14418 84.0 
9 14712 85.0 
10 16019 86.0 
10 17363 87.0 
11 17821 88.0 
13 21667 89.0 
15 24379 90.0 
16 26629 91.0 
18 29157 92.0 
21 34521 93.0 
26 41621 94.0 
31 50589 95.0 
36 58525 96.0 
52 84121 97.0 
65 104237 98.0 
==== END RUN ====
0 1 47.0 
0 2 51.0 
0 3 54.0 
0 4 58.0 
0 14 59.0 
0 29 64.0 
0 211 65.0 
1 2189 68.0 
2 3858 69.0 
3 5446 70.0 
5 8011 73.0 
5 8040 74.0 
5 8749 75.0 
6 9695 77.0 
8 12974 79.0 
9 14507 81.0 
10 16029 82.0 
11 18309 83.0 
11 18315 84.0 
12 19247 85.0 
13 21245 86.0 
14 22847 87.0 
15 24433 88.0 
16 26787 89.0 
19 31571 90.0 
21 34043 91.0 
24 39101 92.0 
27 43355 93.0 
29 47589 94.0 
56 90291 95.0 
67 108171 96.0 
==== END RUN ====
0 1 59.0 
0 17 61.0 
0 66 63.0 
0 915 65.0 
3 4879 70.0 
4 7459 73.0 
6 10881 74.0 
7 11217 77.0 
7 11525 78.0 
7 11642 79.0 
8 12869 80.0 
9 15217 81.0 
11 18595 82.0 
12 19405 83.0 
12 19413 84.0 
13 20837 85.0 
15 24471 86.0 
15 24905 87.0 
17 27305 88.0 
18 29981 89.0 
19 30649 90.0 
19 31301 91.0 
25 40701 92.0 
28 45241 93.0 
30 48013 94.0 
32 52741 95.0 
42 67209 96.0 
44 71937 97.0 
64 103297 98.0 
==== END RUN ====
0 1 54.0 
0 5 61.0 
0 14 62.0 
0 104 64.0 
0 141 66.0 
1 1615 67.0 
1 1697 68.0 
1 1920 69.0 
1 2192 71.0 
2 3465 72.0 
2 3793 74.0 
3 5187 76.0 
5 8192 78.0 
6 9711 79.0 
6 9723 80.0 
6 9787 81.0 
7 11269 82.0 
7 12723 83.0 
8 13023 84.0 
9 14527 85.0 
9 14749 86.0 
10 16652 87.0 
12 19335 88.0 
12 19345 89.0 
14 23009 90.0 
17 27821 91.0 
18 29016 92.0 
20 32045 93.0 
21 34123 94.0 
23 37013 95.0 
29 47043 96.0 
37 59421 97.0 
39 62687 98.0 
60 97227 99.0 
==== END RUN ====
0 1 54.0 
0 2 60.0 
0 39 63.0 
0 132 65.0 
1 1638 66.0 
1 1673 69.0 
1 2581 70.0 
3 5231 71.0 
3 5519 72.0 
3 5641 74.0 
4 7429 76.0 
5 8055 77.0 
5 8257 78.0 
5 8509 81.0 
7 11375 83.0 
8 12843 84.0 
8 13606 85.0 
9 15609 86.0 
10 17265 87.0 
11 17943 88.0 
13 22085 89.0 
16 25811 90.0 
17 27817 91.0 
18 29993 92.0 
20 32047 93.0 
21 34633 94.0 
23 36811 95.0 
24 39941 96.0 
28 46073 97.0 
34 55207 98.0 
40 64801 99.0 
50 80807 100.0 
==== END RUN ====
0 1 58.0 
0 18 60.0 
0 73 63.0 
0 82 64.0 
0 1256 70.0 
2 3379 71.0 
2 3700 72.0 
2 4098 73.0 
4 6767 74.0 
6 9847 76.0 
7 11281 77.0 
8 12883 78.0 
8 14323 79.0 
9 15789 80.0 
10 16045 81.0 
11 17663 82.0 
12 19445 83.0 
14 22450 84.0 
14 23351 85.0 
15 24083 86.0 
17 27289 87.0 
17 27613 88.0 
19 30645 89.0 
21 33919 90.0 
22 36095 91.0 
28 45047 92.0 
32 51517 93.0 
35 56245 94.0 
38 61053 95.0 
51 82305 96.0 
62 99249 97.0 
65 104131 98.0 
==== END RUN ====
0 1 48.0 
0 3 52.0 
0 6 59.0 
0 45 64.0 
0 437 66.0 
1 1633 67.0 
2 3279 68.0 
2 3351 69.0 
2 3503 71.0 
2 3978 72.0 
2 4779 73.0 
3 5171 76.0 
4 6959 79.0 
5 9361 80.0 
6 9805 81.0 
6 10131 82.0 
6 10209 83.0 
7 12145 84.0 
8 13042 85.0 
8 13057 86.0 
10 16121 87.0 
10 17246 88.0 
13 20869 89.0 
14 22473 90.0 
15 24247 91.0 
15 24547 92.0 
16 26429 93.0 
20 32991 94.0 
26 41845 96.0 
31 49851 97.0 
35 56243 98.0 
80 129029 99.0 
==== END RUN ====
0 1 53.0 
0 8 55.0 
0 21 62.0 
0 414 64.0 
0 1277 65.0 
1 1765 66.0 
1 2123 67.0 
1 2175 68.0 
2 3595 69.0 
2 3798 70.0 
2 4776 71.0 
3 5951 73.0 
4 7112 74.0 
4 7631 77.0 
6 11003 78.0 
7 11259 79.0 
7 11355 80.0 
7 11431 81.0 
8 12875 83.0 
9 14610 84.0 
10 16071 85.0 
10 17586 86.0 
13 21241 87.0 
14 22691 88.0 
16 25661 89.0 
17 27359 90.0 
18 29549 91.0 
20 32413 92.0 
23 37099 93.0 
26 41889 94.0 
29 46669 95.0 
30 48729 96.0 
31 49889 97.0 
36 58207 98.0 
50 81059 99.0 
64 103467 100.0 
==== END RUN ====
0 1 47.0 
0 2 49.0 
0 4 51.0 
0 5 57.0 
0 15 65.0 
1 1657 68.0 
1 1709 70.0 
1 3100 71.0 
2 3236 72.0 
2 3697 73.0 
3 5120 75.0 
3 5506 76.0 
6 9617 78.0 
6 9637 79.0 
6 9638 80.0 
6 9726 81.0 
7 11319 82.0 
8 12834 83.0 
8 12847 86.0 
10 16002 87.0 
13 20805 88.0 
14 22403 89.0 
16 25789 90.0 
17 27897 91.0 
18 30213 92.0 
20 32016 93.0 
22 35317 94.0 
23 37501 95.0 
25 40905 96.0 
26 41727 97.0 
39 62411 98.0 
45 72045 99.0 
65 104037 100.0 
==== END RUN ====
0 1 48.0 
0 3 55.0 
0 27 56.0 
0 45 61.0 
0 71 62.0 
0 599 63.0 
0 723 64.0 
0 1153 65.0 
1 1644 69.0 
1 1941 70.0 
1 2906 71.0 
2 3427 72.0 
2 3673 73.0 
2 3925 74.0 
3 4863 76.0 
3 5547 78.0 
4 6419 79.0 
4 6577 81.0 
4 6619 82.0 
5 8429 83.0 
5 8739 84.0 
7 11267 85.0 
8 13303 86.0 
8 13431 87.0 
10 16571 88.0 
12 19227 89.0 
12 20277 90.0 
14 22531 91.0 
15 24027 92.0 
18 28911 93.0 
20 33505 94.0 
26 43015 95.0 
38 61121 96.0 
39 63241 97.0 
55 89419 98.0 
63 101641 99.0 
==== END RUN ====
0 1 47.0 
0 2 50.0 
0 3 56.0 
0 5 61.0 
0 110 64.0 
0 702 67.0 
2 3401 69.0 
2 3435 70.0 
2 4357 72.0 
3 5099 73.0 
3 5282 74.0 
3 5900 75.0 
4 6631 77.0 
4 7131 78.0 
5 8553 79.0 
6 9694 80.0 
6 9951 81.0 
6 10653 82.0 
7 11977 83.0 
8 12823 84.0 
9 14666 85.0 
9 14983 86.0 
10 17531 87.0 
11 17919 88.0 
11 18208 89.0 
13 21669 90.0 
14 23701 91.0 
16 26001 92.0 
18 29271 93.0 
19 31267 94.0 
21 34001 95.0 
23 37215 96.0 
24 38495 97.0 
37 59945 98.0 
39 63279 99.0 
45 72091 100.0 
==== END RUN ====
0 1 47.0 
0 2 50.0 
0 3 53.0 
0 4 60.0 
0 14 61.0 
0 154 62.0 
0 187 63.0 
0 252 64.0 
0 817 66.0 
1 1607 67.0 
1 1615 69.0 
1 1879 70.0 
1 1969 72.0 
2 3397 73.0 
2 3923 74.0 
3 5221 76.0 
4 7424 78.0 
5 8055 79.0 
6 9699 80.0 
6 10463 81.0 
7 11217 82.0 
7 11713 83.0 
7 12146 85.0 
8 14101 86.0 
11 17665 88.0 
11 18263 89.0 
12 19681 90.0 
15 24177 91.0 
17 27303 92.0 
18 29199 93.0 
23 37663 95.0 
30 49491 96.0 
32 52052 97.0 
37 59357 98.0 
48 76947 99.0 
==== END RUN ====
0 1 50.0 
0 3 53.0 
0 5 54.0 
0 7 61.0 
0 251 64.0 
0 944 68.0 
1 1603 70.0 
1 1866 72.0 
1 2223 73.0 
1 2825 78.0 
3 6281 80.0 
4 6621 81.0 
4 6835 82.0 
6 9985 83.0 
7 12062 84.0 
7 12473 85.0 
8 12845 86.0 
9 14475 87.0 
9 15086 88.0 
10 16557 90.0 
11 18419 91.0 
12 19977 92.0 
14 22957 93.0 
15 24553 94.0 
18 29621 95.0 
23 37359 96.0 
36 58145 97.0 
45 72545 98.0 
==== END RUN ====
0 1 49.0 
0 3 52.0 
0 5 54.0 
0 13 63.0 
0 271 64.0 
0 910 65.0 
1 1601 66.0 
1 1725 67.0 
1 1729 70.0 
1 2625 71.0 
3 4801 73.0 
3 4807 76.0 
3 4999 77.0 
3 5570 78.0 
4 6761 79.0 
4 7526 80.0 
5 8339 81.0 
6 9799 83.0 
6 10509 84.0 
7 11247 86.0 
7 12695 87.0 
8 14039 88.0 
9 15683 89.0 
11 17737 90.0 
11 18269 91.0 
13 21193 92.0 
15 25543 93.0 
17 27241 94.0 
18 29517 95.0 
19 31773 96.0 
21 34917 97.0 
24 38993 98.0 
55 88503 99.0 
==== END RUN ====
0 1 58.0 
0 16 62.0 
0 32 63.0 
0 478 66.0 
0 513 68.0 
3 4999 70.0 
5 8028 71.0 
5 8074 73.0 
7 11653 74.0 
8 13635 75.0 
8 14027 76.0 
10 16143 77.0 
10 16155 78.0 
11 18819 79.0 
14 23932 80.0 
16 26539 81.0 
17 27607 82.0 
19 31346 83.0 
20 33529 84.0 
23 38335 85.0 
25 40019 86.0 
26 42011 87.0 
28 45487 88.0 
30 48407 89.0 
33 53521 90.0 
41 66907 91.0 
43 68877 92.0 
49 79925 93.0 
60 96067 94.0 
66 106899 95.0 
==== END RUN ====
0 1 52.0 
0 6 57.0 
0 29 62.0 
0 506 63.0 
1 1603 65.0 
1 1625 66.0 
1 1689 68.0 
1 1722 70.0 
1 1841 71.0 
1 2275 72.0 
1 2579 73.0 
2 3204 75.0 
2 3324 77.0 
2 3419 80.0 
3 5141 83.0 
4 7646 84.0 
5 8289 85.0 
5 9054 86.0 
6 10061 88.0 
7 12711 89.0 
8 13507 90.0 
9 15009 91.0 
11 18849 92.0 
11 18977 93.0 
13 20939 94.0 
14 22691 95.0 
15 25049 96.0 
18 29967 97.0 
26 42653 98.0 
35 57045 99.0 
41 67091 100.0 
==== END RUN ====
0 1 49.0 
0 2 54.0 
0 4 55.0 
0 5 58.0 
0 41 59.0 
0 88 60.0 
0 182 64.0 
0 225 65.0 
0 921 66.0 
1 1605 71.0 
1 1637 72.0 
1 2757 75.0 
3 5420 76.0 
3 5593 77.0 
4 6638 78.0 
4 6695 79.0 
4 7295 84.0 
5 8135 85.0 
5 8739 86.0 
8 12959 87.0 
8 13175 88.0 
9 14553 89.0 
9 14733 90.0 
10 16157 91.0 
10 16379 92.0 
11 17907 93.0 
11 18947 94.0 
15 24228 95.0 
16 26007 96.0 
18 29833 97.0 
21 33889 98.0 
24 39437 99.0 
31 49963 100.0 
==== END RUN ====
0 1 49.0 
0 3 53.0 
0 4 54.0 
0 5 58.0 
0 11 59.0 
0 165 60.0 
0 246 62.0 
0 293 65.0 
0 1329 66.0 
0 1438 68.0 
1 1624 69.0 
1 1704 70.0 
2 3245 71.0 
2 3502 73.0 
2 3647 75.0 
3 5231 76.0 
4 6672 77.0 
4 6685 78.0 
4 7769 79.0 
6 9605 84.0 
7 11579 85.0 
8 13211 86.0 
8 13678 87.0 
9 14531 88.0 
10 17517 89.0 
11 18631 90.0 
12 19953 91.0 
15 24857 92.0 
17 27309 93.0 
18 28901 94.0 
21 34211 95.0 
23 37555 96.0 
30 49031 97.0 
35 56673 98.0 
38 61831 99.0 
44 71073 100.0 
==== END RUN ====
0 1 52.0 
0 3 59.0 
0 14 62.0 
0 166 64.0 
0 687 65.0 
0 745 70.0 
1 2837 71.0 
2 3292 72.0 
2 3349 74.0 
2 3577 77.0 
3 5158 78.0 
4 6401 79.0 
4 6429 81.0 
4 6591 82.0 
5 8389 83.0 
6 10578 84.0 
6 11153 85.0 
7 12359 86.0 
8 13253 87.0 
9 14523 88.0 
10 16123 89.0 
12 20461 90.0 
16 26057 91.0 
18 28923 92.0 
21 33713 93.0 
23 37143 94.0 
24 39651 95.0 
28 45249 96.0 
31 49725 97.0 
34 54515 98.0 
45 73307 99.0 
54 87653 100.0 
==== END RUN ====
0 1 41.0 
0 2 45.0 
0 3 55.0 
0 12 56.0 
0 25 58.0 
0 27 59.0 
0 39 64.0 
0 250 66.0 
0 917 68.0 
1 2231 69.0 
2 3313 70.0 
3 5049 71.0 
3 5245 72.0 
4 6883 73.0 
5 8073 75.0 
6 9998 76.0 
6 11109 77.0 
7 12017 78.0 
8 13109 79.0 
10 16061 80.0 
10 16147 81.0 
11 17643 82.0 
11 17807 83.0 
12 19823 84.0 
14 23123 85.0 
16 25751 86.0 
18 28949 87.0 
19 30585 88.0 
21 33765 89.0 
22 35997 90.0 
25 40273 91.0 
26 41807 92.0 
30 48223 93.0 
33 54113 94.0 
38 61011 95.0 
44 71719 96.0 
53 85075 97.0 
61 97919 98.0 
==== END RUN ====
0 1 42.0 
0 2 55.0 
0 5 56.0 
0 6 57.0 
0 29 59.0 
0 67 61.0 
0 179 63.0 
0 329 64.0 
0 733 66.0 
1 1612 69.0 
1 1658 70.0 
1 1686 71.0 
1 1729 73.0 
1 2010 74.0 
1 2076 76.0 
2 4083 77.0 
3 6045 78.0 
4 6542 79.0 
4 6635 82.0 
5 8953 83.0 
5 9145 84.0 
9 14985 86.0 
10 17165 87.0 
11 17783 88.0 
12 19201 90.0 
14 22669 91.0 
17 27295 92.0 
17 28499 93.0 
20 33533 94.0 
31 49685 95.0 
34 54923 96.0 
37 59725 97.0 
39 62927 98.0 
51 83129 99.0 
60 96513 100.0 
==== END RUN ====
0 1 49.0 
0 3 56.0 
0 7 57.0 
0 11 59.0 
0 25 65.0 
0 155 68.0 
1 1883 72.0 
2 3420 73.0 
2 3653 74.0 
3 4863 75.0 
3 4912 76.0 
3 4975 77.0 
3 5391 79.0 
3 5509 80.0 
5 8130 84.0 
7 11241 85.0 
7 11278 87.0 
9 15073 89.0 
14 22453 90.0 
14 22695 92.0 
16 26565 93.0 
19 30553 94.0 
19 31131 95.0 
22 35503 96.0 
23 36941 97.0 
25 40143 98.0 
28 44931 99.0 
55 88133 100.0 
==== END RUN ====
0 1 41.0 
0 2 62.0 
0 81 63.0 
0 1251 69.0 
3 5083 70.0 
3 5299 71.0 
4 6701 73.0 
6 9823 74.0 
6 9909 76.0 
7 11512 77.0 
8 12807 79.0 
8 13521 81.0 
9 15489 82.0 
10 16112 83.0 
10 16535 85.0 
11 18481 86.0 
13 21241 87.0 
16 26036 88.0 
16 26169 89.0 
18 29507 90.0 
20 32805 91.0 
22 35341 92.0 
25 40731 93.0 
37 59731 94.0 
54 86537 95.0 
59 94711 96.0 
63 101111 97.0 
64 102931 98.0 
==== END RUN ====
0 1 49.0 
0 2 56.0 
0 6 57.0 
0 44 59.0 
0 169 62.0 
0 235 63.0 
0 493 64.0 
0 672 65.0 
0 1510 67.0 
1 1752 70.0 
4 6521 71.0 
5 8013 73.0 
5 8139 74.0 
5 8695 76.0 
5 9204 78.0 
6 9891 79.0 
8 13047 81.0 
10 16203 83.0 
15 24727 84.0 
17 27325 85.0 
19 30677 86.0 
20 32465 87.0 
21 34937 88.0 
22 35315 89.0 
25 41489 90.0 
27 43999 91.0 
32 52177 92.0 
36 58929 93.0 
41 66075 94.0 
45 72011 95.0 
49 78865 96.0 
56 90189 97.0 
62 99325 98.0 
==== END RUN ====
0 1 51.0 
0 3 52.0 
0 7 54.0 
0 9 55.0 
0 13 56.0 
0 19 64.0 
0 794 65.0 
0 813 66.0 
0 1368 67.0 
1 1677 70.0 
2 3210 71.0 
2 3271 73.0 
2 4535 74.0 
4 7175 75.0 
5 8061 76.0 
5 8679 77.0 
5 9452 78.0 
6 10375 80.0 
7 11375 81.0 
7 11402 82.0 
7 12284 83.0 
8 12862 84.0 
9 14421 88.0 
9 15405 89.0 
10 16049 90.0 
10 17589 91.0 
11 18053 92.0 
12 20132 93.0 
14 22919 94.0 
15 24557 95.0 
16 26177 96.0 
17 28723 97.0 
21 34577 98.0 
46 74577 99.0 
58 94325 100.0 
==== END RUN ====
0 1 50.0 
0 2 52.0 
0 3 57.0 
0 5 61.0 
0 46 64.0 
0 135 69.0 
1 2680 71.0 
3 5391 73.0 
3 5679 74.0 
3 5694 75.0 
4 6821 78.0 
5 8366 79.0 
5 8905 80.0 
6 9679 81.0 
7 11633 82.0 
8 12845 83.0 
10 16031 84.0 
10 16529 85.0 
11 17655 86.0 
11 19029 87.0 
12 19269 88.0 
13 20861 89.0 
14 22438 90.0 
15 25276 91.0 
17 27349 92.0 
18 30183 93.0 
21 33673 94.0 
24 39701 95.0 
29 47845 96.0 
33 54099 97.0 
37 60265 98.0 
40 65267 99.0 
==== END RUN ====
0 1 50.0 
0 4 51.0 
0 5 56.0 
0 43 57.0 
0 47 58.0 
0 59 61.0 
0 83 63.0 
0 1014 65.0 
1 1657 66.0 
2 3216 68.0 
3 5801 69.0 
4 6654 70.0 
4 6887 71.0 
5 8033 72.0 
5 8052 73.0 
5 8363 74.0 
5 8772 75.0 
6 10845 76.0 
7 11208 77.0 
7 11392 78.0 
8 14322 79.0 
9 14711 80.0 
10 16263 81.0 
10 17485 82.0 
11 17837 83.0 
12 19665 84.0 
12 20389 85.0 
15 24693 86.0 
15 25319 87.0 
19 31215 88.0 
21 34412 89.0 
25 41389 90.0 
28 46197 91.0 
33 52961 92.0 
37 59373 93.0 
43 69777 94.0 
51 81763 95.0 
==== END RUN ====
0 1 48.0 
0 9 53.0 
0 11 54.0 
0 12 60.0 
0 41 63.0 
0 75 65.0 
0 675 67.0 
1 2947 68.0 
1 3141 73.0 
3 4928 76.0 
4 6418 77.0 
4 7487 78.0 
5 8007 80.0 
5 8701 81.0 
5 9364 82.0 
6 9891 83.0 
6 9903 84.0 
8 13278 85.0 
8 13367 86.0 
11 17625 87.0 
12 19385 88.0 
14 22493 89.0 
14 23599 90.0 
16 25713 91.0 
17 28305 92.0 
17 28571 93.0 
22 35323 94.0 
24 38717 95.0 
38 61205 96.0 
55 88407 97.0 
62 99217 98.0 
72 115325 99.0 
==== END RUN ====
0 1 51.0 
0 2 57.0 
0 35 59.0 
0 192 61.0 
0 293 63.0 
0 642 65.0 
0 791 66.0 
2 3345 67.0 
3 4811 69.0 
3 5187 71.0 
4 6497 72.0 
4 6568 74.0 
4 6641 75.0 
4 7151 77.0 
5 8248 78.0 
6 9679 80.0 
6 10849 81.0 
8 14221 82.0 
10 16010 83.0 
10 16093 84.0 
10 16613 85.0 
11 17817 86.0 
12 19971 87.0 
14 22426 88.0 
14 23613 89.0 
16 26601 90.0 
17 28207 91.0 
23 37233 92.0 
28 45021 93.0 
34 54431 94.0 
37 59229 95.0 
57 92215 96.0 
71 114617 97.0 
==== END RUN ====
0 1 52.0 
0 3 56.0 
0 13 63.0 
0 190 65.0 
0 500 67.0 
4 6662 68.0 
4 6801 70.0 
4 7163 72.0 
6 9727 73.0 
6 9813 74.0 
6 10351 76.0 
7 11293 78.0 
9 14995 80.0 
11 17693 81.0 
11 18273 82.0 
11 18997 83.0 
13 21615 84.0 
15 24045 85.0 
16 26673 86.0 
18 29138 87.0 
19 30749 88.0 
21 33833 89.0 
23 37139 90.0 
26 41887 91.0 
33 53029 92.0 
37 59235 93.0 
48 77061 94.0 
52 84711 95.0 
56 90661 96.0 
62 100705 97.0 
==== END RUN ====
0 1 40.0 
0 2 42.0 
0 3 50.0 
0 4 55.0 
0 6 58.0 
0 10 61.0 
0 21 62.0 
0 219 65.0 
0 725 67.0 
1 1639 69.0 
1 1654 70.0 
1 1787 72.0 
1 1903 73.0 
1 2361 75.0 
2 3237 77.0 
2 3254 79.0 
2 3416 80.0 
3 5857 82.0 
6 10349 83.0 
8 13077 84.0 
8 13469 86.0 
8 14217 87.0 
10 16721 89.0 
13 20861 91.0 
14 22667 92.0 
14 22767 93.0 
18 28853 94.0 
21 33835 95.0 
23 37305 96.0 
32 51561 97.0 
34 54903 98.0 
42 67425 99.0 
46 74109 100.0 
==== END RUN ====
0 1 54.0 
0 7 56.0 
0 35 61.0 
0 105 63.0 
0 311 64.0 
0 613 65.0 
0 653 68.0 
2 3680 69.0 
3 4802 72.0 
3 4897 73.0 
3 6355 76.0 
4 7006 80.0 
6 11145 81.0 
8 13309 83.0 
9 15173 84.0 
10 16512 85.0 
10 17029 86.0 
11 19103 87.0 
12 19283 88.0 
13 21415 89.0 
14 22473 90.0 
15 24297 91.0 
17 28059 92.0 
18 29171 93.0 
22 36359 94.0 
25 41525 95.0 
31 50731 96.0 
49 79779 97.0 
63 101175 98.0 
==== END RUN ====
0 1 47.0 
0 2 51.0 
0 3 52.0 
0 5 56.0 
0 9 57.0 
0 50 62.0 
0 183 65.0 
0 563 66.0 
1 1675 68.0 
2 3328 71.0 
4 6891 72.0 
6 9743 73.0 
8 12805 74.0 
8 14306 75.0 
9 14781 78.0 
12 19397 79.0 
12 19418 81.0 
15 24051 82.0 
16 25657 83.0 
17 27319 84.0 
18 30289 85.0 
21 34311 86.0 
22 35845 87.0 
25 40115 88.0 
27 44445 89.0 
32 51847 90.0 
34 55405 91.0 
37 59257 92.0 
45 72723 93.0 
54 87829 94.0 
65 104121 95.0 
66 105727 96.0 
==== END RUN ====
0 1 51.0 
0 2 53.0 
0 4 55.0 
0 7 60.0 
0 13 63.0 
0 34 64.0 
0 993 66.0 
1 1961 70.0 
2 3703 71.0 
3 5473 74.0 
4 7357 75.0 
5 8013 76.0 
5 8125 78.0 
6 9623 79.0 
6 10137 80.0 
6 10659 82.0 
8 13463 83.0 
9 14465 85.0 
9 14783 86.0 
10 16983 88.0 
11 18023 89.0 
12 19991 90.0 
14 22437 91.0 
15 24917 92.0 
18 29533 93.0 
19 31245 94.0 
23 37293 95.0 
26 41635 96.0 
31 49645 97.0 
36 57635 98.0 
40 64927 99.0 
53 86109 100.0 
==== END RUN ====
0 1 57.0 
0 63 58.0 
0 67 63.0 
0 1401 66.0 
2 3430 68.0 
3 5011 71.0 
3 6341 72.0 
4 6496 73.0 
5 9269 74.0 
6 9675 75.0 
6 9993 76.0 
7 12512 77.0 
9 14705 78.0 
9 14860 79.0 
10 16023 80.0 
10 16306 81.0 
11 18209 82.0 
13 20859 83.0 
15 24249 84.0 
16 26659 85.0 
17 27693 86.0 
19 30491 87.0 
21 34781 88.0 
24 38579 89.0 
26 41685 90.0 
29 46589 91.0 
32 52437 92.0 
36 57847 93.0 
40 64387 94.0 
44 71467 95.0 
58 93255 96.0 
==== END RUN ====
0 1 55.0 
0 5 67.0 
1 2848 69.0 
2 3273 71.0 
2 4716 72.0 
3 5589 76.0 
6 9607 77.0 
6 9627 79.0 
6 10425 80.0 
6 11173 81.0 
7 11801 82.0 
8 12877 83.0 
8 13421 84.0 
11 17615 85.0 
11 18601 86.0 
13 21485 87.0 
14 22781 88.0 
15 24891 89.0 
17 27699 90.0 
17 28181 91.0 
20 32249 92.0 
21 34525 93.0 
26 42583 94.0 
55 89051 95.0 
62 100713 96.0 
==== END RUN ====
0 1 49.0 
0 5 53.0 
0 17 61.0 
0 211 65.0 
0 1321 67.0 
2 3207 69.0 
2 3221 72.0 
3 4806 74.0 
3 4840 76.0 
3 4871 77.0 
3 5731 78.0 
4 6408 80.0 
5 8009 81.0 
5 8021 82.0 
5 8163 83.0 
5 8389 84.0 
5 9180 85.0 
6 10213 86.0 
9 14909 87.0 
10 17399 88.0 
11 17995 89.0 
12 19439 90.0 
14 22551 91.0 
16 25667 92.0 
16 26537 93.0 
20 32091 94.0 
22 35235 95.0 
25 40187 96.0 
26 41751 97.0 
33 53737 98.0 
41 65759 99.0 
==== END RUN ====
0 1 54.0 
0 2 59.0 
0 24 60.0 
0 38 61.0 
0 61 63.0 
0 184 64.0 
0 1232 65.0 
1 2496 66.0 
1 3002 67.0 
2 3513 68.0 
2 3878 70.0 
2 4487 71.0 
4 6814 73.0 
5 8450 74.0 
5 8844 75.0 
6 9654 76.0 
6 9815 79.0 
7 11383 80.0 
7 11855 81.0 
7 12097 83.0 
9 15075 84.0 
11 17883 85.0 
11 17935 86.0 
12 19219 87.0 
13 20831 88.0 
13 20885 89.0 
14 22463 90.0 
14 23967 91.0 
17 27527 92.0 
19 30669 93.0 
22 35247 94.0 
24 38825 95.0 
30 48045 96.0 
31 49635 97.0 
34 54659 98.0 
39 62661 99.0 
64 102441 100.0 
==== END RUN ====
0 1 52.0 
0 5 63.0 
0 371 66.0 
0 1129 68.0 
1 1803 73.0 
3 5345 77.0 
5 8051 79.0 
6 9719 80.0 
7 11510 81.0 
7 11791 82.0 
8 13927 83.0 
9 14522 84.0 
9 14919 86.0 
13 20839 87.0 
13 21479 88.0 
13 21521 89.0 
16 25833 90.0 
16 26105 91.0 
19 30443 92.0 
22 35233 93.0 
24 38745 94.0 
27 44293 95.0 
31 49719 96.0 
32 51825 97.0 
36 59131 98.0 
52 83825 99.0 
==== END RUN ====
0 1 58.0 
0 12 59.0 
0 40 63.0 
0 47 64.0 
0 1157 65.0 
1 1652 68.0 
1 2117 69.0 
1 2434 71.0 
2 4704 72.0 
3 4857 73.0 
3 4995 74.0 
4 6481 75.0 
4 6547 76.0 
5 8123 77.0 
6 9899 78.0 
6 10193 81.0 
8 13225 82.0 
9 14509 83.0 
10 16175 85.0 
10 16907 86.0 
11 17955 87.0 
12 19243 88.0 
12 20427 89.0 
15 25048 90.0 
16 26025 91.0 
17 27333 92.0 
19 31373 93.0 
20 33035 94.0 
26 42561 95.0 
31 49837 96.0 
38 61047 97.0 
43 69413 98.0 
51 82217 99.0 
==== END RUN ====
