0 1 54.0 
0 6 56.0 
0 24 63.0 
0 214 66.0 
0 283 68.0 
6 2661 69.0 
8 3329 71.0 
15 6353 75.0 
60 24081 76.0 
64 25758 79.0 
87 34999 83.0 
103 41327 85.0 
123 49543 87.0 
131 52495 88.0 
152 60962 89.0 
159 63639 90.0 
163 65561 91.0 
177 70967 92.0 
187 75054 93.0 
216 86573 94.0 
227 91131 95.0 
233 93437 96.0 
246 98427 97.0 
246 98531 99.0 
298 119525 100.0 
==== END RUN ====
0 1 62.0 
1 683 63.0 
2 942 71.0 
29 11883 72.0 
33 13493 74.0 
43 17261 77.0 
52 20858 78.0 
58 23207 79.0 
75 30351 81.0 
103 41507 82.0 
116 46595 84.0 
124 49718 85.0 
137 55151 86.0 
145 58140 89.0 
173 69334 90.0 
177 70986 91.0 
188 75593 92.0 
190 76302 94.0 
219 87895 95.0 
231 92659 96.0 
237 95129 98.0 
267 107131 99.0 
312 125013 100.0 
==== END RUN ====
0 1 44.0 
0 2 52.0 
0 3 59.0 
0 17 62.0 
0 297 65.0 
5 2383 72.0 
37 14810 75.0 
58 23417 79.0 
75 30299 80.0 
77 31134 82.0 
102 41043 83.0 
103 41304 86.0 
124 49681 87.0 
142 57152 88.0 
148 59283 89.0 
164 65997 91.0 
173 69590 93.0 
189 75871 94.0 
216 86629 95.0 
233 93377 96.0 
245 98027 97.0 
256 102549 98.0 
263 105477 99.0 
300 120065 100.0 
==== END RUN ====
0 1 50.0 
0 4 62.0 
0 251 65.0 
2 1053 66.0 
8 3484 68.0 
20 8318 71.0 
38 15533 73.0 
40 16376 74.0 
51 20512 75.0 
58 23306 78.0 
79 31617 79.0 
89 35702 80.0 
92 36873 81.0 
93 37517 83.0 
106 42517 86.0 
129 51881 87.0 
137 55006 88.0 
151 60779 89.0 
170 68351 90.0 
173 69592 91.0 
179 71939 92.0 
190 76061 93.0 
197 78945 95.0 
207 82865 96.0 
208 83369 97.0 
243 97475 98.0 
268 107499 99.0 
297 119025 100.0 
==== END RUN ====
0 1 44.0 
0 2 46.0 
0 3 53.0 
0 17 56.0 
0 22 67.0 
6 2689 70.0 
17 6992 71.0 
30 12143 73.0 
37 14944 74.0 
57 23192 75.0 
58 23551 77.0 
71 28745 78.0 
74 29811 80.0 
82 33055 82.0 
104 41701 85.0 
138 55587 86.0 
141 56459 87.0 
152 61057 88.0 
163 65425 89.0 
165 66165 91.0 
179 71726 92.0 
186 74741 93.0 
197 79174 94.0 
220 88112 95.0 
231 92688 96.0 
238 95515 98.0 
269 107695 99.0 
303 121599 100.0 
==== END RUN ====
0 1 54.0 
0 3 55.0 
0 20 64.0 
1 498 67.0 
1 563 68.0 
13 5244 69.0 
19 7623 70.0 
20 8155 71.0 
32 12946 75.0 
68 27228 76.0 
71 28664 77.0 
78 31516 79.0 
93 37331 81.0 
108 43202 82.0 
116 46631 84.0 
137 54959 87.0 
158 63237 89.0 
176 70727 91.0 
207 82811 92.0 
215 86295 93.0 
217 87107 94.0 
238 95553 95.0 
239 95655 97.0 
273 109245 98.0 
290 116017 99.0 
324 129899 100.0 
==== END RUN ====
0 1 48.0 
0 2 49.0 
0 4 55.0 
0 11 58.0 
0 29 59.0 
0 60 60.0 
0 108 65.0 
1 542 66.0 
3 1205 67.0 
12 4964 72.0 
28 11424 75.0 
46 18618 76.0 
67 27137 77.0 
71 28588 78.0 
84 33953 79.0 
94 37763 84.0 
117 46915 86.0 
139 55615 88.0 
155 62027 89.0 
167 67073 90.0 
179 71888 91.0 
184 73841 92.0 
213 85413 93.0 
220 88055 95.0 
243 97437 97.0 
278 111267 98.0 
279 111673 99.0 
303 121435 100.0 
==== END RUN ====
0 1 57.0 
0 12 61.0 
0 35 62.0 
0 155 63.0 
0 315 64.0 
2 805 67.0 
8 3303 68.0 
12 5150 69.0 
26 10754 70.0 
27 10847 71.0 
31 12481 75.0 
46 18734 76.0 
62 25029 78.0 
71 28677 79.0 
84 33786 81.0 
97 38933 82.0 
102 41092 83.0 
110 44049 84.0 
128 51211 85.0 
137 54808 86.0 
142 56932 87.0 
155 62051 90.0 
187 75048 91.0 
196 78669 92.0 
213 85443 94.0 
224 89674 95.0 
248 99445 96.0 
262 104913 97.0 
278 111331 98.0 
285 114003 99.0 
294 117609 100.0 
==== END RUN ====
0 1 55.0 
0 4 61.0 
0 270 62.0 
1 745 63.0 
2 991 68.0 
10 4149 69.0 
19 7684 71.0 
37 15121 72.0 
42 16994 75.0 
56 22677 78.0 
75 30233 80.0 
83 33396 82.0 
110 44041 83.0 
113 45524 84.0 
119 47879 85.0 
125 50039 89.0 
150 60395 90.0 
165 66167 91.0 
168 67433 92.0 
168 67543 93.0 
195 78021 94.0 
199 79753 95.0 
200 80080 98.0 
270 108079 99.0 
287 115109 100.0 
==== END RUN ====
0 1 43.0 
0 2 56.0 
0 11 60.0 
0 51 61.0 
0 245 64.0 
3 1581 66.0 
5 2023 68.0 
13 5293 69.0 
15 6207 71.0 
32 13002 72.0 
35 14304 73.0 
44 17878 74.0 
45 18348 75.0 
61 24684 76.0 
62 24818 80.0 
94 37989 81.0 
107 42848 82.0 
112 44829 83.0 
117 47044 85.0 
120 48198 86.0 
142 57084 87.0 
148 59509 89.0 
160 64115 90.0 
175 70269 91.0 
178 71211 92.0 
179 71741 93.0 
212 85025 94.0 
214 85839 95.0 
231 92651 96.0 
252 100979 97.0 
258 103446 98.0 
260 104197 99.0 
290 116075 100.0 
==== END RUN ====
0 1 55.0 
0 3 59.0 
0 22 61.0 
0 220 62.0 
0 225 63.0 
1 514 67.0 
12 5113 68.0 
14 5868 70.0 
32 12946 71.0 
41 16495 74.0 
44 17976 75.0 
48 19439 77.0 
53 21441 79.0 
89 35851 83.0 
101 40700 84.0 
117 47023 85.0 
132 52845 86.0 
136 54690 88.0 
149 59708 89.0 
164 65718 90.0 
168 67405 91.0 
177 70985 92.0 
196 78707 94.0 
198 79451 95.0 
217 87149 96.0 
240 96003 98.0 
279 111725 99.0 
294 117723 100.0 
==== END RUN ====
0 1 48.0 
0 2 50.0 
0 3 56.0 
0 15 57.0 
0 17 59.0 
0 20 60.0 
0 23 61.0 
0 85 62.0 
0 132 66.0 
1 445 69.0 
12 5054 73.0 
50 20023 75.0 
54 21740 76.0 
62 24891 77.0 
65 26337 79.0 
84 33750 82.0 
99 39969 83.0 
115 46035 84.0 
129 51855 86.0 
143 57431 87.0 
151 60430 88.0 
162 65141 92.0 
204 81608 93.0 
207 83107 94.0 
222 88939 97.0 
263 105569 98.0 
284 113735 99.0 
300 120025 100.0 
==== END RUN ====
0 1 49.0 
0 5 50.0 
0 6 58.0 
0 7 60.0 
0 161 62.0 
0 181 70.0 
17 6827 72.0 
35 14183 73.0 
42 17120 75.0 
54 21836 76.0 
59 23886 77.0 
80 32232 79.0 
81 32799 80.0 
89 35948 81.0 
118 47347 83.0 
126 50419 84.0 
127 51083 85.0 
131 52695 89.0 
180 72007 92.0 
202 80853 94.0 
229 91780 95.0 
235 94185 96.0 
249 99643 97.0 
263 105339 98.0 
287 114811 99.0 
307 123175 100.0 
==== END RUN ====
0 1 58.0 
0 7 61.0 
0 112 64.0 
1 515 65.0 
2 866 68.0 
11 4531 69.0 
22 8841 71.0 
24 9634 72.0 
33 13297 73.0 
55 22236 74.0 
59 23637 75.0 
61 24764 77.0 
69 27867 84.0 
128 51403 87.0 
152 60935 90.0 
177 71103 91.0 
188 75345 92.0 
196 78441 94.0 
214 85967 95.0 
228 91508 96.0 
252 100833 97.0 
252 100989 98.0 
301 120465 99.0 
303 121529 100.0 
==== END RUN ====
0 1 53.0 
0 11 56.0 
0 12 59.0 
0 68 60.0 
0 79 62.0 
0 137 64.0 
2 864 66.0 
3 1436 67.0 
4 1968 68.0 
6 2791 71.0 
21 8469 73.0 
47 18823 76.0 
58 23201 79.0 
76 30441 80.0 
89 35921 81.0 
99 39946 83.0 
107 43015 84.0 
115 46269 85.0 
123 49402 87.0 
126 50501 88.0 
146 58563 91.0 
168 67413 92.0 
176 70688 93.0 
186 74521 94.0 
196 78521 95.0 
213 85359 96.0 
219 87907 97.0 
231 92771 98.0 
256 102551 99.0 
286 114697 100.0 
==== END RUN ====
0 1 42.0 
0 2 46.0 
0 3 50.0 
0 10 56.0 
0 31 63.0 
0 111 64.0 
1 531 65.0 
1 623 66.0 
1 798 69.0 
19 7723 72.0 
29 11999 75.0 
56 22685 77.0 
66 26476 79.0 
67 27057 82.0 
107 43131 83.0 
109 43831 84.0 
110 44147 85.0 
129 51963 86.0 
136 54692 88.0 
147 58992 91.0 
189 75761 92.0 
191 76433 94.0 
218 87561 95.0 
222 89073 96.0 
247 98897 97.0 
255 102251 98.0 
259 103957 99.0 
282 113123 100.0 
==== END RUN ====
0 1 52.0 
0 4 53.0 
0 12 56.0 
0 27 58.0 
0 83 61.0 
0 84 63.0 
1 483 64.0 
1 593 65.0 
6 2649 67.0 
10 4386 70.0 
19 7628 72.0 
19 7835 73.0 
43 17325 75.0 
47 18851 77.0 
59 23917 78.0 
69 27946 80.0 
84 33739 84.0 
117 47173 85.0 
124 49704 86.0 
134 53713 87.0 
136 54547 88.0 
145 58198 89.0 
158 63267 91.0 
176 70637 92.0 
202 80905 94.0 
211 84585 95.0 
213 85219 96.0 
226 90585 97.0 
245 98013 98.0 
247 98929 99.0 
272 108867 100.0 
==== END RUN ====
0 1 54.0 
0 3 56.0 
0 50 59.0 
0 139 63.0 
0 166 67.0 
11 4764 70.0 
31 12482 72.0 
34 13640 73.0 
42 17096 75.0 
57 23054 77.0 
59 23881 78.0 
62 24900 79.0 
88 35230 81.0 
102 40999 83.0 
112 44865 85.0 
128 51527 86.0 
139 55656 87.0 
144 57983 88.0 
153 61434 90.0 
177 71019 91.0 
181 72447 92.0 
201 80471 93.0 
202 80959 94.0 
208 83546 95.0 
237 95149 97.0 
243 97353 98.0 
290 116237 99.0 
297 118833 100.0 
==== END RUN ====
0 1 47.0 
0 2 52.0 
0 3 58.0 
0 23 61.0 
0 61 63.0 
2 1009 64.0 
2 1026 65.0 
6 2777 70.0 
23 9583 73.0 
50 20305 74.0 
59 23745 76.0 
71 28411 77.0 
74 29741 78.0 
75 30071 79.0 
97 38972 82.0 
114 45821 83.0 
120 48016 84.0 
136 54473 85.0 
150 60173 86.0 
155 62021 87.0 
161 64707 88.0 
167 67165 89.0 
175 70208 90.0 
192 76873 92.0 
201 80551 93.0 
213 85497 95.0 
243 97316 96.0 
275 110243 97.0 
282 113147 98.0 
302 120849 99.0 
331 132777 100.0 
==== END RUN ====
0 1 48.0 
0 2 56.0 
0 12 59.0 
0 33 60.0 
0 79 62.0 
0 84 63.0 
0 274 64.0 
2 1013 68.0 
22 8927 69.0 
27 11159 70.0 
27 11174 72.0 
38 15363 73.0 
40 16177 75.0 
44 17767 77.0 
73 29384 80.0 
76 30781 83.0 
84 33745 85.0 
122 48913 86.0 
130 52067 87.0 
151 60657 89.0 
164 65649 90.0 
182 73018 91.0 
183 73483 92.0 
198 79443 93.0 
204 81961 94.0 
218 87417 95.0 
238 95505 96.0 
244 97899 97.0 
256 102795 98.0 
274 109935 99.0 
300 120303 100.0 
==== END RUN ====
0 1 56.0 
0 4 58.0 
0 5 59.0 
0 7 62.0 
0 86 66.0 
0 339 67.0 
7 3102 68.0 
8 3376 69.0 
14 5782 70.0 
24 9886 74.0 
61 24799 75.0 
64 25703 78.0 
67 26855 80.0 
90 36391 81.0 
110 44231 83.0 
117 46894 84.0 
123 49569 85.0 
139 55689 86.0 
144 57651 87.0 
152 60883 88.0 
155 62113 90.0 
178 71317 91.0 
178 71589 92.0 
194 77843 95.0 
231 92565 96.0 
232 92875 97.0 
241 96773 98.0 
276 110407 99.0 
297 118879 100.0 
==== END RUN ====
0 1 51.0 
0 3 60.0 
0 13 61.0 
0 99 63.0 
1 511 65.0 
1 661 66.0 
6 2697 67.0 
7 2866 71.0 
26 10405 73.0 
60 24033 75.0 
60 24272 77.0 
75 30018 78.0 
87 34815 79.0 
112 45134 82.0 
123 49531 83.0 
127 51049 84.0 
140 56387 85.0 
145 58353 86.0 
157 62834 87.0 
160 64113 88.0 
166 66641 89.0 
185 74303 91.0 
208 83465 92.0 
213 85557 94.0 
216 86557 95.0 
239 95903 97.0 
266 106709 98.0 
306 122441 100.0 
==== END RUN ====
0 1 49.0 
0 2 61.0 
0 69 64.0 
0 105 65.0 
5 2098 66.0 
9 4000 70.0 
16 6720 71.0 
27 10893 72.0 
31 12681 74.0 
47 18985 75.0 
51 20777 76.0 
58 23385 78.0 
72 28853 81.0 
77 30925 82.0 
78 31345 83.0 
111 44567 84.0 
123 49463 85.0 
129 51719 86.0 
135 54251 88.0 
147 59195 90.0 
162 65195 91.0 
184 73982 92.0 
198 79240 94.0 
214 85837 95.0 
221 88773 96.0 
240 96001 97.0 
252 101125 99.0 
284 113849 100.0 
==== END RUN ====
0 1 59.0 
0 19 60.0 
0 21 62.0 
0 195 65.0 
1 485 66.0 
2 836 68.0 
8 3491 69.0 
9 3699 72.0 
28 11505 74.0 
57 22835 75.0 
64 25653 77.0 
72 28925 78.0 
74 29731 80.0 
79 31617 81.0 
83 33357 82.0 
103 41558 83.0 
126 50699 84.0 
130 52343 85.0 
135 54053 87.0 
136 54583 88.0 
154 61786 89.0 
163 65567 90.0 
174 69619 91.0 
188 75229 92.0 
199 79871 94.0 
219 87815 95.0 
222 88996 96.0 
246 98491 97.0 
249 99948 98.0 
255 102285 99.0 
294 117847 100.0 
==== END RUN ====
0 1 52.0 
0 2 56.0 
0 6 57.0 
0 15 58.0 
0 19 59.0 
0 84 61.0 
0 179 63.0 
1 450 65.0 
1 733 66.0 
5 2051 67.0 
13 5231 68.0 
15 6177 69.0 
21 8433 70.0 
21 8777 71.0 
28 11564 72.0 
30 12139 74.0 
47 18883 76.0 
66 26635 77.0 
85 34114 78.0 
86 34648 82.0 
97 38936 84.0 
122 48854 85.0 
144 57891 87.0 
163 65477 88.0 
166 66751 89.0 
176 70599 92.0 
198 79489 94.0 
225 90105 95.0 
235 94023 97.0 
250 100087 98.0 
273 109436 99.0 
312 125099 100.0 
==== END RUN ====
0 1 53.0 
0 5 54.0 
0 14 55.0 
0 22 56.0 
0 25 58.0 
0 52 61.0 
0 53 63.0 
0 57 66.0 
0 240 67.0 
0 344 69.0 
11 4632 71.0 
32 12901 72.0 
38 15291 73.0 
44 17887 74.0 
46 18495 75.0 
57 23086 76.0 
59 23769 77.0 
66 26673 78.0 
71 28500 81.0 
83 33321 83.0 
102 40819 84.0 
116 46691 86.0 
117 46850 87.0 
129 51664 89.0 
160 64153 90.0 
174 69727 91.0 
178 71521 94.0 
201 80447 95.0 
209 83651 96.0 
233 93363 98.0 
261 104713 99.0 
275 110107 100.0 
==== END RUN ====
0 1 56.0 
0 24 58.0 
0 28 65.0 
1 701 66.0 
9 3671 68.0 
14 5681 69.0 
19 7816 71.0 
24 9695 72.0 
30 12031 76.0 
49 19721 77.0 
70 28267 80.0 
87 34941 81.0 
102 41000 82.0 
104 41901 83.0 
117 46919 84.0 
131 52497 86.0 
146 58773 90.0 
175 70029 92.0 
199 79987 93.0 
212 84829 96.0 
247 99059 97.0 
268 107521 98.0 
277 111065 99.0 
293 117425 100.0 
==== END RUN ====
0 1 51.0 
0 2 52.0 
0 4 55.0 
0 5 58.0 
0 12 60.0 
0 24 66.0 
1 785 70.0 
24 9841 71.0 
33 13407 73.0 
43 17361 74.0 
46 18648 77.0 
70 28013 79.0 
80 32165 81.0 
82 33169 82.0 
102 40886 83.0 
104 41892 85.0 
118 47577 86.0 
133 53461 87.0 
136 54643 88.0 
143 57423 89.0 
153 61429 90.0 
155 62070 91.0 
165 66024 92.0 
179 71687 94.0 
194 77694 95.0 
198 79365 96.0 
246 98665 98.0 
270 108279 99.0 
275 110263 100.0 
==== END RUN ====
0 1 43.0 
0 2 50.0 
0 5 52.0 
0 6 53.0 
0 10 54.0 
0 15 56.0 
0 16 61.0 
0 97 62.0 
0 257 65.0 
4 1811 68.0 
9 3773 69.0 
23 9547 71.0 
31 12516 72.0 
35 14295 73.0 
47 19075 74.0 
51 20760 76.0 
70 28070 77.0 
79 31661 78.0 
81 32567 80.0 
95 38095 82.0 
98 39407 84.0 
115 46009 86.0 
142 57025 87.0 
144 57901 91.0 
196 78665 92.0 
215 86177 94.0 
231 92779 95.0 
244 97759 97.0 
254 101688 98.0 
282 112959 99.0 
310 124309 100.0 
==== END RUN ====
0 1 45.0 
0 2 57.0 
0 27 58.0 
0 36 65.0 
0 233 66.0 
1 493 68.0 
13 5371 70.0 
16 6589 72.0 
24 9609 73.0 
48 19329 74.0 
51 20420 77.0 
61 24774 78.0 
88 35445 79.0 
96 38671 80.0 
102 40901 83.0 
114 45746 84.0 
129 51916 87.0 
155 62183 88.0 
161 64485 89.0 
172 69004 90.0 
182 72894 91.0 
193 77213 92.0 
196 78698 93.0 
208 83547 94.0 
225 90071 95.0 
231 92637 96.0 
244 97893 97.0 
267 106931 98.0 
278 111410 99.0 
311 124515 100.0 
==== END RUN ====
0 1 58.0 
0 11 59.0 
0 113 60.0 
0 122 61.0 
0 245 62.0 
0 246 65.0 
4 1680 66.0 
5 2128 70.0 
18 7444 74.0 
49 19771 75.0 
70 28206 76.0 
70 28391 78.0 
87 34832 79.0 
95 38107 80.0 
101 40463 82.0 
117 46910 83.0 
118 47324 84.0 
132 53064 85.0 
142 57045 87.0 
162 64977 89.0 
176 70659 92.0 
205 82195 93.0 
210 84085 94.0 
218 87251 95.0 
247 98850 96.0 
249 99781 98.0 
290 116306 99.0 
321 128587 100.0 
==== END RUN ====
0 1 57.0 
0 31 65.0 
2 965 68.0 
8 3351 69.0 
21 8560 70.0 
22 8843 71.0 
28 11576 72.0 
36 14523 73.0 
36 14755 75.0 
52 20907 77.0 
61 24573 78.0 
78 31370 79.0 
81 32451 81.0 
94 37652 82.0 
105 42237 84.0 
114 45803 86.0 
120 48143 87.0 
130 52399 88.0 
160 64203 89.0 
172 68933 90.0 
177 71175 93.0 
199 79767 94.0 
204 81671 95.0 
231 92640 96.0 
243 97414 97.0 
253 101487 98.0 
277 110833 99.0 
297 118891 100.0 
==== END RUN ====
0 1 47.0 
0 2 48.0 
0 3 49.0 
0 6 53.0 
0 9 58.0 
0 10 59.0 
0 19 60.0 
0 25 62.0 
0 223 63.0 
1 599 64.0 
2 1121 65.0 
5 2211 67.0 
10 4130 72.0 
45 18377 74.0 
53 21341 78.0 
57 23184 81.0 
93 37549 86.0 
155 62219 87.0 
157 62937 90.0 
176 70457 91.0 
192 76961 93.0 
205 82383 96.0 
253 101470 97.0 
265 106205 98.0 
279 111715 99.0 
303 121527 100.0 
==== END RUN ====
0 1 46.0 
0 3 52.0 
0 4 56.0 
0 7 60.0 
0 35 63.0 
0 184 64.0 
2 903 67.0 
3 1236 70.0 
13 5507 72.0 
16 6456 73.0 
24 9652 75.0 
41 16659 76.0 
53 21295 78.0 
77 31047 79.0 
85 34029 80.0 
100 40010 82.0 
112 44861 83.0 
115 46095 84.0 
131 52578 85.0 
140 56017 87.0 
154 61679 90.0 
173 69597 91.0 
180 72218 93.0 
205 82085 94.0 
212 84899 95.0 
229 91791 97.0 
252 101053 98.0 
276 110471 99.0 
291 116441 100.0 
==== END RUN ====
0 1 63.0 
0 163 64.0 
1 783 68.0 
16 6537 69.0 
20 8101 71.0 
39 15665 72.0 
46 18425 73.0 
54 21733 74.0 
55 22067 75.0 
60 24104 76.0 
62 25047 79.0 
81 32583 81.0 
86 34509 82.0 
90 36395 84.0 
141 56485 85.0 
145 58195 86.0 
156 62737 87.0 
158 63360 88.0 
160 64227 89.0 
176 70587 90.0 
183 73341 91.0 
207 83124 93.0 
210 84212 95.0 
250 100241 96.0 
255 102173 97.0 
267 106871 98.0 
275 110291 99.0 
307 123081 100.0 
==== END RUN ====
0 1 51.0 
0 5 53.0 
0 10 54.0 
0 15 56.0 
0 29 63.0 
0 51 64.0 
1 610 68.0 
2 867 69.0 
8 3289 70.0 
10 4069 71.0 
23 9451 72.0 
32 12965 74.0 
44 17837 75.0 
45 18219 77.0 
61 24539 79.0 
93 37515 80.0 
105 42230 81.0 
106 42722 82.0 
109 43660 85.0 
113 45281 87.0 
140 56384 89.0 
166 66676 90.0 
171 68583 91.0 
188 75437 92.0 
204 81995 93.0 
210 84117 95.0 
233 93385 96.0 
243 97249 97.0 
276 110425 98.0 
300 120209 99.0 
307 122805 100.0 
==== END RUN ====
0 1 45.0 
0 2 46.0 
0 3 48.0 
0 4 51.0 
0 7 56.0 
0 10 66.0 
1 771 68.0 
1 791 69.0 
21 8518 70.0 
30 12041 74.0 
60 24195 75.0 
62 25012 77.0 
77 31155 79.0 
90 36165 80.0 
106 42449 81.0 
112 44976 84.0 
129 51607 85.0 
135 54142 86.0 
168 67517 88.0 
171 68654 89.0 
175 70267 91.0 
194 77683 92.0 
213 85356 94.0 
226 90711 96.0 
240 96272 97.0 
259 103657 98.0 
284 113657 99.0 
305 122227 100.0 
==== END RUN ====
0 1 43.0 
0 2 45.0 
0 3 47.0 
0 6 55.0 
0 9 56.0 
0 23 57.0 
0 32 62.0 
0 50 65.0 
1 544 66.0 
11 4533 68.0 
16 6649 69.0 
18 7599 70.0 
19 7895 72.0 
37 15079 73.0 
45 18139 74.0 
57 22882 76.0 
59 23651 78.0 
75 30085 79.0 
81 32665 80.0 
84 33631 82.0 
111 44786 83.0 
121 48743 86.0 
129 51989 87.0 
135 54309 89.0 
174 69795 90.0 
186 74439 91.0 
188 75545 92.0 
204 81827 95.0 
250 100080 96.0 
257 102967 98.0 
261 104763 99.0 
317 127073 100.0 
==== END RUN ====
0 1 50.0 
0 3 51.0 
0 6 52.0 
0 15 53.0 
0 20 54.0 
0 27 58.0 
0 41 60.0 
0 69 61.0 
1 412 62.0 
1 414 66.0 
1 431 67.0 
9 3624 68.0 
10 4325 69.0 
16 6673 70.0 
25 10311 72.0 
37 15141 73.0 
38 15382 74.0 
53 21439 75.0 
59 23983 78.0 
82 33152 79.0 
84 33873 80.0 
98 39329 82.0 
99 39960 83.0 
110 44239 84.0 
122 49051 85.0 
128 51579 86.0 
152 60801 89.0 
169 67939 91.0 
180 72273 92.0 
191 76709 93.0 
197 78991 94.0 
199 79663 95.0 
244 97908 96.0 
250 100097 97.0 
273 109343 98.0 
284 113747 100.0 
==== END RUN ====
0 1 56.0 
0 9 58.0 
0 26 61.0 
0 112 63.0 
0 271 66.0 
6 2745 68.0 
17 7107 77.0 
52 20926 81.0 
97 39025 82.0 
105 42255 83.0 
121 48727 85.0 
136 54769 86.0 
138 55233 89.0 
166 66559 90.0 
176 70483 91.0 
179 71639 93.0 
217 86968 94.0 
222 89163 95.0 
229 91931 96.0 
233 93373 97.0 
246 98789 98.0 
258 103569 99.0 
287 114863 100.0 
==== END RUN ====
0 1 47.0 
0 3 49.0 
0 4 50.0 
0 5 58.0 
0 6 59.0 
0 30 62.0 
0 159 68.0 
16 6695 69.0 
28 11297 70.0 
35 14264 71.0 
44 17699 74.0 
48 19565 75.0 
65 26231 76.0 
75 30333 78.0 
82 32861 80.0 
105 42267 82.0 
120 48395 83.0 
123 49353 84.0 
125 50287 86.0 
131 52688 87.0 
152 61112 88.0 
157 62983 91.0 
185 74207 92.0 
193 77493 93.0 
205 82197 94.0 
216 86483 95.0 
239 95864 96.0 
255 102233 97.0 
261 104689 98.0 
285 114141 99.0 
303 121565 100.0 
==== END RUN ====
0 1 58.0 
0 17 61.0 
0 21 64.0 
1 436 65.0 
3 1345 67.0 
7 3017 68.0 
13 5596 70.0 
19 7919 72.0 
26 10760 73.0 
40 16303 74.0 
44 17745 76.0 
52 20843 79.0 
79 31869 80.0 
84 33973 85.0 
110 44259 87.0 
132 53145 88.0 
141 56712 89.0 
148 59253 90.0 
164 65899 93.0 
187 75066 94.0 
219 87629 96.0 
241 96528 97.0 
257 103067 98.0 
259 103647 100.0 
==== END RUN ====
0 1 49.0 
0 3 57.0 
0 7 58.0 
0 60 62.0 
0 312 63.0 
0 332 64.0 
1 654 66.0 
5 2143 70.0 
21 8441 71.0 
27 10881 73.0 
41 16643 75.0 
52 20965 76.0 
56 22463 78.0 
74 29849 79.0 
85 34337 82.0 
110 44065 83.0 
129 51773 84.0 
137 55075 85.0 
144 57629 86.0 
150 60069 87.0 
157 63059 89.0 
176 70763 90.0 
190 76133 91.0 
191 76489 92.0 
208 83357 93.0 
213 85383 94.0 
235 94117 95.0 
247 98847 96.0 
254 101785 97.0 
280 112295 98.0 
285 114217 100.0 
==== END RUN ====
0 1 51.0 
0 2 53.0 
0 11 55.0 
0 17 65.0 
0 355 67.0 
7 2955 69.0 
10 4246 71.0 
18 7317 73.0 
39 15795 74.0 
42 17044 75.0 
62 24825 76.0 
62 25167 77.0 
70 28135 78.0 
73 29257 79.0 
75 30239 80.0 
82 32901 81.0 
88 35243 82.0 
103 41263 83.0 
103 41566 86.0 
138 55407 87.0 
140 56079 88.0 
143 57319 91.0 
174 69603 93.0 
185 74134 95.0 
208 83311 96.0 
209 83947 97.0 
224 89727 98.0 
269 107917 99.0 
287 115153 100.0 
==== END RUN ====
0 1 51.0 
0 4 53.0 
0 8 57.0 
0 32 58.0 
0 33 61.0 
0 166 63.0 
0 393 64.0 
1 685 65.0 
8 3409 67.0 
10 4001 68.0 
19 7929 69.0 
25 10149 70.0 
38 15441 76.0 
76 30775 77.0 
77 31071 80.0 
107 43007 81.0 
108 43419 84.0 
126 50636 88.0 
153 61471 89.0 
172 69149 90.0 
177 71113 91.0 
183 73215 92.0 
194 77866 93.0 
216 86589 94.0 
220 88226 95.0 
229 91626 96.0 
233 93227 97.0 
241 96404 98.0 
276 110717 100.0 
==== END RUN ====
0 1 46.0 
0 3 51.0 
0 5 55.0 
0 10 58.0 
0 62 59.0 
0 63 62.0 
0 130 63.0 
0 191 67.0 
3 1485 69.0 
10 4151 71.0 
29 11943 73.0 
49 19631 74.0 
54 21731 75.0 
55 22016 76.0 
69 27947 78.0 
70 28006 79.0 
76 30659 84.0 
106 42411 85.0 
110 44157 87.0 
153 61372 88.0 
159 63613 89.0 
163 65211 90.0 
167 67012 92.0 
200 80112 95.0 
223 89229 96.0 
254 101983 97.0 
259 103917 98.0 
289 115701 99.0 
299 119775 100.0 
==== END RUN ====
0 1 54.0 
0 13 55.0 
0 16 60.0 
0 25 63.0 
1 471 65.0 
6 2695 66.0 
8 3261 70.0 
28 11524 72.0 
40 16111 74.0 
46 18578 75.0 
56 22700 77.0 
70 28267 78.0 
80 32203 79.0 
93 37465 80.0 
101 40423 81.0 
103 41293 84.0 
126 50563 85.0 
136 54755 86.0 
147 58822 87.0 
155 62065 88.0 
160 64277 89.0 
168 67497 90.0 
185 74261 91.0 
188 75301 92.0 
209 83875 93.0 
210 84381 95.0 
221 88402 96.0 
259 103929 97.0 
263 105349 98.0 
266 106595 100.0 
==== END RUN ====
0 1 52.0 
0 5 55.0 
0 9 60.0 
0 27 62.0 
0 105 63.0 
1 415 70.0 
32 13088 73.0 
56 22453 74.0 
59 23885 75.0 
64 25989 76.0 
71 28751 78.0 
75 30133 79.0 
96 38713 80.0 
104 41905 84.0 
141 56508 86.0 
150 60243 87.0 
154 61629 88.0 
176 70418 90.0 
178 71297 91.0 
210 84051 92.0 
222 88884 93.0 
223 89305 94.0 
229 91718 95.0 
236 94645 96.0 
257 102801 97.0 
282 113177 98.0 
287 115033 99.0 
309 123851 100.0 
==== END RUN ====
0 1 45.0 
0 2 46.0 
0 3 57.0 
0 17 64.0 
1 480 67.0 
5 2317 69.0 
9 3945 75.0 
42 16974 82.0 
102 40849 84.0 
110 44294 85.0 
140 56307 86.0 
143 57250 87.0 
156 62742 88.0 
157 62911 89.0 
172 69071 92.0 
185 74211 93.0 
199 79619 94.0 
216 86437 95.0 
217 87049 96.0 
234 93635 97.0 
254 101941 98.0 
277 111051 99.0 
296 118719 100.0 
==== END RUN ====
0 1 56.0 
0 15 58.0 
0 25 66.0 
2 877 67.0 
2 1064 68.0 
21 8614 69.0 
22 8935 72.0 
54 21808 74.0 
54 21951 77.0 
71 28491 81.0 
113 45465 85.0 
134 53629 86.0 
134 53661 87.0 
156 62767 88.0 
160 64057 90.0 
173 69303 92.0 
200 80154 93.0 
201 80772 94.0 
222 88810 96.0 
255 102241 97.0 
262 104975 98.0 
281 112441 99.0 
312 125045 100.0 
==== END RUN ====
