0 1 37.0 
0 5 43.0 
0 20 52.0 
0 380 53.0 
0 573 54.0 
20 16423 56.0 
33 26647 57.0 
41 33036 58.0 
52 42004 59.0 
83 66937 60.0 
96 76817 62.0 
107 86168 64.0 
131 104934 65.0 
141 113404 68.0 
166 133338 70.0 
168 134882 72.0 
212 169924 73.0 
216 173189 75.0 
236 189472 76.0 
243 195064 78.0 
250 200446 79.0 
295 236148 80.0 
==== END RUN ====
0 1 24.0 
0 2 40.0 
0 6 43.0 
0 9 45.0 
0 15 47.0 
0 606 51.0 
4 3400 53.0 
10 8233 55.0 
20 16717 56.0 
37 29937 57.0 
40 32294 58.0 
59 47981 59.0 
67 53764 62.0 
99 79503 63.0 
107 85935 65.0 
131 105444 66.0 
137 109931 67.0 
144 115698 68.0 
156 125271 70.0 
163 130584 71.0 
187 149642 72.0 
193 154699 73.0 
202 162065 74.0 
212 170392 75.0 
221 177282 76.0 
223 178737 77.0 
239 191306 78.0 
253 202918 79.0 
278 223200 80.0 
==== END RUN ====
0 1 37.0 
0 2 46.0 
0 28 48.0 
0 78 49.0 
1 1217 51.0 
2 2095 55.0 
7 5711 57.0 
21 16906 59.0 
66 52884 61.0 
95 76238 63.0 
123 98943 66.0 
154 123514 67.0 
158 126445 68.0 
179 143484 69.0 
188 151084 70.0 
193 154659 71.0 
194 155544 72.0 
204 163942 75.0 
230 184232 76.0 
248 198698 77.0 
258 206924 78.0 
277 221640 79.0 
295 236014 80.0 
==== END RUN ====
0 1 39.0 
0 17 40.0 
0 24 41.0 
0 34 42.0 
0 43 45.0 
0 176 46.0 
0 177 51.0 
3 3173 54.0 
10 8209 55.0 
16 13425 59.0 
71 57256 62.0 
75 60706 63.0 
113 91108 64.0 
125 100331 65.0 
133 106987 66.0 
134 107780 67.0 
150 120683 69.0 
160 128519 70.0 
170 136089 71.0 
186 148988 73.0 
198 158645 74.0 
206 165158 75.0 
217 173818 77.0 
249 199454 78.0 
257 205916 79.0 
265 212698 80.0 
==== END RUN ====
0 1 34.0 
0 4 38.0 
0 8 46.0 
0 31 47.0 
0 64 51.0 
0 287 52.0 
2 2253 53.0 
6 5450 54.0 
12 10109 59.0 
66 52813 61.0 
103 82600 63.0 
119 95771 65.0 
130 104635 66.0 
135 108142 67.0 
160 128780 68.0 
164 131666 70.0 
168 134678 73.0 
196 157314 74.0 
208 166560 75.0 
226 181253 76.0 
239 191636 77.0 
243 194912 78.0 
265 212112 79.0 
274 219260 80.0 
==== END RUN ====
0 1 34.0 
0 3 38.0 
0 4 41.0 
0 10 42.0 
0 26 43.0 
0 100 45.0 
0 107 46.0 
0 114 50.0 
0 240 51.0 
3 2497 52.0 
4 3485 54.0 
32 26044 55.0 
41 32862 56.0 
47 38321 58.0 
63 50701 59.0 
102 81914 60.0 
117 94206 61.0 
119 95599 62.0 
124 99724 63.0 
137 110266 65.0 
153 122446 66.0 
156 125480 67.0 
162 130208 68.0 
180 144104 69.0 
185 148556 70.0 
186 149572 71.0 
205 164172 72.0 
214 171708 73.0 
220 176442 74.0 
224 179864 75.0 
240 192328 76.0 
240 192688 77.0 
264 211626 79.0 
291 232900 80.0 
==== END RUN ====
0 1 37.0 
0 5 38.0 
0 7 40.0 
0 12 41.0 
0 31 42.0 
0 47 43.0 
0 75 44.0 
0 79 46.0 
0 115 52.0 
0 271 55.0 
4 3867 58.0 
26 21177 60.0 
81 65063 61.0 
110 88476 65.0 
135 108210 66.0 
155 124568 67.0 
169 135431 69.0 
181 144852 70.0 
184 147276 71.0 
186 149426 72.0 
203 162422 73.0 
213 170550 75.0 
217 173874 76.0 
234 187954 77.0 
235 188248 78.0 
277 221886 79.0 
293 234706 80.0 
==== END RUN ====
0 1 30.0 
0 2 36.0 
0 4 40.0 
0 5 42.0 
0 10 43.0 
0 36 44.0 
0 80 48.0 
0 196 50.0 
2 2394 52.0 
5 4641 53.0 
8 6415 57.0 
27 21838 58.0 
48 39103 59.0 
86 69405 60.0 
87 69665 65.0 
142 113747 66.0 
155 124408 68.0 
165 132297 70.0 
185 148316 71.0 
185 148674 73.0 
214 171897 74.0 
224 179264 75.0 
236 189036 76.0 
238 191078 77.0 
251 201582 78.0 
272 218298 79.0 
287 229786 80.0 
==== END RUN ====
0 1 37.0 
0 13 41.0 
0 14 42.0 
0 15 44.0 
0 67 48.0 
0 526 51.0 
1 838 52.0 
4 3535 53.0 
5 4339 55.0 
9 7723 56.0 
16 13208 57.0 
34 27360 60.0 
73 58646 62.0 
98 78692 64.0 
105 84674 65.0 
119 95878 67.0 
135 108702 70.0 
160 128440 73.0 
176 141049 75.0 
199 159688 76.0 
207 166387 77.0 
225 180246 78.0 
236 188810 79.0 
260 208006 80.0 
==== END RUN ====
0 1 34.0 
0 2 38.0 
0 9 41.0 
0 26 43.0 
0 54 44.0 
0 105 47.0 
0 190 48.0 
0 704 49.0 
1 1116 50.0 
1 1462 51.0 
2 2056 52.0 
2 2205 53.0 
6 5255 56.0 
15 12319 62.0 
64 51686 64.0 
120 96169 65.0 
133 106596 68.0 
156 125290 70.0 
164 131928 71.0 
168 134713 73.0 
185 148014 76.0 
234 187252 77.0 
239 191341 79.0 
263 210638 80.0 
==== END RUN ====
0 1 31.0 
0 2 33.0 
0 3 45.0 
0 89 47.0 
0 302 52.0 
3 3136 53.0 
14 11838 57.0 
46 37359 59.0 
58 47085 60.0 
88 70571 61.0 
101 81558 62.0 
103 82869 63.0 
122 97760 65.0 
131 105516 68.0 
142 113876 70.0 
160 128048 71.0 
184 147554 72.0 
197 157818 73.0 
197 158250 74.0 
200 160350 75.0 
213 171075 76.0 
231 185418 77.0 
234 187577 78.0 
260 208460 79.0 
272 217846 80.0 
==== END RUN ====
0 1 37.0 
0 5 44.0 
0 40 48.0 
0 201 50.0 
1 969 51.0 
2 2125 52.0 
4 3222 53.0 
5 4709 54.0 
13 10797 56.0 
21 17429 57.0 
32 26310 58.0 
62 50381 60.0 
64 51926 61.0 
82 66321 64.0 
125 100174 66.0 
127 102004 67.0 
147 117676 68.0 
150 120413 69.0 
157 125814 70.0 
165 132572 71.0 
182 145774 72.0 
183 146440 73.0 
198 159003 75.0 
202 162272 76.0 
225 180592 77.0 
232 185650 78.0 
243 194738 79.0 
265 212410 80.0 
==== END RUN ====
0 1 37.0 
0 3 42.0 
0 11 48.0 
0 441 49.0 
0 574 50.0 
1 984 54.0 
13 10753 55.0 
33 26732 57.0 
39 31222 60.0 
75 60608 61.0 
121 97062 63.0 
130 104105 67.0 
160 128034 68.0 
170 136607 69.0 
184 147820 70.0 
187 149830 74.0 
226 180937 75.0 
262 209756 76.0 
265 212242 77.0 
268 214520 78.0 
288 230434 79.0 
308 247182 80.0 
==== END RUN ====
0 1 35.0 
0 2 39.0 
0 17 43.0 
0 28 46.0 
0 63 47.0 
0 480 50.0 
1 1172 51.0 
2 1826 52.0 
4 3833 59.0 
87 69883 61.0 
89 71878 62.0 
124 99638 65.0 
131 105508 66.0 
149 119632 68.0 
172 137915 70.0 
176 141208 71.0 
183 146666 72.0 
203 163039 74.0 
229 183742 75.0 
233 186758 77.0 
256 205264 80.0 
==== END RUN ====
0 1 40.0 
0 11 50.0 
0 310 53.0 
0 465 57.0 
43 34439 58.0 
71 57087 60.0 
97 78184 61.0 
102 82078 66.0 
162 130186 69.0 
168 134906 71.0 
187 149954 72.0 
196 157351 73.0 
209 167545 74.0 
221 177030 76.0 
243 194982 77.0 
244 195772 78.0 
258 206930 79.0 
296 236832 80.0 
==== END RUN ====
0 1 32.0 
0 2 43.0 
0 81 45.0 
0 86 51.0 
0 519 52.0 
0 712 56.0 
40 32470 57.0 
47 38096 59.0 
94 75778 61.0 
94 75823 64.0 
103 83045 65.0 
124 99614 68.0 
162 130324 69.0 
164 131430 71.0 
192 153788 72.0 
200 160110 73.0 
208 167004 74.0 
210 168656 76.0 
243 195164 77.0 
244 195992 78.0 
277 221903 79.0 
287 229782 80.0 
==== END RUN ====
0 1 23.0 
0 2 29.0 
0 3 41.0 
0 34 43.0 
0 38 44.0 
0 118 45.0 
0 294 47.0 
0 482 48.0 
1 1367 51.0 
3 2622 53.0 
3 2742 58.0 
47 37646 59.0 
72 57652 60.0 
98 78802 62.0 
106 85432 64.0 
117 94315 65.0 
126 101370 66.0 
152 121762 69.0 
185 148302 71.0 
196 156996 73.0 
213 170793 75.0 
232 186342 76.0 
253 202834 77.0 
262 210336 78.0 
278 222874 79.0 
298 238444 80.0 
==== END RUN ====
0 1 39.0 
0 6 52.0 
0 19 53.0 
6 5257 54.0 
14 11732 55.0 
16 13267 57.0 
25 20368 59.0 
74 59650 62.0 
102 82329 63.0 
111 88808 66.0 
143 114410 69.0 
145 116401 71.0 
179 143212 74.0 
194 155932 76.0 
227 181744 77.0 
242 193872 78.0 
265 212076 79.0 
279 223844 80.0 
==== END RUN ====
0 1 40.0 
0 3 43.0 
0 14 51.0 
2 2269 52.0 
8 6530 53.0 
10 8421 55.0 
13 10761 59.0 
65 52787 60.0 
71 57600 62.0 
115 92371 63.0 
119 95223 64.0 
126 101210 65.0 
130 104705 68.0 
151 121324 69.0 
176 141068 70.0 
179 143670 73.0 
216 173078 74.0 
226 181360 75.0 
239 191222 76.0 
251 200928 77.0 
261 209044 78.0 
266 212818 79.0 
304 243402 80.0 
==== END RUN ====
0 1 29.0 
0 2 31.0 
0 3 36.0 
0 6 43.0 
0 15 47.0 
0 58 49.0 
2 2145 53.0 
3 2756 55.0 
19 15902 56.0 
34 27515 59.0 
70 56168 60.0 
78 62943 61.0 
101 81072 63.0 
107 85810 64.0 
123 98780 65.0 
146 116841 66.0 
148 118420 67.0 
150 120268 68.0 
158 126600 69.0 
166 133566 70.0 
187 149746 72.0 
188 151064 73.0 
211 168980 74.0 
220 176488 75.0 
226 181476 76.0 
240 192252 77.0 
258 206540 78.0 
271 217536 79.0 
286 229046 80.0 
==== END RUN ====
0 1 32.0 
0 2 42.0 
0 41 43.0 
0 128 50.0 
0 358 51.0 
3 2724 54.0 
11 9178 55.0 
21 17420 56.0 
23 18868 57.0 
67 54390 58.0 
98 78761 59.0 
104 83736 60.0 
105 84536 63.0 
106 85393 65.0 
140 112234 66.0 
148 118660 67.0 
163 130852 68.0 
172 137780 69.0 
182 145874 70.0 
189 151475 72.0 
205 164301 75.0 
221 177326 76.0 
251 201202 77.0 
258 206404 79.0 
287 230226 80.0 
==== END RUN ====
0 1 48.0 
0 58 52.0 
4 3428 53.0 
5 4478 54.0 
5 4556 56.0 
44 35580 57.0 
71 57225 58.0 
79 63688 59.0 
86 68913 60.0 
88 70676 61.0 
104 83518 62.0 
113 91067 63.0 
136 109410 65.0 
143 114949 67.0 
158 126773 68.0 
173 138746 69.0 
176 140975 70.0 
186 149308 71.0 
188 150920 74.0 
212 170326 75.0 
225 180734 76.0 
243 195078 78.0 
260 208076 79.0 
290 232768 80.0 
==== END RUN ====
0 1 44.0 
0 10 45.0 
0 88 46.0 
0 254 47.0 
0 353 48.0 
0 578 49.0 
1 991 50.0 
1 1018 52.0 
2 1930 55.0 
9 7797 58.0 
58 47128 60.0 
94 75422 61.0 
106 85340 62.0 
111 89444 64.0 
124 99683 65.0 
143 114946 66.0 
148 118666 67.0 
159 127671 69.0 
179 143515 71.0 
200 160469 72.0 
203 162604 73.0 
205 164184 74.0 
211 169206 75.0 
232 185767 76.0 
238 191026 77.0 
259 207378 78.0 
277 221662 79.0 
291 233234 80.0 
==== END RUN ====
0 1 35.0 
0 4 43.0 
0 12 48.0 
0 365 52.0 
3 2528 54.0 
27 22071 57.0 
45 36633 59.0 
58 47043 62.0 
107 85660 63.0 
139 111221 66.0 
151 121504 67.0 
158 126914 68.0 
160 128466 69.0 
178 142524 70.0 
192 154328 71.0 
203 163026 72.0 
208 166529 73.0 
213 170440 74.0 
233 187177 77.0 
258 206508 78.0 
269 215484 79.0 
290 232132 80.0 
==== END RUN ====
0 1 34.0 
0 2 35.0 
0 7 38.0 
0 8 41.0 
0 14 49.0 
3 2452 53.0 
5 4053 55.0 
5 4103 58.0 
56 45386 64.0 
113 91052 65.0 
123 99187 68.0 
157 125705 69.0 
168 135177 70.0 
170 136287 71.0 
179 143388 73.0 
197 157773 75.0 
223 178596 76.0 
227 181742 77.0 
246 197219 78.0 
271 217096 79.0 
289 231354 80.0 
==== END RUN ====
0 1 39.0 
0 3 40.0 
0 10 41.0 
0 26 47.0 
0 32 50.0 
1 958 52.0 
1 1242 54.0 
5 4548 58.0 
42 34173 60.0 
100 80449 61.0 
105 84550 63.0 
122 98244 64.0 
127 102054 65.0 
144 115513 66.0 
156 124897 67.0 
160 128198 68.0 
169 135704 69.0 
171 137524 70.0 
180 144100 71.0 
192 153752 72.0 
207 166158 73.0 
216 173592 74.0 
221 176844 76.0 
227 182218 77.0 
239 191706 78.0 
272 217840 79.0 
286 229080 80.0 
==== END RUN ====
0 1 37.0 
0 2 44.0 
0 73 46.0 
0 311 47.0 
0 617 48.0 
1 1103 49.0 
1 1527 52.0 
2 2309 53.0 
5 4407 56.0 
54 43947 59.0 
84 67286 60.0 
90 72468 63.0 
123 99158 66.0 
132 105800 67.0 
135 108780 69.0 
173 138724 71.0 
190 152640 73.0 
203 163170 74.0 
213 170920 75.0 
216 172832 76.0 
241 193066 77.0 
250 200258 78.0 
265 212586 79.0 
275 220676 80.0 
==== END RUN ====
0 1 37.0 
0 6 38.0 
0 10 46.0 
0 48 47.0 
0 600 49.0 
1 1305 52.0 
4 3322 58.0 
26 20925 61.0 
108 87191 64.0 
111 89114 67.0 
155 124338 68.0 
165 132268 70.0 
180 144425 71.0 
193 154484 72.0 
205 164716 73.0 
214 171212 74.0 
215 172356 76.0 
236 189230 77.0 
247 198266 79.0 
283 226846 80.0 
==== END RUN ====
0 1 32.0 
0 2 35.0 
0 4 38.0 
0 8 39.0 
0 13 40.0 
0 18 42.0 
0 24 43.0 
0 36 44.0 
0 45 47.0 
0 120 54.0 
1 969 57.0 
66 53467 58.0 
84 67388 59.0 
102 82281 60.0 
104 83450 64.0 
125 100643 66.0 
139 111212 67.0 
154 123365 68.0 
177 141692 69.0 
178 142584 70.0 
179 143379 71.0 
183 146960 72.0 
201 161332 74.0 
206 165468 75.0 
230 184248 76.0 
236 189572 77.0 
253 203016 78.0 
270 216500 80.0 
==== END RUN ====
0 1 35.0 
0 5 41.0 
0 9 44.0 
0 85 51.0 
2 1977 52.0 
7 6214 53.0 
9 7206 55.0 
16 13399 57.0 
39 31233 59.0 
70 56440 60.0 
97 78311 61.0 
98 78877 64.0 
107 85672 65.0 
125 100562 67.0 
139 111616 69.0 
152 121873 71.0 
161 129253 72.0 
183 146499 73.0 
200 160784 74.0 
206 164986 75.0 
212 170212 76.0 
223 179050 77.0 
231 185470 78.0 
249 199308 79.0 
262 210148 80.0 
==== END RUN ====
0 1 38.0 
0 4 42.0 
0 10 45.0 
0 64 53.0 
1 947 54.0 
8 7189 55.0 
16 13560 59.0 
92 73735 65.0 
134 107232 66.0 
143 114687 67.0 
155 124691 71.0 
180 144018 72.0 
196 157078 73.0 
198 158844 74.0 
212 170256 75.0 
228 182594 77.0 
234 187236 78.0 
248 198864 79.0 
278 222726 80.0 
==== END RUN ====
0 1 37.0 
0 2 42.0 
0 18 45.0 
0 95 51.0 
2 2211 53.0 
6 5231 54.0 
20 16477 56.0 
31 24925 57.0 
52 42385 59.0 
78 62414 61.0 
109 87450 64.0 
127 101763 68.0 
151 120916 70.0 
167 134295 71.0 
179 143614 72.0 
183 146989 74.0 
205 164590 75.0 
206 164832 76.0 
231 185228 77.0 
254 203416 78.0 
271 217042 79.0 
288 230848 80.0 
==== END RUN ====
0 1 37.0 
0 4 41.0 
0 5 43.0 
0 41 45.0 
0 50 49.0 
0 694 53.0 
2 1733 54.0 
29 23545 55.0 
36 29178 60.0 
89 71237 61.0 
129 103416 62.0 
131 105513 63.0 
134 107690 64.0 
152 121697 66.0 
168 134876 68.0 
169 135572 69.0 
180 144234 70.0 
193 154678 71.0 
194 155677 73.0 
225 180298 74.0 
228 182544 75.0 
247 198250 76.0 
260 208453 77.0 
263 210710 78.0 
283 226772 79.0 
303 242438 80.0 
==== END RUN ====
0 1 40.0 
0 3 48.0 
2 1763 49.0 
2 2032 50.0 
4 3638 52.0 
9 7910 53.0 
9 7937 54.0 
11 9457 55.0 
33 26752 58.0 
58 46960 59.0 
73 58845 62.0 
115 92326 64.0 
136 109576 65.0 
147 118230 66.0 
168 134576 67.0 
171 137336 69.0 
190 152092 71.0 
197 157832 72.0 
199 159428 73.0 
218 174556 74.0 
231 184836 75.0 
242 194074 77.0 
265 212484 78.0 
265 212670 79.0 
299 239776 80.0 
==== END RUN ====
0 1 27.0 
0 2 38.0 
0 7 39.0 
0 10 42.0 
0 25 43.0 
0 27 44.0 
0 36 45.0 
0 71 48.0 
0 136 50.0 
0 217 55.0 
5 4285 56.0 
27 22052 58.0 
54 43230 59.0 
62 50023 63.0 
124 99899 64.0 
132 106135 66.0 
163 131168 68.0 
177 142318 69.0 
190 152178 70.0 
195 156594 71.0 
208 167053 72.0 
223 178766 73.0 
230 184550 74.0 
243 195128 75.0 
250 200662 76.0 
262 210199 78.0 
270 216270 79.0 
308 247192 80.0 
==== END RUN ====
0 1 36.0 
0 4 38.0 
0 5 45.0 
0 31 52.0 
0 371 53.0 
7 5822 54.0 
12 9766 55.0 
29 23692 57.0 
86 69231 58.0 
88 70484 59.0 
99 79540 60.0 
112 89844 64.0 
117 94166 65.0 
146 117112 67.0 
166 132822 68.0 
166 132888 70.0 
198 158544 71.0 
204 163454 72.0 
205 164332 77.0 
246 196801 78.0 
289 231710 79.0 
291 233126 80.0 
==== END RUN ====
0 1 33.0 
0 3 38.0 
0 6 40.0 
0 9 43.0 
0 26 44.0 
0 60 47.0 
0 207 50.0 
3 3043 56.0 
10 8636 57.0 
26 21370 59.0 
53 42568 60.0 
102 81704 65.0 
138 111196 66.0 
140 112406 68.0 
146 116908 69.0 
167 133882 70.0 
173 138555 71.0 
178 142446 73.0 
207 166138 74.0 
213 170895 75.0 
216 173230 76.0 
229 183368 77.0 
251 200866 78.0 
260 208148 79.0 
290 232070 80.0 
==== END RUN ====
0 1 42.0 
0 21 44.0 
0 29 45.0 
0 222 48.0 
1 904 49.0 
2 1628 50.0 
3 2732 52.0 
6 5512 54.0 
19 15260 56.0 
28 22538 58.0 
83 66847 60.0 
93 74777 62.0 
117 94051 63.0 
129 103462 64.0 
131 105526 65.0 
143 115143 67.0 
148 118866 69.0 
169 135918 70.0 
182 146102 71.0 
191 152860 73.0 
208 167146 75.0 
237 189718 76.0 
243 194998 77.0 
254 203839 78.0 
274 219370 79.0 
277 222250 80.0 
==== END RUN ====
0 1 34.0 
0 2 38.0 
0 9 45.0 
0 24 48.0 
0 370 50.0 
0 455 53.0 
12 10288 54.0 
14 11438 55.0 
15 12229 59.0 
74 59691 61.0 
106 85562 64.0 
125 100076 65.0 
132 106213 66.0 
146 117344 68.0 
170 136002 69.0 
192 153844 70.0 
194 155550 72.0 
203 162644 73.0 
216 173522 74.0 
223 178919 75.0 
243 194622 76.0 
244 195980 78.0 
282 226400 79.0 
295 236800 80.0 
==== END RUN ====
0 1 36.0 
0 5 37.0 
0 11 40.0 
0 19 43.0 
0 24 48.0 
1 812 50.0 
1 826 53.0 
8 6535 54.0 
15 12444 56.0 
16 13050 58.0 
21 17282 59.0 
61 49282 60.0 
90 72524 61.0 
97 77752 62.0 
109 87643 68.0 
147 117896 69.0 
175 140691 70.0 
177 141638 71.0 
191 153512 73.0 
193 154442 74.0 
210 168203 75.0 
219 175811 77.0 
241 193390 78.0 
264 211550 79.0 
285 228186 80.0 
==== END RUN ====
0 1 20.0 
0 2 30.0 
0 4 34.0 
0 7 42.0 
0 11 43.0 
0 34 44.0 
0 60 45.0 
0 93 48.0 
0 130 49.0 
1 1219 50.0 
2 2259 52.0 
4 3777 53.0 
5 4384 58.0 
9 7299 59.0 
71 57053 61.0 
84 67481 62.0 
90 72742 64.0 
112 89698 65.0 
132 105896 68.0 
147 118086 69.0 
156 125318 70.0 
160 128100 71.0 
184 147770 73.0 
191 153559 74.0 
198 158702 75.0 
226 181471 76.0 
230 184756 77.0 
250 200064 78.0 
251 200904 79.0 
282 226300 80.0 
==== END RUN ====
0 1 29.0 
0 2 35.0 
0 7 38.0 
0 12 41.0 
0 22 44.0 
0 60 45.0 
0 193 47.0 
0 211 49.0 
0 690 50.0 
1 1168 52.0 
1 1180 53.0 
5 4404 54.0 
8 6473 56.0 
25 20438 57.0 
40 32516 58.0 
69 55390 61.0 
78 62557 63.0 
121 97510 64.0 
122 97889 65.0 
145 116483 66.0 
149 119226 67.0 
157 126197 68.0 
166 133125 69.0 
172 137632 70.0 
177 141666 72.0 
199 159715 73.0 
202 162008 74.0 
219 175292 75.0 
224 179216 76.0 
228 182675 78.0 
253 202720 79.0 
291 233064 80.0 
==== END RUN ====
0 1 36.0 
0 2 38.0 
0 23 39.0 
0 43 41.0 
0 49 43.0 
0 62 44.0 
0 101 45.0 
0 286 50.0 
1 1187 52.0 
11 8809 56.0 
18 15019 57.0 
58 46491 59.0 
91 73252 61.0 
92 73897 62.0 
107 85921 64.0 
134 107618 65.0 
135 108696 66.0 
140 112471 67.0 
158 126958 68.0 
166 133196 69.0 
184 147338 71.0 
201 161008 73.0 
211 169268 74.0 
239 191625 75.0 
242 194368 76.0 
251 201520 77.0 
259 207725 78.0 
275 220390 79.0 
299 239746 80.0 
==== END RUN ====
0 1 28.0 
0 2 35.0 
0 5 43.0 
0 63 44.0 
0 82 46.0 
0 134 47.0 
0 175 48.0 
0 234 50.0 
1 990 54.0 
7 6337 56.0 
11 9127 57.0 
68 54833 58.0 
90 72078 60.0 
101 80948 61.0 
102 81756 64.0 
116 93481 66.0 
145 116234 68.0 
175 140541 69.0 
190 152576 70.0 
190 152721 72.0 
212 169854 75.0 
233 187184 76.0 
243 194954 77.0 
272 218310 78.0 
274 219706 79.0 
297 238360 80.0 
==== END RUN ====
0 1 37.0 
0 8 43.0 
0 35 44.0 
0 85 48.0 
1 1052 49.0 
1 1356 50.0 
2 2167 54.0 
19 15694 55.0 
19 15760 56.0 
22 17831 57.0 
48 38764 58.0 
68 54606 59.0 
75 60230 60.0 
88 71162 61.0 
94 75584 62.0 
105 84028 63.0 
105 84586 65.0 
118 94587 66.0 
137 110160 67.0 
140 112109 68.0 
140 112150 69.0 
148 118870 70.0 
162 130238 71.0 
164 131484 72.0 
181 145342 73.0 
196 156895 74.0 
207 165810 75.0 
214 171672 76.0 
232 185898 77.0 
237 190067 78.0 
260 208520 79.0 
271 217562 80.0 
==== END RUN ====
0 1 32.0 
0 3 45.0 
0 219 46.0 
0 299 51.0 
0 632 56.0 
19 15792 59.0 
83 66508 61.0 
94 75757 62.0 
114 91226 63.0 
119 95480 64.0 
131 105014 65.0 
139 111905 66.0 
152 122072 67.0 
168 135024 69.0 
177 142368 72.0 
216 173360 73.0 
222 177632 75.0 
237 190252 76.0 
259 207886 77.0 
279 223912 78.0 
287 230198 79.0 
307 246214 80.0 
==== END RUN ====
0 1 30.0 
0 5 33.0 
0 8 41.0 
0 67 42.0 
0 97 43.0 
0 152 44.0 
0 173 46.0 
0 508 47.0 
0 572 51.0 
3 3112 52.0 
4 3280 54.0 
12 9827 55.0 
29 23788 58.0 
55 44560 61.0 
95 76528 62.0 
104 83384 64.0 
135 108050 65.0 
141 113198 66.0 
153 122444 72.0 
200 160306 74.0 
217 173988 75.0 
230 184594 76.0 
241 192946 79.0 
251 201450 80.0 
==== END RUN ====
0 1 30.0 
0 3 31.0 
0 6 33.0 
0 8 37.0 
0 13 45.0 
0 109 46.0 
0 243 58.0 
67 53606 60.0 
105 84400 61.0 
106 85329 62.0 
123 98914 66.0 
152 122171 68.0 
157 126260 69.0 
172 138360 72.0 
208 166614 73.0 
223 178705 75.0 
232 186347 76.0 
244 195980 77.0 
261 209186 78.0 
270 216772 79.0 
303 243162 80.0 
==== END RUN ====
0 1 26.0 
0 2 29.0 
0 3 32.0 
0 7 42.0 
0 11 44.0 
0 28 48.0 
0 269 49.0 
1 937 50.0 
1 1223 51.0 
4 3201 54.0 
18 14508 55.0 
50 40152 57.0 
61 49210 59.0 
93 75068 60.0 
100 80401 61.0 
108 86626 62.0 
110 88309 63.0 
115 92394 64.0 
124 99995 65.0 
140 112674 66.0 
144 115350 67.0 
145 116527 68.0 
155 124710 69.0 
163 130956 70.0 
172 138224 71.0 
177 142198 72.0 
185 148672 73.0 
203 162966 75.0 
214 171946 76.0 
221 176920 77.0 
252 202268 78.0 
265 212748 79.0 
295 236348 80.0 
==== END RUN ====
0 1 28.0 
0 2 35.0 
0 3 36.0 
0 5 45.0 
0 27 46.0 
0 156 48.0 
0 162 49.0 
0 543 52.0 
5 4157 53.0 
6 5205 54.0 
13 10804 57.0 
23 18870 58.0 
35 28731 59.0 
68 55002 69.0 
141 112972 70.0 
163 130608 71.0 
173 138964 74.0 
199 159216 75.0 
225 180320 77.0 
237 190304 78.0 
249 199572 79.0 
281 225556 80.0 
==== END RUN ====
